time,.data
2019/09/06/14:48:08.702098,0.994999945164
2019/09/06/14:48:08.705690,0.995399951935
2019/09/06/14:48:08.709635,0.995799958706
2019/09/06/14:48:08.713710,0.996199965477
2019/09/06/14:48:08.717712,0.996599972248
2019/09/06/14:48:08.721673,0.996999979019
2019/09/06/14:48:08.725815,0.99739998579
2019/09/06/14:48:08.729713,0.997799992561
2019/09/06/14:48:08.734072,0.998199999332
2019/09/06/14:48:08.737887,0.998600006104
2019/09/06/14:48:08.742440,0.999000012875
2019/09/06/14:48:08.745878,0.999400019646
2019/09/06/14:48:08.749736,0.999800026417
2019/09/06/14:48:08.753873,1.00020003319
2019/09/06/14:48:08.757879,1.00059998035
2019/09/06/14:48:08.761866,1.00099992752
2019/09/06/14:48:08.765998,1.00139987469
2019/09/06/14:48:08.769977,1.00179982185
2019/09/06/14:48:08.774023,1.00219976902
2019/09/06/14:48:08.777861,1.00259971619
2019/09/06/14:48:08.782036,1.00299966335
2019/09/06/14:48:08.786126,1.00339961052
2019/09/06/14:48:08.790365,1.00379955769
2019/09/06/14:48:08.794190,1.00419950485
2019/09/06/14:48:08.798218,1.00459945202
2019/09/06/14:48:08.801908,1.00499939919
2019/09/06/14:48:08.805986,1.00539934635
2019/09/06/14:48:08.810218,1.00579929352
2019/09/06/14:48:08.814138,1.00619924068
2019/09/06/14:48:08.818235,1.00659918785
2019/09/06/14:48:08.822154,1.00699913502
2019/09/06/14:48:08.826136,1.00739908218
2019/09/06/14:48:08.830199,1.00779902935
2019/09/06/14:48:08.833929,1.00819897652
2019/09/06/14:48:08.838063,1.00859892368
2019/09/06/14:48:08.841911,1.00899887085
2019/09/06/14:48:08.845765,1.00939881802
2019/09/06/14:48:08.849885,1.00979876518
2019/09/06/14:48:08.853902,1.01019871235
2019/09/06/14:48:08.857772,1.01059865952
2019/09/06/14:48:08.861900,1.01099860668
2019/09/06/14:48:08.866354,1.01139855385
2019/09/06/14:48:08.870070,1.01179850101
2019/09/06/14:48:08.874042,1.01219844818
2019/09/06/14:48:08.878170,1.01259839535
2019/09/06/14:48:08.881872,1.01299834251
2019/09/06/14:48:08.885754,1.01339828968
2019/09/06/14:48:08.889657,1.01379823685
2019/09/06/14:48:08.893770,1.01419818401
2019/09/06/14:48:08.897792,1.01459813118
2019/09/06/14:48:08.901755,1.01499807835
2019/09/06/14:48:08.906049,1.01539802551
2019/09/06/14:48:08.909820,1.01579797268
2019/09/06/14:48:08.914013,1.01619791985
2019/09/06/14:48:08.918006,1.01659786701
2019/09/06/14:48:08.922071,1.01699781418
2019/09/06/14:48:08.926073,1.01739776134
2019/09/06/14:48:08.929979,1.01779770851
2019/09/06/14:48:08.934301,1.01819765568
2019/09/06/14:48:08.938216,1.01859760284
2019/09/06/14:48:08.942231,1.01899755001
2019/09/06/14:48:08.945913,1.01939749718
2019/09/06/14:48:08.949981,1.01979744434
2019/09/06/14:48:08.954056,1.02019739151
2019/09/06/14:48:08.958246,1.02059733868
2019/09/06/14:48:08.962064,1.02099728584
2019/09/06/14:48:08.966251,1.02139723301
2019/09/06/14:48:08.970321,1.02179718018
2019/09/06/14:48:08.974267,1.02219712734
2019/09/06/14:48:08.977942,1.02259707451
2019/09/06/14:48:08.982348,1.02299702168
2019/09/06/14:48:08.987205,1.02339696884
2019/09/06/14:48:08.990088,1.02379691601
2019/09/06/14:48:08.994037,1.02419686317
2019/09/06/14:48:08.998002,1.02459681034
2019/09/06/14:48:09.001891,1.02499675751
2019/09/06/14:48:09.006136,1.02539670467
2019/09/06/14:48:09.010414,1.02579665184
2019/09/06/14:48:09.014477,1.02619659901
2019/09/06/14:48:09.018184,1.02659654617
2019/09/06/14:48:09.022125,1.02699649334
2019/09/06/14:48:09.026158,1.02739644051
2019/09/06/14:48:09.030279,1.02779638767
2019/09/06/14:48:09.034188,1.02819633484
2019/09/06/14:48:09.038037,1.02859628201
2019/09/06/14:48:09.042129,1.02899622917
2019/09/06/14:48:09.046041,1.02939617634
2019/09/06/14:48:09.050182,1.0297961235
2019/09/06/14:48:09.054082,1.03019607067
2019/09/06/14:48:09.058077,1.03059601784
2019/09/06/14:48:09.062078,1.030995965
2019/09/06/14:48:09.066093,1.03139591217
2019/09/06/14:48:09.070266,1.03179585934
2019/09/06/14:48:09.074226,1.0321958065
2019/09/06/14:48:09.078154,1.03259575367
2019/09/06/14:48:09.082134,1.03299570084
2019/09/06/14:48:09.086210,1.033395648
2019/09/06/14:48:09.090132,1.03379559517
2019/09/06/14:48:09.093777,1.03419554234
2019/09/06/14:48:09.097993,1.0345954895
2019/09/06/14:48:09.101918,1.03499543667
2019/09/06/14:48:09.106112,1.03539538383
2019/09/06/14:48:09.110228,1.035795331
2019/09/06/14:48:09.114192,1.03619527817
2019/09/06/14:48:09.118115,1.03659522533
2019/09/06/14:48:09.122307,1.0369951725
2019/09/06/14:48:09.126211,1.03739511967
2019/09/06/14:48:09.130213,1.03779506683
2019/09/06/14:48:09.134252,1.038195014
2019/09/06/14:48:09.138129,1.03859496117
2019/09/06/14:48:09.142149,1.03899490833
2019/09/06/14:48:09.146150,1.0393948555
2019/09/06/14:48:09.150198,1.03979480267
2019/09/06/14:48:09.154137,1.04019474983
2019/09/06/14:48:09.158149,1.040594697
2019/09/06/14:48:09.162318,1.04099464417
2019/09/06/14:48:09.166026,1.04139459133
2019/09/06/14:48:09.170260,1.0417945385
2019/09/06/14:48:09.174286,1.04219448566
2019/09/06/14:48:09.178089,1.04259443283
2019/09/06/14:48:09.182312,1.04299438
2019/09/06/14:48:09.186127,1.04339432716
2019/09/06/14:48:09.189822,1.04379427433
2019/09/06/14:48:09.194028,1.0441942215
2019/09/06/14:48:09.197948,1.04459416866
2019/09/06/14:48:09.202025,1.04499411583
2019/09/06/14:48:09.205993,1.045394063
2019/09/06/14:48:09.210131,1.04579401016
2019/09/06/14:48:09.214249,1.04619395733
2019/09/06/14:48:09.218085,1.0465939045
2019/09/06/14:48:09.222185,1.04699385166
2019/09/06/14:48:09.226314,1.04739379883
2019/09/06/14:48:09.230326,1.04779374599
2019/09/06/14:48:09.234445,1.04819369316
2019/09/06/14:48:09.238123,1.04859364033
2019/09/06/14:48:09.242133,1.04899358749
2019/09/06/14:48:09.246118,1.04939353466
2019/09/06/14:48:09.250288,1.04979348183
2019/09/06/14:48:09.254223,1.05019342899
2019/09/06/14:48:09.258145,1.05059337616
2019/09/06/14:48:09.262138,1.05099332333
2019/09/06/14:48:09.266232,1.05139327049
2019/09/06/14:48:09.270283,1.05179321766
2019/09/06/14:48:09.274237,1.05219316483
2019/09/06/14:48:09.278201,1.05259311199
2019/09/06/14:48:09.282139,1.05299305916
2019/09/06/14:48:09.286427,1.05339300632
2019/09/06/14:48:09.289966,1.05379295349
2019/09/06/14:48:09.294116,1.05419290066
2019/09/06/14:48:09.298137,1.05459284782
2019/09/06/14:48:09.302155,1.05499279499
2019/09/06/14:48:09.306081,1.05539274216
2019/09/06/14:48:09.310132,1.05579268932
2019/09/06/14:48:09.314122,1.05619263649
2019/09/06/14:48:09.317990,1.05659258366
2019/09/06/14:48:09.322030,1.05699253082
2019/09/06/14:48:09.326195,1.05739247799
2019/09/06/14:48:09.330344,1.05779242516
2019/09/06/14:48:09.333861,1.05819237232
2019/09/06/14:48:09.338310,1.05859231949
2019/09/06/14:48:09.342147,1.05899226665
2019/09/06/14:48:09.346174,1.05939221382
2019/09/06/14:48:09.350340,1.05979216099
2019/09/06/14:48:09.354379,1.06019210815
2019/09/06/14:48:09.359614,1.06059205532
2019/09/06/14:48:09.362167,1.06099200249
2019/09/06/14:48:09.366247,1.06139194965
2019/09/06/14:48:09.370118,1.06179189682
2019/09/06/14:48:09.374216,1.06219184399
2019/09/06/14:48:09.378051,1.06259179115
2019/09/06/14:48:09.382132,1.06299173832
2019/09/06/14:48:09.386122,1.06339168549
2019/09/06/14:48:09.390108,1.06379163265
2019/09/06/14:48:09.394183,1.06419157982
2019/09/06/14:48:09.398168,1.06459152699
2019/09/06/14:48:09.402159,1.06499147415
2019/09/06/14:48:09.406047,1.06539142132
2019/09/06/14:48:09.410195,1.06579136848
2019/09/06/14:48:09.414117,1.06619131565
2019/09/06/14:48:09.417990,1.06659126282
2019/09/06/14:48:09.421937,1.06699120998
2019/09/06/14:48:09.426149,1.06739115715
2019/09/06/14:48:09.430078,1.06779110432
2019/09/06/14:48:09.434451,1.06819105148
2019/09/06/14:48:09.438108,1.06859099865
2019/09/06/14:48:09.442132,1.06899094582
2019/09/06/14:48:09.445995,1.06939089298
2019/09/06/14:48:09.450268,1.06979084015
2019/09/06/14:48:09.454016,1.07019078732
2019/09/06/14:48:09.458352,1.07059073448
2019/09/06/14:48:09.462196,1.07099068165
2019/09/06/14:48:09.466149,1.07139062881
2019/09/06/14:48:09.470101,1.07179057598
2019/09/06/14:48:09.474306,1.07219052315
2019/09/06/14:48:09.478053,1.07259047031
2019/09/06/14:48:09.482178,1.07299041748
2019/09/06/14:48:09.486119,1.07339036465
2019/09/06/14:48:09.490021,1.07379031181
2019/09/06/14:48:09.494119,1.07419025898
2019/09/06/14:48:09.498149,1.07459020615
2019/09/06/14:48:09.502186,1.07499015331
2019/09/06/14:48:09.506195,1.07539010048
2019/09/06/14:48:09.510135,1.07579004765
2019/09/06/14:48:09.514072,1.07618999481
2019/09/06/14:48:09.518247,1.07658994198
2019/09/06/14:48:09.522232,1.07698988914
2019/09/06/14:48:09.526152,1.07738983631
2019/09/06/14:48:09.530244,1.07778978348
2019/09/06/14:48:09.534200,1.07818973064
2019/09/06/14:48:09.538013,1.07858967781
2019/09/06/14:48:09.541993,1.07898962498
2019/09/06/14:48:09.545888,1.07938957214
2019/09/06/14:48:09.549881,1.07978951931
2019/09/06/14:48:09.553732,1.08018946648
2019/09/06/14:48:09.558108,1.08058941364
2019/09/06/14:48:09.562006,1.08098936081
2019/09/06/14:48:09.565957,1.08138930798
2019/09/06/14:48:09.570075,1.08178925514
2019/09/06/14:48:09.574369,1.08218920231
2019/09/06/14:48:09.578113,1.08258914948
2019/09/06/14:48:09.582211,1.08298909664
2019/09/06/14:48:09.586093,1.08338904381
2019/09/06/14:48:09.590174,1.08378899097
2019/09/06/14:48:09.594074,1.08418893814
2019/09/06/14:48:09.598187,1.08458888531
2019/09/06/14:48:09.602006,1.08498883247
2019/09/06/14:48:09.606133,1.08538877964
2019/09/06/14:48:09.610131,1.08578872681
2019/09/06/14:48:09.614285,1.08618867397
2019/09/06/14:48:09.618181,1.08658862114
2019/09/06/14:48:09.622159,1.08698856831
2019/09/06/14:48:09.626244,1.08738851547
2019/09/06/14:48:09.630284,1.08778846264
2019/09/06/14:48:09.634324,1.08818840981
2019/09/06/14:48:09.638264,1.08858835697
2019/09/06/14:48:09.642177,1.08898830414
2019/09/06/14:48:09.646145,1.0893882513
2019/09/06/14:48:09.650107,1.08978819847
2019/09/06/14:48:09.654085,1.09018814564
2019/09/06/14:48:09.658205,1.0905880928
2019/09/06/14:48:09.662197,1.09098803997
2019/09/06/14:48:09.666273,1.09138798714
2019/09/06/14:48:09.670373,1.0917879343
2019/09/06/14:48:09.674345,1.09218788147
2019/09/06/14:48:09.678028,1.09258782864
2019/09/06/14:48:09.682184,1.0929877758
2019/09/06/14:48:09.686005,1.09338772297
2019/09/06/14:48:09.690150,1.09378767014
2019/09/06/14:48:09.694408,1.0941876173
2019/09/06/14:48:09.698008,1.09458756447
2019/09/06/14:48:09.702206,1.09498751163
2019/09/06/14:48:09.706142,1.0953874588
2019/09/06/14:48:09.710103,1.09578740597
2019/09/06/14:48:09.714169,1.09618735313
2019/09/06/14:48:09.718204,1.0965873003
2019/09/06/14:48:09.721988,1.09698724747
2019/09/06/14:48:09.726133,1.09738719463
2019/09/06/14:48:09.730219,1.0977871418
2019/09/06/14:48:09.734090,1.09818708897
2019/09/06/14:48:09.738175,1.09858703613
2019/09/06/14:48:09.742088,1.0989869833
2019/09/06/14:48:09.746233,1.09938693047
2019/09/06/14:48:09.750142,1.09978687763
2019/09/06/14:48:09.754209,1.1001868248
2019/09/06/14:48:09.758103,1.10058677197
2019/09/06/14:48:09.762118,1.10098671913
2019/09/06/14:48:09.766170,1.1013866663
2019/09/06/14:48:09.770162,1.10178661346
2019/09/06/14:48:09.774203,1.10218656063
2019/09/06/14:48:09.778045,1.1025865078
2019/09/06/14:48:09.782138,1.10298645496
2019/09/06/14:48:09.786084,1.10338640213
2019/09/06/14:48:09.790173,1.1037863493
2019/09/06/14:48:09.794130,1.10418629646
2019/09/06/14:48:09.798172,1.10458624363
2019/09/06/14:48:09.802231,1.1049861908
2019/09/06/14:48:09.806174,1.10538613796
2019/09/06/14:48:09.810230,1.10578608513
2019/09/06/14:48:09.814198,1.1061860323
2019/09/06/14:48:09.818114,1.10658597946
2019/09/06/14:48:09.822365,1.10698592663
2019/09/06/14:48:09.826169,1.10738587379
2019/09/06/14:48:09.830159,1.10778582096
2019/09/06/14:48:09.834317,1.10818576813
2019/09/06/14:48:09.838127,1.10858571529
2019/09/06/14:48:09.842176,1.10898566246
2019/09/06/14:48:09.846206,1.10938560963
2019/09/06/14:48:09.850390,1.10978555679
2019/09/06/14:48:09.854290,1.11018550396
2019/09/06/14:48:09.858204,1.11058545113
2019/09/06/14:48:09.862185,1.11098539829
2019/09/06/14:48:09.866361,1.11138534546
2019/09/06/14:48:09.870492,1.11178529263
2019/09/06/14:48:09.874295,1.11218523979
2019/09/06/14:48:09.878034,1.11258518696
2019/09/06/14:48:09.882311,1.11298513412
2019/09/06/14:48:09.886162,1.11338508129
2019/09/06/14:48:09.890309,1.11378502846
2019/09/06/14:48:09.894242,1.11418497562
2019/09/06/14:48:09.898223,1.11458492279
2019/09/06/14:48:09.902132,1.11498486996
2019/09/06/14:48:09.906217,1.11538481712
2019/09/06/14:48:09.910239,1.11578476429
2019/09/06/14:48:09.914325,1.11618471146
2019/09/06/14:48:09.918077,1.11658465862
2019/09/06/14:48:09.922120,1.11698460579
2019/09/06/14:48:09.925965,1.11738455296
2019/09/06/14:48:09.929802,1.11778450012
2019/09/06/14:48:09.934158,1.11818444729
2019/09/06/14:48:09.938229,1.11858439445
2019/09/06/14:48:09.942025,1.11898434162
2019/09/06/14:48:09.946155,1.11938428879
2019/09/06/14:48:09.950094,1.11978423595
2019/09/06/14:48:09.954117,1.12018418312
2019/09/06/14:48:09.958206,1.12058413029
2019/09/06/14:48:09.962464,1.12098407745
2019/09/06/14:48:09.966066,1.12138402462
2019/09/06/14:48:09.969999,1.12178397179
2019/09/06/14:48:09.974143,1.12218391895
2019/09/06/14:48:09.978212,1.12258386612
2019/09/06/14:48:09.982224,1.12298381329
2019/09/06/14:48:09.986137,1.12338376045
2019/09/06/14:48:09.990153,1.12378370762
2019/09/06/14:48:09.994411,1.12418365479
2019/09/06/14:48:09.998179,1.12458360195
2019/09/06/14:48:10.002184,1.12498354912
2019/09/06/14:48:10.006073,1.12538349628
2019/09/06/14:48:10.009947,1.12578344345
2019/09/06/14:48:10.014229,1.12618339062
2019/09/06/14:48:10.018366,1.12658333778
2019/09/06/14:48:10.022227,1.12698328495
2019/09/06/14:48:10.026321,1.12738323212
2019/09/06/14:48:10.029773,1.12778317928
2019/09/06/14:48:10.034296,1.12818312645
2019/09/06/14:48:10.038443,1.12858307362
2019/09/06/14:48:10.042149,1.12898302078
2019/09/06/14:48:10.046091,1.12938296795
2019/09/06/14:48:10.050242,1.12978291512
2019/09/06/14:48:10.054234,1.13018286228
2019/09/06/14:48:10.058291,1.13058280945
2019/09/06/14:48:10.062204,1.13098275661
2019/09/06/14:48:10.066268,1.13138270378
2019/09/06/14:48:10.070255,1.13178265095
2019/09/06/14:48:10.074141,1.13218259811
2019/09/06/14:48:10.077889,1.13258254528
2019/09/06/14:48:10.082151,1.13298249245
2019/09/06/14:48:10.086008,1.13338243961
2019/09/06/14:48:10.090078,1.13378238678
2019/09/06/14:48:10.093993,1.13418233395
2019/09/06/14:48:10.098027,1.13458228111
2019/09/06/14:48:10.102266,1.13498222828
2019/09/06/14:48:10.106164,1.13538217545
2019/09/06/14:48:10.110039,1.13578212261
2019/09/06/14:48:10.113978,1.13618206978
2019/09/06/14:48:10.118020,1.13658201694
2019/09/06/14:48:10.122135,1.13698196411
2019/09/06/14:48:10.126296,1.13738191128
2019/09/06/14:48:10.130364,1.13778185844
2019/09/06/14:48:10.134187,1.13818180561
2019/09/06/14:48:10.138177,1.13858175278
2019/09/06/14:48:10.142205,1.13898169994
2019/09/06/14:48:10.146195,1.13938164711
2019/09/06/14:48:10.150142,1.13978159428
2019/09/06/14:48:10.154182,1.14018154144
2019/09/06/14:48:10.158124,1.14058148861
2019/09/06/14:48:10.162128,1.14098143578
2019/09/06/14:48:10.166123,1.14138138294
2019/09/06/14:48:10.170276,1.14178133011
2019/09/06/14:48:10.174528,1.14218127728
2019/09/06/14:48:10.178077,1.14258122444
2019/09/06/14:48:10.182119,1.14298117161
2019/09/06/14:48:10.186146,1.14338111877
2019/09/06/14:48:10.190221,1.14378106594
2019/09/06/14:48:10.194351,1.14418101311
2019/09/06/14:48:10.198217,1.14458096027
2019/09/06/14:48:10.202370,1.14498090744
2019/09/06/14:48:10.206041,1.14538085461
2019/09/06/14:48:10.210239,1.14578080177
2019/09/06/14:48:10.214160,1.14618074894
2019/09/06/14:48:10.218283,1.14658069611
2019/09/06/14:48:10.222106,1.14698064327
2019/09/06/14:48:10.226164,1.14738059044
2019/09/06/14:48:10.230305,1.14778053761
2019/09/06/14:48:10.234435,1.14818048477
2019/09/06/14:48:10.238225,1.14858043194
2019/09/06/14:48:10.242099,1.1489803791
2019/09/06/14:48:10.245942,1.14938032627
2019/09/06/14:48:10.250136,1.14978027344
2019/09/06/14:48:10.254404,1.1501802206
2019/09/06/14:48:10.258020,1.15058016777
2019/09/06/14:48:10.262154,1.15098011494
2019/09/06/14:48:10.266171,1.1513800621
2019/09/06/14:48:10.270326,1.15178000927
2019/09/06/14:48:10.274168,1.15217995644
2019/09/06/14:48:10.278251,1.1525799036
2019/09/06/14:48:10.282103,1.15297985077
2019/09/06/14:48:10.286052,1.15337979794
2019/09/06/14:48:10.289914,1.1537797451
2019/09/06/14:48:10.294163,1.15417969227
2019/09/06/14:48:10.298297,1.15457963943
2019/09/06/14:48:10.302371,1.1549795866
2019/09/06/14:48:10.306387,1.15537953377
2019/09/06/14:48:10.310419,1.15577948093
2019/09/06/14:48:10.314095,1.1561794281
2019/09/06/14:48:10.318365,1.15657937527
2019/09/06/14:48:10.322271,1.15697932243
2019/09/06/14:48:10.326251,1.1573792696
2019/09/06/14:48:10.330107,1.15777921677
2019/09/06/14:48:10.334081,1.15817916393
2019/09/06/14:48:10.338155,1.1585791111
2019/09/06/14:48:10.342082,1.15897905827
2019/09/06/14:48:10.346176,1.15937900543
2019/09/06/14:48:10.350209,1.1597789526
2019/09/06/14:48:10.354082,1.16017889977
2019/09/06/14:48:10.358202,1.16057884693
2019/09/06/14:48:10.362521,1.1609787941
2019/09/06/14:48:10.366311,1.16137874126
2019/09/06/14:48:10.370165,1.16177868843
2019/09/06/14:48:10.374201,1.1621786356
2019/09/06/14:48:10.378378,1.16257858276
2019/09/06/14:48:10.382119,1.16297852993
2019/09/06/14:48:10.386090,1.1633784771
2019/09/06/14:48:10.390121,1.16377842426
2019/09/06/14:48:10.394171,1.16417837143
2019/09/06/14:48:10.398247,1.1645783186
2019/09/06/14:48:10.402111,1.16497826576
2019/09/06/14:48:10.406108,1.16537821293
2019/09/06/14:48:10.410206,1.1657781601
2019/09/06/14:48:10.414486,1.16617810726
2019/09/06/14:48:10.418322,1.16657805443
2019/09/06/14:48:10.422087,1.16697800159
2019/09/06/14:48:10.426124,1.16737794876
2019/09/06/14:48:10.430102,1.16777789593
2019/09/06/14:48:10.433738,1.16817784309
2019/09/06/14:48:10.438189,1.16857779026
2019/09/06/14:48:10.442196,1.16897773743
2019/09/06/14:48:10.446153,1.16937768459
2019/09/06/14:48:10.450142,1.16977763176
2019/09/06/14:48:10.454298,1.17017757893
2019/09/06/14:48:10.458148,1.17057752609
2019/09/06/14:48:10.462462,1.17097747326
2019/09/06/14:48:10.466094,1.17137742043
2019/09/06/14:48:10.470342,1.17177736759
2019/09/06/14:48:10.474292,1.17217731476
2019/09/06/14:48:10.478295,1.17257726192
2019/09/06/14:48:10.482221,1.17297720909
2019/09/06/14:48:10.486065,1.17337715626
2019/09/06/14:48:10.490168,1.17377710342
2019/09/06/14:48:10.494188,1.17417705059
2019/09/06/14:48:10.498195,1.17457699776
2019/09/06/14:48:10.502188,1.17497694492
2019/09/06/14:48:10.506135,1.17537689209
2019/09/06/14:48:10.510161,1.17577683926
2019/09/06/14:48:10.514388,1.17617678642
2019/09/06/14:48:10.518359,1.17657673359
2019/09/06/14:48:10.522320,1.17697668076
2019/09/06/14:48:10.526102,1.17737662792
2019/09/06/14:48:10.529780,1.17777657509
2019/09/06/14:48:10.534214,1.17817652225
2019/09/06/14:48:10.538139,1.17857646942
2019/09/06/14:48:10.542115,1.17897641659
2019/09/06/14:48:10.546104,1.17937636375
2019/09/06/14:48:10.550139,1.17977631092
2019/09/06/14:48:10.554159,1.18017625809
2019/09/06/14:48:10.558224,1.18057620525
2019/09/06/14:48:10.562394,1.18097615242
2019/09/06/14:48:10.566132,1.18137609959
2019/09/06/14:48:10.570203,1.18177604675
2019/09/06/14:48:10.574293,1.18217599392
2019/09/06/14:48:10.578274,1.18257594109
2019/09/06/14:48:10.582256,1.18297588825
2019/09/06/14:48:10.586216,1.18337583542
2019/09/06/14:48:10.590218,1.18377578259
2019/09/06/14:48:10.594106,1.18417572975
2019/09/06/14:48:10.598156,1.18457567692
2019/09/06/14:48:10.602104,1.18497562408
2019/09/06/14:48:10.606125,1.18537557125
2019/09/06/14:48:10.610247,1.18577551842
2019/09/06/14:48:10.614216,1.18617546558
2019/09/06/14:48:10.618135,1.18657541275
2019/09/06/14:48:10.622326,1.18697535992
2019/09/06/14:48:10.625819,1.18737530708
2019/09/06/14:48:10.630161,1.18777525425
2019/09/06/14:48:10.634082,1.18817520142
2019/09/06/14:48:10.638364,1.18857514858
2019/09/06/14:48:10.642192,1.18897509575
2019/09/06/14:48:10.646115,1.18937504292
2019/09/06/14:48:10.650060,1.18977499008
2019/09/06/14:48:10.654042,1.19017493725
2019/09/06/14:48:10.658000,1.19057488441
2019/09/06/14:48:10.662149,1.19097483158
2019/09/06/14:48:10.666336,1.19137477875
2019/09/06/14:48:10.670305,1.19177472591
2019/09/06/14:48:10.674472,1.19217467308
2019/09/06/14:48:10.677907,1.19257462025
2019/09/06/14:48:10.682067,1.19297456741
2019/09/06/14:48:10.686194,1.19337451458
2019/09/06/14:48:10.690509,1.19377446175
2019/09/06/14:48:10.694101,1.19417440891
2019/09/06/14:48:10.698149,1.19457435608
2019/09/06/14:48:10.702206,1.19497430325
2019/09/06/14:48:10.706153,1.19537425041
2019/09/06/14:48:10.710403,1.19577419758
2019/09/06/14:48:10.714029,1.19617414474
2019/09/06/14:48:10.718018,1.19657409191
2019/09/06/14:48:10.722082,1.19697403908
2019/09/06/14:48:10.726098,1.19737398624
2019/09/06/14:48:10.730262,1.19777393341
2019/09/06/14:48:10.734243,1.19817388058
2019/09/06/14:48:10.738324,1.19857382774
2019/09/06/14:48:10.742229,1.19897377491
2019/09/06/14:48:10.746236,1.19937372208
2019/09/06/14:48:10.750440,1.19977366924
2019/09/06/14:48:10.754091,1.20017361641
2019/09/06/14:48:10.758176,1.20057356358
2019/09/06/14:48:10.761969,1.20097351074
2019/09/06/14:48:10.766011,1.20137345791
2019/09/06/14:48:10.770251,1.20177340508
2019/09/06/14:48:10.774110,1.20217335224
2019/09/06/14:48:10.778128,1.20257329941
2019/09/06/14:48:10.782266,1.20297324657
2019/09/06/14:48:10.786243,1.20337319374
2019/09/06/14:48:10.790270,1.20377314091
2019/09/06/14:48:10.794122,1.20417308807
2019/09/06/14:48:10.798149,1.20457303524
2019/09/06/14:48:10.802363,1.20497298241
2019/09/06/14:48:10.806317,1.20537292957
2019/09/06/14:48:10.810399,1.20577287674
2019/09/06/14:48:10.814380,1.20617282391
2019/09/06/14:48:10.818148,1.20657277107
2019/09/06/14:48:10.822103,1.20697271824
2019/09/06/14:48:10.826477,1.20737266541
2019/09/06/14:48:10.830874,1.20777261257
2019/09/06/14:48:10.834255,1.20817255974
2019/09/06/14:48:10.838355,1.2085725069
2019/09/06/14:48:10.842139,1.20897245407
2019/09/06/14:48:10.846063,1.20937240124
2019/09/06/14:48:10.850060,1.2097723484
2019/09/06/14:48:10.854009,1.21017229557
2019/09/06/14:48:10.858252,1.21057224274
2019/09/06/14:48:10.862154,1.2109721899
2019/09/06/14:48:10.866310,1.21137213707
2019/09/06/14:48:10.869937,1.21177208424
2019/09/06/14:48:10.874084,1.2121720314
2019/09/06/14:48:10.878182,1.21257197857
2019/09/06/14:48:10.882214,1.21297192574
2019/09/06/14:48:10.885984,1.2133718729
2019/09/06/14:48:10.890198,1.21377182007
2019/09/06/14:48:10.894136,1.21417176723
2019/09/06/14:48:10.898288,1.2145717144
2019/09/06/14:48:10.902081,1.21497166157
2019/09/06/14:48:10.905974,1.21537160873
2019/09/06/14:48:10.909913,1.2157715559
2019/09/06/14:48:10.914015,1.21617150307
2019/09/06/14:48:10.918079,1.21657145023
2019/09/06/14:48:10.922073,1.2169713974
2019/09/06/14:48:10.926169,1.21737134457
2019/09/06/14:48:10.929873,1.21777129173
2019/09/06/14:48:10.933722,1.2181712389
2019/09/06/14:48:10.938041,1.21857118607
2019/09/06/14:48:10.942085,1.21897113323
2019/09/06/14:48:10.946360,1.2193710804
2019/09/06/14:48:10.950319,1.21977102757
2019/09/06/14:48:10.954042,1.22017097473
2019/09/06/14:48:10.958173,1.2205709219
2019/09/06/14:48:10.962321,1.22097086906
2019/09/06/14:48:10.966430,1.22137081623
2019/09/06/14:48:10.970266,1.2217707634
2019/09/06/14:48:10.974215,1.22217071056
2019/09/06/14:48:10.978332,1.22257065773
2019/09/06/14:48:10.982125,1.2229706049
2019/09/06/14:48:10.986210,1.22337055206
2019/09/06/14:48:10.990201,1.22377049923
2019/09/06/14:48:10.994050,1.2241704464
2019/09/06/14:48:10.998147,1.22457039356
2019/09/06/14:48:11.002138,1.22497034073
2019/09/06/14:48:11.006124,1.2253702879
2019/09/06/14:48:11.010082,1.22577023506
2019/09/06/14:48:11.014131,1.22617018223
2019/09/06/14:48:11.018084,1.22657012939
2019/09/06/14:48:11.022235,1.22697007656
2019/09/06/14:48:11.026147,1.22737002373
2019/09/06/14:48:11.030026,1.22776997089
2019/09/06/14:48:11.034079,1.22816991806
2019/09/06/14:48:11.038175,1.22856986523
2019/09/06/14:48:11.042346,1.22896981239
2019/09/06/14:48:11.046073,1.22936975956
2019/09/06/14:48:11.050147,1.22976970673
2019/09/06/14:48:11.054185,1.23016965389
2019/09/06/14:48:11.058219,1.23056960106
2019/09/06/14:48:11.062215,1.23096954823
2019/09/06/14:48:11.066174,1.23136949539
2019/09/06/14:48:11.070081,1.23176944256
2019/09/06/14:48:11.073995,1.23216938972
2019/09/06/14:48:11.077980,1.23256933689
2019/09/06/14:48:11.081951,1.23296928406
2019/09/06/14:48:11.086279,1.23336923122
2019/09/06/14:48:11.090209,1.23376917839
2019/09/06/14:48:11.094032,1.23416912556
2019/09/06/14:48:11.098262,1.23456907272
2019/09/06/14:48:11.102111,1.23496901989
2019/09/06/14:48:11.106197,1.23536896706
2019/09/06/14:48:11.110092,1.23576891422
2019/09/06/14:48:11.114340,1.23616886139
2019/09/06/14:48:11.118232,1.23656880856
2019/09/06/14:48:11.122193,1.23696875572
2019/09/06/14:48:11.126158,1.23736870289
2019/09/06/14:48:11.129689,1.23776865005
2019/09/06/14:48:11.133925,1.23816859722
2019/09/06/14:48:11.138064,1.23856854439
2019/09/06/14:48:11.142036,1.23896849155
2019/09/06/14:48:11.145895,1.23936843872
2019/09/06/14:48:11.149966,1.23976838589
2019/09/06/14:48:11.154037,1.24016833305
2019/09/06/14:48:11.158001,1.24056828022
2019/09/06/14:48:11.162292,1.24096822739
2019/09/06/14:48:11.166242,1.24136817455
2019/09/06/14:48:11.170251,1.24176812172
2019/09/06/14:48:11.174202,1.24216806889
2019/09/06/14:48:11.178289,1.24256801605
2019/09/06/14:48:11.182248,1.24296796322
2019/09/06/14:48:11.186219,1.24336791039
2019/09/06/14:48:11.190222,1.24376785755
2019/09/06/14:48:11.194175,1.24416780472
2019/09/06/14:48:11.198454,1.24456775188
2019/09/06/14:48:11.202105,1.24496769905
2019/09/06/14:48:11.206090,1.24536764622
2019/09/06/14:48:11.210202,1.24576759338
2019/09/06/14:48:11.214404,1.24616754055
2019/09/06/14:48:11.218243,1.24656748772
2019/09/06/14:48:11.222281,1.24696743488
2019/09/06/14:48:11.226228,1.24736738205
2019/09/06/14:48:11.230074,1.24776732922
2019/09/06/14:48:11.234104,1.24816727638
2019/09/06/14:48:11.238131,1.24856722355
2019/09/06/14:48:11.242134,1.24896717072
2019/09/06/14:48:11.246117,1.24936711788
2019/09/06/14:48:11.250143,1.24976706505
2019/09/06/14:48:11.254397,1.25016701221
2019/09/06/14:48:11.258531,1.25056695938
2019/09/06/14:48:11.262183,1.25096690655
2019/09/06/14:48:11.266390,1.25136685371
2019/09/06/14:48:11.270192,1.25176680088
2019/09/06/14:48:11.274193,1.25216674805
2019/09/06/14:48:11.277976,1.25256669521
2019/09/06/14:48:11.282226,1.25296664238
2019/09/06/14:48:11.286356,1.25336658955
2019/09/06/14:48:11.290342,1.25376653671
2019/09/06/14:48:11.294322,1.25416648388
2019/09/06/14:48:11.298197,1.25456643105
2019/09/06/14:48:11.302186,1.25496637821
2019/09/06/14:48:11.306224,1.25536632538
2019/09/06/14:48:11.310387,1.25576627254
2019/09/06/14:48:11.314304,1.25616621971
2019/09/06/14:48:11.318139,1.25656616688
2019/09/06/14:48:11.322143,1.25696611404
2019/09/06/14:48:11.326111,1.25736606121
2019/09/06/14:48:11.330217,1.25776600838
2019/09/06/14:48:11.334040,1.25816595554
2019/09/06/14:48:11.338482,1.25856590271
2019/09/06/14:48:11.342277,1.25896584988
2019/09/06/14:48:11.346103,1.25936579704
2019/09/06/14:48:11.350191,1.25976574421
2019/09/06/14:48:11.354206,1.26016569138
2019/09/06/14:48:11.358191,1.26056563854
2019/09/06/14:48:11.362072,1.26096558571
2019/09/06/14:48:11.366167,1.26136553288
2019/09/06/14:48:11.370184,1.26176548004
2019/09/06/14:48:11.374222,1.26216542721
2019/09/06/14:48:11.378156,1.26256537437
2019/09/06/14:48:11.382372,1.26296532154
2019/09/06/14:48:11.386188,1.26336526871
2019/09/06/14:48:11.390248,1.26376521587
2019/09/06/14:48:11.394195,1.26416516304
2019/09/06/14:48:11.398147,1.26456511021
2019/09/06/14:48:11.402176,1.26496505737
2019/09/06/14:48:11.406191,1.26536500454
2019/09/06/14:48:11.410365,1.26576495171
2019/09/06/14:48:11.414230,1.26616489887
2019/09/06/14:48:11.418180,1.26656484604
2019/09/06/14:48:11.422245,1.26696479321
2019/09/06/14:48:11.426464,1.26736474037
2019/09/06/14:48:11.430609,1.26776468754
2019/09/06/14:48:11.434205,1.2681646347
2019/09/06/14:48:11.438238,1.26856458187
2019/09/06/14:48:11.442050,1.26896452904
2019/09/06/14:48:11.446108,1.2693644762
2019/09/06/14:48:11.450151,1.26976442337
2019/09/06/14:48:11.454180,1.27016437054
2019/09/06/14:48:11.458190,1.2705643177
2019/09/06/14:48:11.462363,1.27096426487
2019/09/06/14:48:11.466205,1.27136421204
2019/09/06/14:48:11.470108,1.2717641592
2019/09/06/14:48:11.474139,1.27216410637
2019/09/06/14:48:11.478203,1.27256405354
2019/09/06/14:48:11.482286,1.2729640007
2019/09/06/14:48:11.486117,1.27336394787
2019/09/06/14:48:11.490132,1.27376389503
2019/09/06/14:48:11.494215,1.2741638422
2019/09/06/14:48:11.498222,1.27456378937
2019/09/06/14:48:11.502254,1.27496373653
2019/09/06/14:48:11.506309,1.2753636837
2019/09/06/14:48:11.510159,1.27576363087
2019/09/06/14:48:11.514363,1.27616357803
2019/09/06/14:48:11.518427,1.2765635252
2019/09/06/14:48:11.522228,1.27696347237
2019/09/06/14:48:11.526219,1.27736341953
2019/09/06/14:48:11.530059,1.2777633667
2019/09/06/14:48:11.533801,1.27816331387
2019/09/06/14:48:11.538143,1.27856326103
2019/09/06/14:48:11.542125,1.2789632082
2019/09/06/14:48:11.546046,1.27936315536
2019/09/06/14:48:11.550203,1.27976310253
2019/09/06/14:48:11.554196,1.2801630497
2019/09/06/14:48:11.558035,1.28056299686
2019/09/06/14:48:11.562034,1.28096294403
2019/09/06/14:48:11.566090,1.2813628912
2019/09/06/14:48:11.570071,1.28176283836
2019/09/06/14:48:11.574000,1.28216278553
2019/09/06/14:48:11.578159,1.2825627327
2019/09/06/14:48:11.582050,1.28296267986
2019/09/06/14:48:11.586305,1.28336262703
2019/09/06/14:48:11.590104,1.2837625742
2019/09/06/14:48:11.594117,1.28416252136
2019/09/06/14:48:11.598183,1.28456246853
2019/09/06/14:48:11.602269,1.2849624157
2019/09/06/14:48:11.606234,1.28536236286
2019/09/06/14:48:11.610316,1.28576231003
2019/09/06/14:48:11.614060,1.28616225719
2019/09/06/14:48:11.617996,1.28656220436
2019/09/06/14:48:11.622014,1.28696215153
2019/09/06/14:48:11.626335,1.28736209869
2019/09/06/14:48:11.630333,1.28776204586
2019/09/06/14:48:11.634269,1.28816199303
2019/09/06/14:48:11.637813,1.28856194019
2019/09/06/14:48:11.642191,1.28896188736
2019/09/06/14:48:11.646099,1.28936183453
2019/09/06/14:48:11.650301,1.28976178169
2019/09/06/14:48:11.654038,1.29016172886
2019/09/06/14:48:11.658036,1.29056167603
2019/09/06/14:48:11.662302,1.29096162319
2019/09/06/14:48:11.666286,1.29136157036
2019/09/06/14:48:11.669933,1.29176151752
2019/09/06/14:48:11.674136,1.29216146469
2019/09/06/14:48:11.678245,1.29256141186
2019/09/06/14:48:11.682198,1.29296135902
2019/09/06/14:48:11.686184,1.29336130619
2019/09/06/14:48:11.690141,1.29376125336
2019/09/06/14:48:11.694164,1.29416120052
2019/09/06/14:48:11.698321,1.29456114769
2019/09/06/14:48:11.702130,1.29496109486
2019/09/06/14:48:11.706139,1.29536104202
2019/09/06/14:48:11.710362,1.29576098919
2019/09/06/14:48:11.714226,1.29616093636
2019/09/06/14:48:11.718046,1.29656088352
2019/09/06/14:48:11.722127,1.29696083069
2019/09/06/14:48:11.726219,1.29736077785
2019/09/06/14:48:11.729710,1.29776072502
2019/09/06/14:48:11.734195,1.29816067219
2019/09/06/14:48:11.738533,1.29856061935
2019/09/06/14:48:11.742254,1.29896056652
2019/09/06/14:48:11.746198,1.29936051369
2019/09/06/14:48:11.750330,1.29976046085
2019/09/06/14:48:11.754105,1.30016040802
2019/09/06/14:48:11.758418,1.30056035519
2019/09/06/14:48:11.762111,1.30096030235
2019/09/06/14:48:11.766122,1.30136024952
2019/09/06/14:48:11.770154,1.30176019669
2019/09/06/14:48:11.774155,1.30216014385
2019/09/06/14:48:11.778040,1.30256009102
2019/09/06/14:48:11.782089,1.30296003819
2019/09/06/14:48:11.786053,1.30335998535
2019/09/06/14:48:11.790039,1.30375993252
2019/09/06/14:48:11.794257,1.30415987968
2019/09/06/14:48:11.798167,1.30455982685
2019/09/06/14:48:11.802176,1.30495977402
2019/09/06/14:48:11.806201,1.30535972118
2019/09/06/14:48:11.810190,1.30575966835
2019/09/06/14:48:11.814108,1.30615961552
2019/09/06/14:48:11.818176,1.30655956268
2019/09/06/14:48:11.822075,1.30695950985
2019/09/06/14:48:11.826203,1.30735945702
2019/09/06/14:48:11.830180,1.30775940418
2019/09/06/14:48:11.834203,1.30815935135
2019/09/06/14:48:11.838357,1.30855929852
2019/09/06/14:48:11.842156,1.30895924568
2019/09/06/14:48:11.846138,1.30935919285
2019/09/06/14:48:11.850144,1.30975914001
2019/09/06/14:48:11.854138,1.31015908718
2019/09/06/14:48:11.858185,1.31055903435
2019/09/06/14:48:11.862261,1.31095898151
2019/09/06/14:48:11.866252,1.31135892868
2019/09/06/14:48:11.870265,1.31175887585
2019/09/06/14:48:11.874300,1.31215882301
2019/09/06/14:48:11.877975,1.31255877018
2019/09/06/14:48:11.882095,1.31295871735
2019/09/06/14:48:11.886174,1.31335866451
2019/09/06/14:48:11.890254,1.31375861168
2019/09/06/14:48:11.894295,1.31415855885
2019/09/06/14:48:11.898170,1.31455850601
2019/09/06/14:48:11.902717,1.31495845318
2019/09/06/14:48:11.906162,1.31535840034
2019/09/06/14:48:11.910179,1.31575834751
2019/09/06/14:48:11.914204,1.31615829468
2019/09/06/14:48:11.918194,1.31655824184
2019/09/06/14:48:11.922104,1.31695818901
2019/09/06/14:48:11.926184,1.31735813618
2019/09/06/14:48:11.930318,1.31775808334
2019/09/06/14:48:11.934544,1.31815803051
2019/09/06/14:48:11.938060,1.31855797768
2019/09/06/14:48:11.942083,1.31895792484
2019/09/06/14:48:11.946254,1.31935787201
2019/09/06/14:48:11.950191,1.31975781918
2019/09/06/14:48:11.954173,1.32015776634
2019/09/06/14:48:11.958292,1.32055771351
2019/09/06/14:48:11.962180,1.32095766068
2019/09/06/14:48:11.966272,1.32135760784
2019/09/06/14:48:11.970203,1.32175755501
2019/09/06/14:48:11.974207,1.32215750217
2019/09/06/14:48:11.978109,1.32255744934
2019/09/06/14:48:11.982360,1.32295739651
2019/09/06/14:48:11.986263,1.32335734367
2019/09/06/14:48:11.990197,1.32375729084
2019/09/06/14:48:11.994200,1.32415723801
2019/09/06/14:48:11.998073,1.32455718517
2019/09/06/14:48:12.002211,1.32495713234
2019/09/06/14:48:12.006268,1.32535707951
2019/09/06/14:48:12.010156,1.32575702667
2019/09/06/14:48:12.014270,1.32615697384
2019/09/06/14:48:12.018160,1.32655692101
2019/09/06/14:48:12.022293,1.32695686817
2019/09/06/14:48:12.026158,1.32735681534
2019/09/06/14:48:12.030339,1.3277567625
2019/09/06/14:48:12.034222,1.32815670967
2019/09/06/14:48:12.038083,1.32855665684
2019/09/06/14:48:12.041934,1.328956604
2019/09/06/14:48:12.046263,1.32935655117
2019/09/06/14:48:12.050131,1.32975649834
2019/09/06/14:48:12.054157,1.3301564455
2019/09/06/14:48:12.058375,1.33055639267
2019/09/06/14:48:12.061946,1.33095633984
2019/09/06/14:48:12.066177,1.331356287
2019/09/06/14:48:12.070196,1.33175623417
2019/09/06/14:48:12.074308,1.33215618134
2019/09/06/14:48:12.078237,1.3325561285
2019/09/06/14:48:12.082328,1.33295607567
2019/09/06/14:48:12.086205,1.33335602283
2019/09/06/14:48:12.090138,1.33375597
2019/09/06/14:48:12.094053,1.33415591717
2019/09/06/14:48:12.098358,1.33455586433
2019/09/06/14:48:12.102316,1.3349558115
2019/09/06/14:48:12.106328,1.33535575867
2019/09/06/14:48:12.110320,1.33575570583
2019/09/06/14:48:12.114144,1.336155653
2019/09/06/14:48:12.118076,1.33655560017
2019/09/06/14:48:12.122541,1.33695554733
2019/09/06/14:48:12.126245,1.3373554945
2019/09/06/14:48:12.130262,1.33775544167
2019/09/06/14:48:12.133883,1.33815538883
2019/09/06/14:48:12.138182,1.338555336
2019/09/06/14:48:12.142280,1.33895528316
2019/09/06/14:48:12.146194,1.33935523033
2019/09/06/14:48:12.150150,1.3397551775
2019/09/06/14:48:12.154154,1.34015512466
2019/09/06/14:48:12.158193,1.34055507183
2019/09/06/14:48:12.162231,1.340955019
2019/09/06/14:48:12.166333,1.34135496616
2019/09/06/14:48:12.170104,1.34175491333
2019/09/06/14:48:12.174311,1.3421548605
2019/09/06/14:48:12.178182,1.34255480766
2019/09/06/14:48:12.182059,1.34295475483
2019/09/06/14:48:12.186181,1.343354702
2019/09/06/14:48:12.190017,1.34375464916
2019/09/06/14:48:12.193960,1.34415459633
2019/09/06/14:48:12.197983,1.3445545435
2019/09/06/14:48:12.202222,1.34495449066
2019/09/06/14:48:12.205968,1.34535443783
2019/09/06/14:48:12.210005,1.34575438499
2019/09/06/14:48:12.214195,1.34615433216
2019/09/06/14:48:12.217962,1.34655427933
2019/09/06/14:48:12.222010,1.34695422649
2019/09/06/14:48:12.226092,1.34735417366
2019/09/06/14:48:12.230076,1.34775412083
2019/09/06/14:48:12.233984,1.34815406799
2019/09/06/14:48:12.238060,1.34855401516
2019/09/06/14:48:12.242151,1.34895396233
2019/09/06/14:48:12.246022,1.34935390949
2019/09/06/14:48:12.250124,1.34975385666
2019/09/06/14:48:12.253979,1.35015380383
2019/09/06/14:48:12.258148,1.35055375099
2019/09/06/14:48:12.262213,1.35095369816
2019/09/06/14:48:12.266067,1.35135364532
2019/09/06/14:48:12.270092,1.35175359249
2019/09/06/14:48:12.274148,1.35215353966
2019/09/06/14:48:12.278154,1.35255348682
2019/09/06/14:48:12.281979,1.35295343399
2019/09/06/14:48:12.285939,1.35335338116
2019/09/06/14:48:12.290004,1.35375332832
2019/09/06/14:48:12.294006,1.35415327549
2019/09/06/14:48:12.297986,1.35455322266
2019/09/06/14:48:12.302125,1.35495316982
2019/09/06/14:48:12.306013,1.35535311699
2019/09/06/14:48:12.310004,1.35575306416
2019/09/06/14:48:12.314063,1.35615301132
2019/09/06/14:48:12.318024,1.35655295849
2019/09/06/14:48:12.322016,1.35695290565
2019/09/06/14:48:12.326051,1.35735285282
2019/09/06/14:48:12.330142,1.35775279999
2019/09/06/14:48:12.334221,1.35815274715
2019/09/06/14:48:12.338172,1.35855269432
2019/09/06/14:48:12.342334,1.35895264149
2019/09/06/14:48:12.346088,1.35935258865
2019/09/06/14:48:12.350194,1.35975253582
2019/09/06/14:48:12.353989,1.36015248299
2019/09/06/14:48:12.358220,1.36055243015
2019/09/06/14:48:12.362291,1.36095237732
2019/09/06/14:48:12.366239,1.36135232449
2019/09/06/14:48:12.370153,1.36175227165
2019/09/06/14:48:12.374147,1.36215221882
2019/09/06/14:48:12.378172,1.36255216599
2019/09/06/14:48:12.382150,1.36295211315
2019/09/06/14:48:12.386247,1.36335206032
2019/09/06/14:48:12.390150,1.36375200748
2019/09/06/14:48:12.394331,1.36415195465
2019/09/06/14:48:12.398112,1.36455190182
2019/09/06/14:48:12.402325,1.36495184898
2019/09/06/14:48:12.406224,1.36535179615
2019/09/06/14:48:12.410187,1.36575174332
2019/09/06/14:48:12.414196,1.36615169048
2019/09/06/14:48:12.418018,1.36655163765
2019/09/06/14:48:12.422167,1.36695158482
2019/09/06/14:48:12.426003,1.36735153198
2019/09/06/14:48:12.430205,1.36775147915
2019/09/06/14:48:12.434190,1.36815142632
2019/09/06/14:48:12.438239,1.36855137348
2019/09/06/14:48:12.442296,1.36895132065
2019/09/06/14:48:12.446040,1.36935126781
2019/09/06/14:48:12.450175,1.36975121498
2019/09/06/14:48:12.454152,1.37015116215
2019/09/06/14:48:12.458098,1.37055110931
2019/09/06/14:48:12.462249,1.37095105648
2019/09/06/14:48:12.466326,1.37135100365
2019/09/06/14:48:12.470307,1.37175095081
2019/09/06/14:48:12.474263,1.37215089798
2019/09/06/14:48:12.478198,1.37255084515
2019/09/06/14:48:12.482122,1.37295079231
2019/09/06/14:48:12.486411,1.37335073948
2019/09/06/14:48:12.490206,1.37375068665
2019/09/06/14:48:12.494274,1.37415063381
2019/09/06/14:48:12.498169,1.37455058098
2019/09/06/14:48:12.502144,1.37495052814
2019/09/06/14:48:12.506210,1.37535047531
2019/09/06/14:48:12.510375,1.37575042248
2019/09/06/14:48:12.514142,1.37615036964
2019/09/06/14:48:12.518150,1.37655031681
2019/09/06/14:48:12.522253,1.37695026398
2019/09/06/14:48:12.526294,1.37735021114
2019/09/06/14:48:12.530131,1.37775015831
2019/09/06/14:48:12.534186,1.37815010548
2019/09/06/14:48:12.538030,1.37855005264
2019/09/06/14:48:12.542258,1.37894999981
2019/09/06/14:48:12.546155,1.37934994698
2019/09/06/14:48:12.550056,1.37974989414
2019/09/06/14:48:12.554175,1.38014984131
2019/09/06/14:48:12.558186,1.38054978848
2019/09/06/14:48:12.562163,1.38094973564
2019/09/06/14:48:12.566371,1.38134968281
2019/09/06/14:48:12.570219,1.38174962997
2019/09/06/14:48:12.574259,1.38214957714
2019/09/06/14:48:12.578099,1.38254952431
2019/09/06/14:48:12.582407,1.38294947147
2019/09/06/14:48:12.586265,1.38334941864
2019/09/06/14:48:12.590211,1.38374936581
2019/09/06/14:48:12.594116,1.38414931297
2019/09/06/14:48:12.598194,1.38454926014
2019/09/06/14:48:12.602171,1.38494920731
2019/09/06/14:48:12.606177,1.38534915447
2019/09/06/14:48:12.610167,1.38574910164
2019/09/06/14:48:12.614283,1.38614904881
2019/09/06/14:48:12.618169,1.38654899597
2019/09/06/14:48:12.622423,1.38694894314
2019/09/06/14:48:12.626290,1.3873488903
2019/09/06/14:48:12.630231,1.38774883747
2019/09/06/14:48:12.634066,1.38814878464
2019/09/06/14:48:12.638106,1.3885487318
2019/09/06/14:48:12.642158,1.38894867897
2019/09/06/14:48:12.646188,1.38934862614
2019/09/06/14:48:12.650256,1.3897485733
2019/09/06/14:48:12.654239,1.39014852047
2019/09/06/14:48:12.658006,1.39054846764
2019/09/06/14:48:12.662128,1.3909484148
2019/09/06/14:48:12.666231,1.39134836197
2019/09/06/14:48:12.670248,1.39174830914
2019/09/06/14:48:12.674222,1.3921482563
2019/09/06/14:48:12.679833,1.39254820347
2019/09/06/14:48:12.682324,1.39294815063
2019/09/06/14:48:12.686418,1.3933480978
2019/09/06/14:48:12.690137,1.39374804497
2019/09/06/14:48:12.694174,1.39414799213
2019/09/06/14:48:12.698181,1.3945479393
2019/09/06/14:48:12.702376,1.39494788647
2019/09/06/14:48:12.706122,1.39534783363
2019/09/06/14:48:12.710048,1.3957477808
2019/09/06/14:48:12.714113,1.39614772797
2019/09/06/14:48:12.718134,1.39654767513
2019/09/06/14:48:12.722161,1.3969476223
2019/09/06/14:48:12.726468,1.39734756947
2019/09/06/14:48:12.730513,1.39774751663
2019/09/06/14:48:12.733948,1.3981474638
2019/09/06/14:48:12.738071,1.39854741096
2019/09/06/14:48:12.742186,1.39894735813
2019/09/06/14:48:12.746146,1.3993473053
2019/09/06/14:48:12.749853,1.39974725246
2019/09/06/14:48:12.754217,1.40014719963
2019/09/06/14:48:12.758067,1.4005471468
2019/09/06/14:48:12.761939,1.40094709396
2019/09/06/14:48:12.766439,1.40134704113
2019/09/06/14:48:12.770363,1.4017469883
2019/09/06/14:48:12.774204,1.40214693546
2019/09/06/14:48:12.778147,1.40254688263
2019/09/06/14:48:12.782133,1.4029468298
2019/09/06/14:48:12.786123,1.40334677696
2019/09/06/14:48:12.790109,1.40374672413
2019/09/06/14:48:12.794312,1.4041466713
2019/09/06/14:48:12.798353,1.40454661846
2019/09/06/14:48:12.802170,1.40494656563
2019/09/06/14:48:12.806143,1.40534651279
2019/09/06/14:48:12.810318,1.40574645996
2019/09/06/14:48:12.814288,1.40614640713
2019/09/06/14:48:12.818228,1.40654635429
2019/09/06/14:48:12.822084,1.40694630146
2019/09/06/14:48:12.826158,1.40734624863
2019/09/06/14:48:12.830196,1.40774619579
2019/09/06/14:48:12.834191,1.40814614296
2019/09/06/14:48:12.837986,1.40854609013
2019/09/06/14:48:12.841983,1.40894603729
2019/09/06/14:48:12.845917,1.40934598446
2019/09/06/14:48:12.849972,1.40974593163
2019/09/06/14:48:12.854283,1.41014587879
2019/09/06/14:48:12.858172,1.41054582596
2019/09/06/14:48:12.862380,1.41094577312
2019/09/06/14:48:12.866149,1.41134572029
2019/09/06/14:48:12.870417,1.41174566746
2019/09/06/14:48:12.874441,1.41214561462
2019/09/06/14:48:12.878468,1.41254556179
2019/09/06/14:48:12.882550,1.41294550896
2019/09/06/14:48:12.886082,1.41334545612
2019/09/06/14:48:12.890150,1.41374540329
2019/09/06/14:48:12.894235,1.41414535046
2019/09/06/14:48:12.898118,1.41454529762
2019/09/06/14:48:12.902251,1.41494524479
2019/09/06/14:48:12.906086,1.41534519196
2019/09/06/14:48:12.910067,1.41574513912
2019/09/06/14:48:12.914182,1.41614508629
2019/09/06/14:48:12.918062,1.41654503345
2019/09/06/14:48:12.922130,1.41694498062
2019/09/06/14:48:12.926391,1.41734492779
2019/09/06/14:48:12.930087,1.41774487495
2019/09/06/14:48:12.934206,1.41814482212
2019/09/06/14:48:12.938143,1.41854476929
2019/09/06/14:48:12.942176,1.41894471645
2019/09/06/14:48:12.946231,1.41934466362
2019/09/06/14:48:12.950465,1.41974461079
2019/09/06/14:48:12.954071,1.42014455795
2019/09/06/14:48:12.958240,1.42054450512
2019/09/06/14:48:12.962087,1.42094445229
2019/09/06/14:48:12.966227,1.42134439945
2019/09/06/14:48:12.970272,1.42174434662
2019/09/06/14:48:12.974102,1.42214429379
2019/09/06/14:48:12.977984,1.42254424095
2019/09/06/14:48:12.982090,1.42294418812
2019/09/06/14:48:12.986296,1.42334413528
2019/09/06/14:48:12.990300,1.42374408245
2019/09/06/14:48:12.994147,1.42414402962
2019/09/06/14:48:12.997969,1.42454397678
2019/09/06/14:48:13.002259,1.42494392395
2019/09/06/14:48:13.006328,1.42534387112
2019/09/06/14:48:13.010417,1.42574381828
2019/09/06/14:48:13.014054,1.42614376545
2019/09/06/14:48:13.017949,1.42654371262
2019/09/06/14:48:13.022076,1.42694365978
2019/09/06/14:48:13.026083,1.42734360695
2019/09/06/14:48:13.030257,1.42774355412
2019/09/06/14:48:13.034287,1.42814350128
2019/09/06/14:48:13.038350,1.42854344845
2019/09/06/14:48:13.042179,1.42894339561
2019/09/06/14:48:13.046724,1.42934334278
2019/09/06/14:48:13.050304,1.42974328995
2019/09/06/14:48:13.054196,1.43014323711
2019/09/06/14:48:13.058280,1.43054318428
2019/09/06/14:48:13.062179,1.43094313145
2019/09/06/14:48:13.066190,1.43134307861
2019/09/06/14:48:13.070237,1.43174302578
2019/09/06/14:48:13.074307,1.43214297295
2019/09/06/14:48:13.078074,1.43254292011
2019/09/06/14:48:13.082135,1.43294286728
2019/09/06/14:48:13.086415,1.43334281445
2019/09/06/14:48:13.090357,1.43374276161
2019/09/06/14:48:13.094256,1.43414270878
2019/09/06/14:48:13.098103,1.43454265594
2019/09/06/14:48:13.102578,1.43494260311
2019/09/06/14:48:13.106295,1.43534255028
2019/09/06/14:48:13.110240,1.43574249744
2019/09/06/14:48:13.114094,1.43614244461
2019/09/06/14:48:13.118129,1.43654239178
2019/09/06/14:48:13.122240,1.43694233894
2019/09/06/14:48:13.126239,1.43734228611
2019/09/06/14:48:13.130228,1.43774223328
2019/09/06/14:48:13.134208,1.43814218044
2019/09/06/14:48:13.138017,1.43854212761
2019/09/06/14:48:13.142195,1.43894207478
2019/09/06/14:48:13.146211,1.43934202194
2019/09/06/14:48:13.150291,1.43974196911
2019/09/06/14:48:13.153807,1.44014191628
2019/09/06/14:48:13.158140,1.44054186344
2019/09/06/14:48:13.161834,1.44094181061
2019/09/06/14:48:13.165934,1.44134175777
2019/09/06/14:48:13.170142,1.44174170494
2019/09/06/14:48:13.174171,1.44214165211
2019/09/06/14:48:13.178488,1.44254159927
2019/09/06/14:48:13.182436,1.44294154644
2019/09/06/14:48:13.186216,1.44334149361
2019/09/06/14:48:13.190302,1.44374144077
2019/09/06/14:48:13.194129,1.44414138794
2019/09/06/14:48:13.198252,1.44454133511
2019/09/06/14:48:13.202095,1.44494128227
2019/09/06/14:48:13.206173,1.44534122944
2019/09/06/14:48:13.210272,1.44574117661
2019/09/06/14:48:13.214151,1.44614112377
2019/09/06/14:48:13.218075,1.44654107094
2019/09/06/14:48:13.222188,1.4469410181
2019/09/06/14:48:13.226446,1.44734096527
2019/09/06/14:48:13.230209,1.44774091244
2019/09/06/14:48:13.234049,1.4481408596
2019/09/06/14:48:13.238179,1.44854080677
2019/09/06/14:48:13.242209,1.44894075394
2019/09/06/14:48:13.246164,1.4493407011
2019/09/06/14:48:13.250028,1.44974064827
2019/09/06/14:48:13.254271,1.45014059544
2019/09/06/14:48:13.258211,1.4505405426
2019/09/06/14:48:13.261968,1.45094048977
2019/09/06/14:48:13.266167,1.45134043694
2019/09/06/14:48:13.270091,1.4517403841
2019/09/06/14:48:13.274071,1.45214033127
2019/09/06/14:48:13.278335,1.45254027843
2019/09/06/14:48:13.282213,1.4529402256
2019/09/06/14:48:13.286320,1.45334017277
2019/09/06/14:48:13.290200,1.45374011993
2019/09/06/14:48:13.294165,1.4541400671
2019/09/06/14:48:13.298244,1.45454001427
2019/09/06/14:48:13.302181,1.45493996143
2019/09/06/14:48:13.306139,1.4553399086
2019/09/06/14:48:13.310213,1.45573985577
2019/09/06/14:48:13.314261,1.45613980293
2019/09/06/14:48:13.318274,1.4565397501
2019/09/06/14:48:13.322427,1.45693969727
2019/09/06/14:48:13.327818,1.45733964443
2019/09/06/14:48:13.330102,1.4577395916
2019/09/06/14:48:13.334036,1.45813953876
2019/09/06/14:48:13.338102,1.45853948593
2019/09/06/14:48:13.342171,1.4589394331
2019/09/06/14:48:13.346120,1.45933938026
2019/09/06/14:48:13.350284,1.45973932743
2019/09/06/14:48:13.354571,1.4601392746
2019/09/06/14:48:13.358187,1.46053922176
2019/09/06/14:48:13.362057,1.46093916893
2019/09/06/14:48:13.366040,1.4613391161
2019/09/06/14:48:13.370027,1.46173906326
2019/09/06/14:48:13.374191,1.46213901043
2019/09/06/14:48:13.378092,1.4625389576
2019/09/06/14:48:13.382117,1.46293890476
2019/09/06/14:48:13.385992,1.46333885193
2019/09/06/14:48:13.390043,1.4637387991
2019/09/06/14:48:13.393996,1.46413874626
2019/09/06/14:48:13.398140,1.46453869343
2019/09/06/14:48:13.402300,1.46493864059
2019/09/06/14:48:13.406187,1.46533858776
2019/09/06/14:48:13.410160,1.46573853493
2019/09/06/14:48:13.414324,1.46613848209
2019/09/06/14:48:13.418248,1.46653842926
2019/09/06/14:48:13.422153,1.46693837643
2019/09/06/14:48:13.426203,1.46733832359
2019/09/06/14:48:13.430096,1.46773827076
2019/09/06/14:48:13.434474,1.46813821793
2019/09/06/14:48:13.438244,1.46853816509
2019/09/06/14:48:13.442386,1.46893811226
2019/09/06/14:48:13.446249,1.46933805943
2019/09/06/14:48:13.450211,1.46973800659
2019/09/06/14:48:13.454482,1.47013795376
2019/09/06/14:48:13.458066,1.47053790092
2019/09/06/14:48:13.462169,1.47093784809
2019/09/06/14:48:13.466114,1.47133779526
2019/09/06/14:48:13.470071,1.47173774242
2019/09/06/14:48:13.474073,1.47213768959
2019/09/06/14:48:13.478018,1.47253763676
2019/09/06/14:48:13.481943,1.47293758392
2019/09/06/14:48:13.486212,1.47333753109
2019/09/06/14:48:13.490498,1.47373747826
2019/09/06/14:48:13.494204,1.47413742542
2019/09/06/14:48:13.498335,1.47453737259
2019/09/06/14:48:13.502243,1.47493731976
2019/09/06/14:48:13.506166,1.47533726692
2019/09/06/14:48:13.510478,1.47573721409
2019/09/06/14:48:13.514223,1.47613716125
2019/09/06/14:48:13.518398,1.47653710842
2019/09/06/14:48:13.522143,1.47693705559
2019/09/06/14:48:13.526125,1.47733700275
2019/09/06/14:48:13.530151,1.47773694992
2019/09/06/14:48:13.534077,1.47813689709
2019/09/06/14:48:13.538039,1.47853684425
2019/09/06/14:48:13.542739,1.47893679142
2019/09/06/14:48:13.546145,1.47933673859
2019/09/06/14:48:13.550051,1.47973668575
2019/09/06/14:48:13.554150,1.48013663292
2019/09/06/14:48:13.558182,1.48053658009
2019/09/06/14:48:13.562168,1.48093652725
2019/09/06/14:48:13.566157,1.48133647442
2019/09/06/14:48:13.570063,1.48173642159
2019/09/06/14:48:13.574044,1.48213636875
2019/09/06/14:48:13.578119,1.48253631592
2019/09/06/14:48:13.582078,1.48293626308
2019/09/06/14:48:13.586076,1.48333621025
2019/09/06/14:48:13.590149,1.48373615742
2019/09/06/14:48:13.594156,1.48413610458
2019/09/06/14:48:13.598036,1.48453605175
2019/09/06/14:48:13.602131,1.48493599892
2019/09/06/14:48:13.606057,1.48533594608
2019/09/06/14:48:13.609981,1.48573589325
2019/09/06/14:48:13.614058,1.48613584042
2019/09/06/14:48:13.617978,1.48653578758
2019/09/06/14:48:13.622226,1.48693573475
2019/09/06/14:48:13.626095,1.48733568192
2019/09/06/14:48:13.630282,1.48773562908
2019/09/06/14:48:13.634371,1.48813557625
2019/09/06/14:48:13.638287,1.48853552341
2019/09/06/14:48:13.642227,1.48893547058
2019/09/06/14:48:13.646196,1.48933541775
2019/09/06/14:48:13.650299,1.48973536491
2019/09/06/14:48:13.654324,1.49013531208
2019/09/06/14:48:13.658147,1.49053525925
2019/09/06/14:48:13.662137,1.49093520641
2019/09/06/14:48:13.666129,1.49133515358
2019/09/06/14:48:13.670377,1.49173510075
2019/09/06/14:48:13.674333,1.49213504791
2019/09/06/14:48:13.678016,1.49253499508
2019/09/06/14:48:13.682180,1.49293494225
2019/09/06/14:48:13.686203,1.49333488941
2019/09/06/14:48:13.690141,1.49373483658
2019/09/06/14:48:13.694162,1.49413478374
2019/09/06/14:48:13.698239,1.49453473091
2019/09/06/14:48:13.702156,1.49493467808
2019/09/06/14:48:13.706133,1.49533462524
2019/09/06/14:48:13.710053,1.49573457241
2019/09/06/14:48:13.714564,1.49613451958
2019/09/06/14:48:13.718237,1.49653446674
2019/09/06/14:48:13.722319,1.49693441391
2019/09/06/14:48:13.726267,1.49733436108
2019/09/06/14:48:13.730282,1.49773430824
2019/09/06/14:48:13.734057,1.49813425541
2019/09/06/14:48:13.738318,1.49853420258
2019/09/06/14:48:13.742169,1.49893414974
2019/09/06/14:48:13.746069,1.49933409691
2019/09/06/14:48:13.750175,1.49973404408
2019/09/06/14:48:13.754200,1.50013399124
2019/09/06/14:48:13.758212,1.50053393841
2019/09/06/14:48:13.762035,1.50093388557
2019/09/06/14:48:13.766192,1.50133383274
2019/09/06/14:48:13.770262,1.50173377991
2019/09/06/14:48:13.774140,1.50213372707
2019/09/06/14:48:13.778073,1.50253367424
2019/09/06/14:48:13.782226,1.50293362141
2019/09/06/14:48:13.786127,1.50333356857
2019/09/06/14:48:13.790024,1.50373351574
2019/09/06/14:48:13.794179,1.50413346291
2019/09/06/14:48:13.798155,1.50453341007
2019/09/06/14:48:13.802328,1.50493335724
2019/09/06/14:48:13.806343,1.50533330441
2019/09/06/14:48:13.810106,1.50573325157
2019/09/06/14:48:13.814214,1.50613319874
2019/09/06/14:48:13.818383,1.5065331459
2019/09/06/14:48:13.822137,1.50693309307
2019/09/06/14:48:13.826243,1.50733304024
2019/09/06/14:48:13.830058,1.5077329874
2019/09/06/14:48:13.834175,1.50813293457
2019/09/06/14:48:13.838074,1.50853288174
2019/09/06/14:48:13.842019,1.5089328289
2019/09/06/14:48:13.846114,1.50933277607
2019/09/06/14:48:13.850107,1.50973272324
2019/09/06/14:48:13.854081,1.5101326704
2019/09/06/14:48:13.858256,1.51053261757
2019/09/06/14:48:13.861814,1.51093256474
2019/09/06/14:48:13.866279,1.5113325119
2019/09/06/14:48:13.870169,1.51173245907
2019/09/06/14:48:13.874120,1.51213240623
2019/09/06/14:48:13.878338,1.5125323534
2019/09/06/14:48:13.882293,1.51293230057
2019/09/06/14:48:13.886471,1.51333224773
2019/09/06/14:48:13.890363,1.5137321949
2019/09/06/14:48:13.894133,1.51413214207
2019/09/06/14:48:13.898204,1.51453208923
2019/09/06/14:48:13.902381,1.5149320364
2019/09/06/14:48:13.906214,1.51533198357
2019/09/06/14:48:13.910142,1.51573193073
2019/09/06/14:48:13.914306,1.5161318779
2019/09/06/14:48:13.918426,1.51653182507
2019/09/06/14:48:13.922084,1.51693177223
2019/09/06/14:48:13.926236,1.5173317194
2019/09/06/14:48:13.930222,1.51773166656
2019/09/06/14:48:13.934024,1.51813161373
2019/09/06/14:48:13.938295,1.5185315609
2019/09/06/14:48:13.942166,1.51893150806
2019/09/06/14:48:13.946173,1.51933145523
2019/09/06/14:48:13.950257,1.5197314024
2019/09/06/14:48:13.954192,1.52013134956
2019/09/06/14:48:13.958156,1.52053129673
2019/09/06/14:48:13.962187,1.5209312439
2019/09/06/14:48:13.966172,1.52133119106
2019/09/06/14:48:13.970294,1.52173113823
2019/09/06/14:48:13.974236,1.5221310854
2019/09/06/14:48:13.978134,1.52253103256
2019/09/06/14:48:13.982166,1.52293097973
2019/09/06/14:48:13.986124,1.5233309269
2019/09/06/14:48:13.990118,1.52373087406
2019/09/06/14:48:13.994264,1.52413082123
2019/09/06/14:48:13.998117,1.52453076839
2019/09/06/14:48:14.002215,1.52493071556
2019/09/06/14:48:14.006110,1.52533066273
2019/09/06/14:48:14.010161,1.52573060989
2019/09/06/14:48:14.014159,1.52613055706
2019/09/06/14:48:14.018248,1.52653050423
2019/09/06/14:48:14.022201,1.52693045139
2019/09/06/14:48:14.026319,1.52733039856
2019/09/06/14:48:14.030201,1.52773034573
2019/09/06/14:48:14.034316,1.52813029289
2019/09/06/14:48:14.038266,1.52853024006
2019/09/06/14:48:14.042256,1.52893018723
2019/09/06/14:48:14.046006,1.52933013439
2019/09/06/14:48:14.050124,1.52973008156
2019/09/06/14:48:14.054114,1.53013002872
2019/09/06/14:48:14.058279,1.53052997589
2019/09/06/14:48:14.062037,1.53092992306
2019/09/06/14:48:14.066113,1.53132987022
2019/09/06/14:48:14.070157,1.53172981739
2019/09/06/14:48:14.074068,1.53212976456
2019/09/06/14:48:14.078103,1.53252971172
2019/09/06/14:48:14.082276,1.53292965889
2019/09/06/14:48:14.086092,1.53332960606
2019/09/06/14:48:14.090337,1.53372955322
2019/09/06/14:48:14.094228,1.53412950039
2019/09/06/14:48:14.098343,1.53452944756
2019/09/06/14:48:14.102131,1.53492939472
2019/09/06/14:48:14.106220,1.53532934189
2019/09/06/14:48:14.110289,1.53572928905
2019/09/06/14:48:14.114135,1.53612923622
2019/09/06/14:48:14.118441,1.53652918339
2019/09/06/14:48:14.122230,1.53692913055
2019/09/06/14:48:14.126318,1.53732907772
2019/09/06/14:48:14.130148,1.53772902489
2019/09/06/14:48:14.134182,1.53812897205
2019/09/06/14:48:14.138202,1.53852891922
2019/09/06/14:48:14.142300,1.53892886639
2019/09/06/14:48:14.146086,1.53932881355
2019/09/06/14:48:14.150130,1.53972876072
2019/09/06/14:48:14.154064,1.54012870789
2019/09/06/14:48:14.158264,1.54052865505
2019/09/06/14:48:14.162109,1.54092860222
2019/09/06/14:48:14.166161,1.54132854939
2019/09/06/14:48:14.170420,1.54172849655
2019/09/06/14:48:14.174148,1.54212844372
2019/09/06/14:48:14.177930,1.54252839088
2019/09/06/14:48:14.182226,1.54292833805
2019/09/06/14:48:14.186219,1.54332828522
2019/09/06/14:48:14.190137,1.54372823238
2019/09/06/14:48:14.194104,1.54412817955
2019/09/06/14:48:14.198284,1.54452812672
2019/09/06/14:48:14.202101,1.54492807388
2019/09/06/14:48:14.206078,1.54532802105
2019/09/06/14:48:14.210083,1.54572796822
2019/09/06/14:48:14.214302,1.54612791538
2019/09/06/14:48:14.218228,1.54652786255
2019/09/06/14:48:14.222268,1.54692780972
2019/09/06/14:48:14.226067,1.54732775688
2019/09/06/14:48:14.230182,1.54772770405
2019/09/06/14:48:14.234136,1.54812765121
2019/09/06/14:48:14.238090,1.54852759838
2019/09/06/14:48:14.242114,1.54892754555
2019/09/06/14:48:14.246163,1.54932749271
2019/09/06/14:48:14.249981,1.54972743988
2019/09/06/14:48:14.254229,1.55012738705
2019/09/06/14:48:14.258120,1.55052733421
2019/09/06/14:48:14.262026,1.55092728138
2019/09/06/14:48:14.265805,1.55132722855
2019/09/06/14:48:14.270172,1.55172717571
2019/09/06/14:48:14.274188,1.55212712288
2019/09/06/14:48:14.278206,1.55252707005
2019/09/06/14:48:14.282132,1.55292701721
2019/09/06/14:48:14.286067,1.55332696438
2019/09/06/14:48:14.290252,1.55372691154
2019/09/06/14:48:14.294149,1.55412685871
2019/09/06/14:48:14.298170,1.55452680588
2019/09/06/14:48:14.302212,1.55492675304
2019/09/06/14:48:14.306374,1.55532670021
2019/09/06/14:48:14.310150,1.55572664738
2019/09/06/14:48:14.314210,1.55612659454
2019/09/06/14:48:14.318435,1.55652654171
2019/09/06/14:48:14.322067,1.55692648888
2019/09/06/14:48:14.326230,1.55732643604
2019/09/06/14:48:14.330190,1.55772638321
2019/09/06/14:48:14.333858,1.55812633038
2019/09/06/14:48:14.338358,1.55852627754
2019/09/06/14:48:14.342474,1.55892622471
2019/09/06/14:48:14.346124,1.55932617188
2019/09/06/14:48:14.350255,1.55972611904
2019/09/06/14:48:14.354217,1.56012606621
2019/09/06/14:48:14.358415,1.56052601337
2019/09/06/14:48:14.362201,1.56092596054
2019/09/06/14:48:14.366480,1.56132590771
2019/09/06/14:48:14.370314,1.56172585487
2019/09/06/14:48:14.374179,1.56212580204
2019/09/06/14:48:14.378167,1.56252574921
2019/09/06/14:48:14.382312,1.56292569637
2019/09/06/14:48:14.386279,1.56332564354
2019/09/06/14:48:14.390175,1.56372559071
2019/09/06/14:48:14.394190,1.56412553787
2019/09/06/14:48:14.398168,1.56452548504
2019/09/06/14:48:14.402214,1.56492543221
2019/09/06/14:48:14.405978,1.56532537937
2019/09/06/14:48:14.410056,1.56572532654
2019/09/06/14:48:14.414200,1.5661252737
2019/09/06/14:48:14.418174,1.56652522087
2019/09/06/14:48:14.422300,1.56692516804
2019/09/06/14:48:14.426187,1.5673251152
2019/09/06/14:48:14.430169,1.56772506237
2019/09/06/14:48:14.434006,1.56812500954
2019/09/06/14:48:14.438263,1.5685249567
2019/09/06/14:48:14.442126,1.56892490387
2019/09/06/14:48:14.446066,1.56932485104
2019/09/06/14:48:14.450328,1.5697247982
2019/09/06/14:48:14.454202,1.57012474537
2019/09/06/14:48:14.458126,1.57052469254
2019/09/06/14:48:14.462352,1.5709246397
2019/09/06/14:48:14.466306,1.57132458687
2019/09/06/14:48:14.470140,1.57172453403
2019/09/06/14:48:14.474066,1.5721244812
2019/09/06/14:48:14.478285,1.57252442837
2019/09/06/14:48:14.482133,1.57292437553
2019/09/06/14:48:14.486250,1.5733243227
2019/09/06/14:48:14.490138,1.57372426987
2019/09/06/14:48:14.494136,1.57412421703
2019/09/06/14:48:14.498180,1.5745241642
2019/09/06/14:48:14.502041,1.57492411137
2019/09/06/14:48:14.506225,1.57532405853
2019/09/06/14:48:14.510159,1.5757240057
2019/09/06/14:48:14.514094,1.57612395287
2019/09/06/14:48:14.518274,1.57652390003
2019/09/06/14:48:14.522159,1.5769238472
2019/09/06/14:48:14.526098,1.57732379436
2019/09/06/14:48:14.530235,1.57772374153
2019/09/06/14:48:14.534163,1.5781236887
2019/09/06/14:48:14.538172,1.57852363586
2019/09/06/14:48:14.542088,1.57892358303
2019/09/06/14:48:14.546230,1.5793235302
2019/09/06/14:48:14.550195,1.57972347736
2019/09/06/14:48:14.554134,1.58012342453
2019/09/06/14:48:14.558158,1.5805233717
2019/09/06/14:48:14.562272,1.58092331886
2019/09/06/14:48:14.566354,1.58132326603
2019/09/06/14:48:14.570018,1.5817232132
2019/09/06/14:48:14.573988,1.58212316036
2019/09/06/14:48:14.577981,1.58252310753
2019/09/06/14:48:14.581938,1.5829230547
2019/09/06/14:48:14.586133,1.58332300186
2019/09/06/14:48:14.590167,1.58372294903
2019/09/06/14:48:14.594238,1.58412289619
2019/09/06/14:48:14.598385,1.58452284336
2019/09/06/14:48:14.602110,1.58492279053
2019/09/06/14:48:14.605954,1.58532273769
2019/09/06/14:48:14.610172,1.58572268486
2019/09/06/14:48:14.614149,1.58612263203
2019/09/06/14:48:14.618195,1.58652257919
2019/09/06/14:48:14.622397,1.58692252636
2019/09/06/14:48:14.626151,1.58732247353
2019/09/06/14:48:14.630204,1.58772242069
2019/09/06/14:48:14.634169,1.58812236786
2019/09/06/14:48:14.638207,1.58852231503
2019/09/06/14:48:14.642401,1.58892226219
2019/09/06/14:48:14.646104,1.58932220936
2019/09/06/14:48:14.650264,1.58972215652
2019/09/06/14:48:14.654116,1.59012210369
2019/09/06/14:48:14.658034,1.59052205086
2019/09/06/14:48:14.662058,1.59092199802
2019/09/06/14:48:14.666088,1.59132194519
2019/09/06/14:48:14.670036,1.59172189236
2019/09/06/14:48:14.674173,1.59212183952
2019/09/06/14:48:14.678055,1.59252178669
2019/09/06/14:48:14.682204,1.59292173386
2019/09/06/14:48:14.685982,1.59332168102
2019/09/06/14:48:14.690093,1.59372162819
2019/09/06/14:48:14.694111,1.59412157536
2019/09/06/14:48:14.698039,1.59452152252
2019/09/06/14:48:14.702050,1.59492146969
2019/09/06/14:48:14.706084,1.59532141685
2019/09/06/14:48:14.710174,1.59572136402
2019/09/06/14:48:14.714029,1.59612131119
2019/09/06/14:48:14.718120,1.59652125835
2019/09/06/14:48:14.722088,1.59692120552
2019/09/06/14:48:14.726363,1.59732115269
2019/09/06/14:48:14.730136,1.59772109985
2019/09/06/14:48:14.734167,1.59812104702
2019/09/06/14:48:14.738262,1.59852099419
2019/09/06/14:48:14.742222,1.59892094135
2019/09/06/14:48:14.746108,1.59932088852
2019/09/06/14:48:14.750185,1.59972083569
2019/09/06/14:48:14.754154,1.60012078285
2019/09/06/14:48:14.758162,1.60052073002
2019/09/06/14:48:14.762239,1.60092067719
2019/09/06/14:48:14.766137,1.60132062435
2019/09/06/14:48:14.770516,1.60172057152
2019/09/06/14:48:14.774084,1.60212051868
2019/09/06/14:48:14.777991,1.60252046585
2019/09/06/14:48:14.782127,1.60292041302
2019/09/06/14:48:14.786162,1.60332036018
2019/09/06/14:48:14.790109,1.60372030735
2019/09/06/14:48:14.794263,1.60412025452
2019/09/06/14:48:14.798153,1.60452020168
2019/09/06/14:48:14.802298,1.60492014885
2019/09/06/14:48:14.806314,1.60532009602
2019/09/06/14:48:14.810547,1.60572004318
2019/09/06/14:48:14.814253,1.60611999035
2019/09/06/14:48:14.818285,1.60651993752
2019/09/06/14:48:14.822176,1.60691988468
2019/09/06/14:48:14.826210,1.60731983185
2019/09/06/14:48:14.830156,1.60771977901
2019/09/06/14:48:14.834176,1.60811972618
2019/09/06/14:48:14.838375,1.60851967335
2019/09/06/14:48:14.842423,1.60891962051
2019/09/06/14:48:14.846295,1.60931956768
2019/09/06/14:48:14.850339,1.60971951485
2019/09/06/14:48:14.854178,1.61011946201
2019/09/06/14:48:14.858246,1.61051940918
2019/09/06/14:48:14.862284,1.61091935635
2019/09/06/14:48:14.866187,1.61131930351
2019/09/06/14:48:14.870327,1.61171925068
2019/09/06/14:48:14.874259,1.61211919785
2019/09/06/14:48:14.878277,1.61251914501
2019/09/06/14:48:14.882105,1.61291909218
2019/09/06/14:48:14.886080,1.61331903934
2019/09/06/14:48:14.890184,1.61371898651
2019/09/06/14:48:14.894087,1.61411893368
2019/09/06/14:48:14.898218,1.61451888084
2019/09/06/14:48:14.902035,1.61491882801
2019/09/06/14:48:14.906153,1.61531877518
2019/09/06/14:48:14.910283,1.61571872234
2019/09/06/14:48:14.914199,1.61611866951
2019/09/06/14:48:14.918275,1.61651861668
2019/09/06/14:48:14.922259,1.61691856384
2019/09/06/14:48:14.926094,1.61731851101
2019/09/06/14:48:14.930274,1.61771845818
2019/09/06/14:48:14.934436,1.61811840534
2019/09/06/14:48:14.938202,1.61851835251
2019/09/06/14:48:14.942311,1.61891829967
2019/09/06/14:48:14.946085,1.61931824684
2019/09/06/14:48:14.950125,1.61971819401
2019/09/06/14:48:14.954208,1.62011814117
2019/09/06/14:48:14.958135,1.62051808834
2019/09/06/14:48:14.962152,1.62091803551
2019/09/06/14:48:14.966024,1.62131798267
2019/09/06/14:48:14.970061,1.62171792984
2019/09/06/14:48:14.973828,1.62211787701
2019/09/06/14:48:14.978154,1.62251782417
2019/09/06/14:48:14.982030,1.62291777134
2019/09/06/14:48:14.986198,1.62331771851
2019/09/06/14:48:14.990204,1.62371766567
2019/09/06/14:48:14.994251,1.62411761284
2019/09/06/14:48:14.998217,1.62451756001
2019/09/06/14:48:15.002072,1.62491750717
2019/09/06/14:48:15.006381,1.62531745434
2019/09/06/14:48:15.010080,1.6257174015
2019/09/06/14:48:15.014050,1.62611734867
2019/09/06/14:48:15.018167,1.62651729584
2019/09/06/14:48:15.022331,1.626917243
2019/09/06/14:48:15.026374,1.62731719017
2019/09/06/14:48:15.030457,1.62771713734
2019/09/06/14:48:15.034034,1.6281170845
2019/09/06/14:48:15.037953,1.62851703167
2019/09/06/14:48:15.042137,1.62891697884
2019/09/06/14:48:15.046041,1.629316926
2019/09/06/14:48:15.050081,1.62971687317
2019/09/06/14:48:15.054107,1.63011682034
2019/09/06/14:48:15.058081,1.6305167675
2019/09/06/14:48:15.062153,1.63091671467
2019/09/06/14:48:15.066044,1.63131666183
2019/09/06/14:48:15.070148,1.631716609
2019/09/06/14:48:15.074034,1.63211655617
2019/09/06/14:48:15.078196,1.63251650333
2019/09/06/14:48:15.082215,1.6329164505
2019/09/06/14:48:15.086323,1.63331639767
2019/09/06/14:48:15.090224,1.63371634483
2019/09/06/14:48:15.094075,1.634116292
2019/09/06/14:48:15.098217,1.63451623917
2019/09/06/14:48:15.102294,1.63491618633
2019/09/06/14:48:15.106137,1.6353161335
2019/09/06/14:48:15.110075,1.63571608067
2019/09/06/14:48:15.114247,1.63611602783
2019/09/06/14:48:15.118214,1.636515975
2019/09/06/14:48:15.122273,1.63691592216
2019/09/06/14:48:15.126252,1.63731586933
2019/09/06/14:48:15.130161,1.6377158165
2019/09/06/14:48:15.134132,1.63811576366
2019/09/06/14:48:15.138218,1.63851571083
2019/09/06/14:48:15.141980,1.638915658
2019/09/06/14:48:15.146159,1.63931560516
2019/09/06/14:48:15.150308,1.63971555233
2019/09/06/14:48:15.154094,1.6401154995
2019/09/06/14:48:15.158223,1.64051544666
2019/09/06/14:48:15.162159,1.64091539383
2019/09/06/14:48:15.166246,1.641315341
2019/09/06/14:48:15.170286,1.64171528816
2019/09/06/14:48:15.174492,1.64211523533
2019/09/06/14:48:15.178150,1.6425151825
2019/09/06/14:48:15.181961,1.64291512966
2019/09/06/14:48:15.186149,1.64331507683
2019/09/06/14:48:15.190151,1.64371502399
2019/09/06/14:48:15.194317,1.64411497116
2019/09/06/14:48:15.198272,1.64451491833
2019/09/06/14:48:15.202335,1.64491486549
2019/09/06/14:48:15.206227,1.64531481266
2019/09/06/14:48:15.209990,1.64571475983
2019/09/06/14:48:15.214561,1.64611470699
2019/09/06/14:48:15.218241,1.64651465416
2019/09/06/14:48:15.222345,1.64691460133
2019/09/06/14:48:15.226327,1.64731454849
2019/09/06/14:48:15.230077,1.64771449566
2019/09/06/14:48:15.234433,1.64811444283
2019/09/06/14:48:15.238205,1.64851438999
2019/09/06/14:48:15.242288,1.64891433716
2019/09/06/14:48:15.246150,1.64931428432
2019/09/06/14:48:15.250095,1.64971423149
2019/09/06/14:48:15.254223,1.65011417866
2019/09/06/14:48:15.258184,1.65051412582
2019/09/06/14:48:15.262407,1.65091407299
2019/09/06/14:48:15.266182,1.65131402016
2019/09/06/14:48:15.270230,1.65171396732
2019/09/06/14:48:15.274271,1.65211391449
2019/09/06/14:48:15.278162,1.65251386166
2019/09/06/14:48:15.282137,1.65291380882
2019/09/06/14:48:15.286203,1.65331375599
2019/09/06/14:48:15.290292,1.65371370316
2019/09/06/14:48:15.294178,1.65411365032
2019/09/06/14:48:15.298196,1.65451359749
2019/09/06/14:48:15.302461,1.65491354465
2019/09/06/14:48:15.306224,1.65531349182
2019/09/06/14:48:15.310097,1.65571343899
2019/09/06/14:48:15.314230,1.65611338615
2019/09/06/14:48:15.318441,1.65651333332
2019/09/06/14:48:15.322260,1.65691328049
2019/09/06/14:48:15.326073,1.65731322765
2019/09/06/14:48:15.330159,1.65771317482
2019/09/06/14:48:15.333988,1.65811312199
2019/09/06/14:48:15.338037,1.65851306915
2019/09/06/14:48:15.342093,1.65891301632
2019/09/06/14:48:15.346110,1.65931296349
2019/09/06/14:48:15.350130,1.65971291065
2019/09/06/14:48:15.354111,1.66011285782
2019/09/06/14:48:15.358112,1.66051280499
2019/09/06/14:48:15.362167,1.66091275215
2019/09/06/14:48:15.366117,1.66131269932
2019/09/06/14:48:15.370287,1.66171264648
2019/09/06/14:48:15.374101,1.66211259365
2019/09/06/14:48:15.377883,1.66251254082
2019/09/06/14:48:15.382027,1.66291248798
2019/09/06/14:48:15.386239,1.66331243515
2019/09/06/14:48:15.390080,1.66371238232
2019/09/06/14:48:15.394137,1.66411232948
2019/09/06/14:48:15.398048,1.66451227665
2019/09/06/14:48:15.402238,1.66491222382
2019/09/06/14:48:15.406077,1.66531217098
2019/09/06/14:48:15.410341,1.66571211815
2019/09/06/14:48:15.414051,1.66611206532
2019/09/06/14:48:15.418171,1.66651201248
2019/09/06/14:48:15.422354,1.66691195965
2019/09/06/14:48:15.426332,1.66731190681
2019/09/06/14:48:15.429783,1.66771185398
2019/09/06/14:48:15.434059,1.66811180115
2019/09/06/14:48:15.438417,1.66851174831
2019/09/06/14:48:15.442353,1.66891169548
2019/09/06/14:48:15.446234,1.66931164265
2019/09/06/14:48:15.450210,1.66971158981
2019/09/06/14:48:15.454073,1.67011153698
2019/09/06/14:48:15.458079,1.67051148415
2019/09/06/14:48:15.462147,1.67091143131
2019/09/06/14:48:15.466192,1.67131137848
2019/09/06/14:48:15.470183,1.67171132565
2019/09/06/14:48:15.474037,1.67211127281
2019/09/06/14:48:15.478353,1.67251121998
2019/09/06/14:48:15.482172,1.67291116714
2019/09/06/14:48:15.486101,1.67331111431
2019/09/06/14:48:15.490189,1.67371106148
2019/09/06/14:48:15.494216,1.67411100864
2019/09/06/14:48:15.498294,1.67451095581
2019/09/06/14:48:15.501944,1.67491090298
2019/09/06/14:48:15.506130,1.67531085014
2019/09/06/14:48:15.510113,1.67571079731
2019/09/06/14:48:15.514154,1.67611074448
2019/09/06/14:48:15.518064,1.67651069164
2019/09/06/14:48:15.522434,1.67691063881
2019/09/06/14:48:15.526083,1.67731058598
2019/09/06/14:48:15.530095,1.67771053314
2019/09/06/14:48:15.534213,1.67811048031
2019/09/06/14:48:15.538031,1.67851042747
2019/09/06/14:48:15.542092,1.67891037464
2019/09/06/14:48:15.546112,1.67931032181
2019/09/06/14:48:15.550187,1.67971026897
2019/09/06/14:48:15.554463,1.68011021614
2019/09/06/14:48:15.558421,1.68051016331
2019/09/06/14:48:15.562572,1.68091011047
2019/09/06/14:48:15.566100,1.68131005764
2019/09/06/14:48:15.570083,1.68171000481
2019/09/06/14:48:15.574096,1.68210995197
2019/09/06/14:48:15.578079,1.68250989914
2019/09/06/14:48:15.582211,1.68290984631
2019/09/06/14:48:15.586110,1.68330979347
2019/09/06/14:48:15.590147,1.68370974064
2019/09/06/14:48:15.594158,1.68410968781
2019/09/06/14:48:15.598108,1.68450963497
2019/09/06/14:48:15.602137,1.68490958214
2019/09/06/14:48:15.606018,1.6853095293
2019/09/06/14:48:15.610075,1.68570947647
2019/09/06/14:48:15.614086,1.68610942364
2019/09/06/14:48:15.618116,1.6865093708
2019/09/06/14:48:15.622024,1.68690931797
2019/09/06/14:48:15.626084,1.68730926514
2019/09/06/14:48:15.629942,1.6877092123
2019/09/06/14:48:15.634191,1.68810915947
2019/09/06/14:48:15.638169,1.68850910664
2019/09/06/14:48:15.642266,1.6889090538
2019/09/06/14:48:15.646236,1.68930900097
2019/09/06/14:48:15.650120,1.68970894814
2019/09/06/14:48:15.654097,1.6901088953
2019/09/06/14:48:15.658252,1.69050884247
2019/09/06/14:48:15.662465,1.69090878963
2019/09/06/14:48:15.666408,1.6913087368
2019/09/06/14:48:15.670229,1.69170868397
2019/09/06/14:48:15.674139,1.69210863113
2019/09/06/14:48:15.677947,1.6925085783
2019/09/06/14:48:15.682128,1.69290852547
2019/09/06/14:48:15.686165,1.69330847263
2019/09/06/14:48:15.690392,1.6937084198
2019/09/06/14:48:15.694099,1.69410836697
2019/09/06/14:48:15.698183,1.69450831413
2019/09/06/14:48:15.702354,1.6949082613
2019/09/06/14:48:15.706458,1.69530820847
2019/09/06/14:48:15.710240,1.69570815563
2019/09/06/14:48:15.714240,1.6961081028
2019/09/06/14:48:15.718285,1.69650804996
2019/09/06/14:48:15.722311,1.69690799713
2019/09/06/14:48:15.726224,1.6973079443
2019/09/06/14:48:15.730381,1.69770789146
2019/09/06/14:48:15.734254,1.69810783863
2019/09/06/14:48:15.738116,1.6985077858
2019/09/06/14:48:15.742153,1.69890773296
2019/09/06/14:48:15.746373,1.69930768013
2019/09/06/14:48:15.750148,1.6997076273
2019/09/06/14:48:15.754472,1.70010757446
2019/09/06/14:48:15.758369,1.70050752163
2019/09/06/14:48:15.762450,1.7009074688
2019/09/06/14:48:15.766138,1.70130741596
2019/09/06/14:48:15.770191,1.70170736313
2019/09/06/14:48:15.774186,1.7021073103
2019/09/06/14:48:15.778188,1.70250725746
2019/09/06/14:48:15.782156,1.70290720463
2019/09/06/14:48:15.786134,1.70330715179
2019/09/06/14:48:15.790275,1.70370709896
2019/09/06/14:48:15.794298,1.70410704613
2019/09/06/14:48:15.798169,1.70450699329
2019/09/06/14:48:15.802247,1.70490694046
2019/09/06/14:48:15.806103,1.70530688763
2019/09/06/14:48:15.810122,1.70570683479
2019/09/06/14:48:15.814154,1.70610678196
2019/09/06/14:48:15.818096,1.70650672913
2019/09/06/14:48:15.822361,1.70690667629
2019/09/06/14:48:15.826109,1.70730662346
2019/09/06/14:48:15.830270,1.70770657063
2019/09/06/14:48:15.833797,1.70810651779
2019/09/06/14:48:15.838081,1.70850646496
2019/09/06/14:48:15.842391,1.70890641212
2019/09/06/14:48:15.846040,1.70930635929
2019/09/06/14:48:15.850135,1.70970630646
2019/09/06/14:48:15.854031,1.71010625362
2019/09/06/14:48:15.858147,1.71050620079
2019/09/06/14:48:15.862200,1.71090614796
2019/09/06/14:48:15.866164,1.71130609512
2019/09/06/14:48:15.870195,1.71170604229
2019/09/06/14:48:15.874335,1.71210598946
2019/09/06/14:48:15.878230,1.71250593662
2019/09/06/14:48:15.882201,1.71290588379
2019/09/06/14:48:15.886184,1.71330583096
2019/09/06/14:48:15.890247,1.71370577812
2019/09/06/14:48:15.894129,1.71410572529
2019/09/06/14:48:15.898254,1.71450567245
2019/09/06/14:48:15.902361,1.71490561962
2019/09/06/14:48:15.906105,1.71530556679
2019/09/06/14:48:15.910138,1.71570551395
2019/09/06/14:48:15.914192,1.71610546112
2019/09/06/14:48:15.918258,1.71650540829
2019/09/06/14:48:15.922067,1.71690535545
2019/09/06/14:48:15.926304,1.71730530262
2019/09/06/14:48:15.930258,1.71770524979
2019/09/06/14:48:15.933884,1.71810519695
2019/09/06/14:48:15.938200,1.71810519695
2019/09/06/14:48:15.941984,1.71770524979
2019/09/06/14:48:15.946057,1.71730530262
2019/09/06/14:48:15.949968,1.71690535545
2019/09/06/14:48:15.954066,1.71650540829
2019/09/06/14:48:15.958044,1.71610546112
2019/09/06/14:48:15.961968,1.71570551395
2019/09/06/14:48:15.966203,1.71530556679
2019/09/06/14:48:15.970271,1.71490561962
2019/09/06/14:48:15.974155,1.71450567245
2019/09/06/14:48:15.978063,1.71410572529
2019/09/06/14:48:15.982086,1.71370577812
2019/09/06/14:48:15.986142,1.71330583096
2019/09/06/14:48:15.990125,1.71290588379
2019/09/06/14:48:15.994194,1.71250593662
2019/09/06/14:48:15.998162,1.71210598946
2019/09/06/14:48:16.002261,1.71170604229
2019/09/06/14:48:16.006351,1.71130609512
2019/09/06/14:48:16.010337,1.71090614796
2019/09/06/14:48:16.014433,1.71050620079
2019/09/06/14:48:16.018249,1.71010625362
2019/09/06/14:48:16.022228,1.70970630646
2019/09/06/14:48:16.026290,1.70930635929
2019/09/06/14:48:16.029776,1.70890641212
2019/09/06/14:48:16.034199,1.70890641212
2019/09/06/14:48:16.038181,1.70930635929
2019/09/06/14:48:16.042191,1.70970630646
2019/09/06/14:48:16.046087,1.71010625362
2019/09/06/14:48:16.050203,1.71050620079
2019/09/06/14:48:16.053972,1.71090614796
2019/09/06/14:48:16.058025,1.71130609512
2019/09/06/14:48:16.062168,1.71170604229
2019/09/06/14:48:16.066179,1.71210598946
2019/09/06/14:48:16.070122,1.71250593662
2019/09/06/14:48:16.074209,1.71290588379
2019/09/06/14:48:16.078199,1.71330583096
2019/09/06/14:48:16.082186,1.71370577812
2019/09/06/14:48:16.085792,1.71410572529
2019/09/06/14:48:16.090197,1.71450567245
2019/09/06/14:48:16.094114,1.71490561962
2019/09/06/14:48:16.097981,1.71530556679
2019/09/06/14:48:16.102008,1.71570551395
2019/09/06/14:48:16.106119,1.71610546112
2019/09/06/14:48:16.110169,1.71650540829
2019/09/06/14:48:16.114383,1.71690535545
2019/09/06/14:48:16.118175,1.71730530262
2019/09/06/14:48:16.122159,1.71770524979
2019/09/06/14:48:16.126216,1.71810519695
2019/09/06/14:48:16.129957,1.71850514412
2019/09/06/14:48:16.134269,1.71890509129
2019/09/06/14:48:16.138399,1.71930503845
2019/09/06/14:48:16.142067,1.71970498562
2019/09/06/14:48:16.146047,1.72010493279
2019/09/06/14:48:16.150195,1.72050487995
2019/09/06/14:48:16.154274,1.72090482712
2019/09/06/14:48:16.158218,1.72130477428
2019/09/06/14:48:16.162282,1.72170472145
2019/09/06/14:48:16.166326,1.72210466862
2019/09/06/14:48:16.170104,1.72250461578
2019/09/06/14:48:16.174000,1.72290456295
2019/09/06/14:48:16.178039,1.72330451012
2019/09/06/14:48:16.182209,1.72370445728
2019/09/06/14:48:16.186341,1.72410440445
2019/09/06/14:48:16.190164,1.72450435162
2019/09/06/14:48:16.194102,1.72490429878
2019/09/06/14:48:16.198308,1.72530424595
2019/09/06/14:48:16.202211,1.72570419312
2019/09/06/14:48:16.206263,1.72610414028
2019/09/06/14:48:16.210055,1.72650408745
2019/09/06/14:48:16.214254,1.72690403461
2019/09/06/14:48:16.218257,1.72730398178
2019/09/06/14:48:16.222260,1.72770392895
2019/09/06/14:48:16.226348,1.72810387611
2019/09/06/14:48:16.229927,1.72850382328
2019/09/06/14:48:16.234035,1.72890377045
2019/09/06/14:48:16.238150,1.72930371761
2019/09/06/14:48:16.242029,1.72970366478
2019/09/06/14:48:16.246174,1.73010361195
2019/09/06/14:48:16.250024,1.73050355911
2019/09/06/14:48:16.254038,1.73090350628
2019/09/06/14:48:16.258004,1.73130345345
2019/09/06/14:48:16.261968,1.73170340061
2019/09/06/14:48:16.265932,1.73210334778
2019/09/06/14:48:16.270006,1.73250329494
2019/09/06/14:48:16.274369,1.73290324211
2019/09/06/14:48:16.277875,1.73330318928
2019/09/06/14:48:16.282046,1.73370313644
2019/09/06/14:48:16.286059,1.73410308361
2019/09/06/14:48:16.290388,1.73450303078
2019/09/06/14:48:16.294260,1.73490297794
2019/09/06/14:48:16.298166,1.73530292511
2019/09/06/14:48:16.302215,1.73570287228
2019/09/06/14:48:16.306274,1.73610281944
2019/09/06/14:48:16.310326,1.73650276661
2019/09/06/14:48:16.314592,1.73690271378
2019/09/06/14:48:16.318472,1.73730266094
2019/09/06/14:48:16.322186,1.73770260811
2019/09/06/14:48:16.326356,1.73810255527
2019/09/06/14:48:16.330274,1.73850250244
2019/09/06/14:48:16.334081,1.73890244961
2019/09/06/14:48:16.338237,1.73930239677
2019/09/06/14:48:16.342189,1.73970234394
2019/09/06/14:48:16.346164,1.74010229111
2019/09/06/14:48:16.350349,1.74050223827
2019/09/06/14:48:16.354330,1.74090218544
2019/09/06/14:48:16.358339,1.74130213261
2019/09/06/14:48:16.362182,1.74170207977
2019/09/06/14:48:16.366179,1.74210202694
2019/09/06/14:48:16.370411,1.74250197411
2019/09/06/14:48:16.374143,1.74290192127
2019/09/06/14:48:16.378070,1.74330186844
2019/09/06/14:48:16.382081,1.74370181561
2019/09/06/14:48:16.386138,1.74410176277
2019/09/06/14:48:16.390134,1.74450170994
2019/09/06/14:48:16.394332,1.7449016571
2019/09/06/14:48:16.398136,1.74530160427
2019/09/06/14:48:16.402123,1.74570155144
2019/09/06/14:48:16.406128,1.7461014986
2019/09/06/14:48:16.410241,1.74650144577
2019/09/06/14:48:16.414310,1.74690139294
2019/09/06/14:48:16.418278,1.7473013401
2019/09/06/14:48:16.422127,1.74770128727
2019/09/06/14:48:16.426126,1.74810123444
2019/09/06/14:48:16.430191,1.7485011816
2019/09/06/14:48:16.433778,1.74890112877
2019/09/06/14:48:16.438245,1.74930107594
2019/09/06/14:48:16.441913,1.7497010231
2019/09/06/14:48:16.446085,1.75010097027
2019/09/06/14:48:16.450043,1.75050091743
2019/09/06/14:48:16.454035,1.7509008646
2019/09/06/14:48:16.458186,1.75130081177
2019/09/06/14:48:16.462195,1.75170075893
2019/09/06/14:48:16.466297,1.7521007061
2019/09/06/14:48:16.470221,1.75250065327
2019/09/06/14:48:16.474183,1.75290060043
2019/09/06/14:48:16.478227,1.7533005476
2019/09/06/14:48:16.482512,1.75370049477
2019/09/06/14:48:16.486204,1.75410044193
2019/09/06/14:48:16.489926,1.7545003891
2019/09/06/14:48:16.494167,1.75490033627
2019/09/06/14:48:16.498098,1.75530028343
2019/09/06/14:48:16.502141,1.7557002306
2019/09/06/14:48:16.506122,1.75610017776
2019/09/06/14:48:16.510264,1.75650012493
2019/09/06/14:48:16.514196,1.7569000721
2019/09/06/14:48:16.518223,1.75730001926
2019/09/06/14:48:16.522148,1.75769996643
2019/09/06/14:48:16.526321,1.7580999136
2019/09/06/14:48:16.530339,1.75849986076
2019/09/06/14:48:16.534209,1.75889980793
2019/09/06/14:48:16.537899,1.7592997551
2019/09/06/14:48:16.542192,1.75969970226
2019/09/06/14:48:16.546109,1.76009964943
2019/09/06/14:48:16.550098,1.7604995966
2019/09/06/14:48:16.554202,1.76089954376
2019/09/06/14:48:16.558133,1.76129949093
2019/09/06/14:48:16.562161,1.7616994381
2019/09/06/14:48:16.566339,1.76209938526
2019/09/06/14:48:16.570190,1.76249933243
2019/09/06/14:48:16.574054,1.76289927959
2019/09/06/14:48:16.578126,1.76329922676
2019/09/06/14:48:16.581977,1.76369917393
2019/09/06/14:48:16.586204,1.76409912109
2019/09/06/14:48:16.590371,1.76449906826
2019/09/06/14:48:16.594443,1.76489901543
2019/09/06/14:48:16.598266,1.76529896259
2019/09/06/14:48:16.602116,1.76569890976
2019/09/06/14:48:16.606415,1.76609885693
2019/09/06/14:48:16.610255,1.76649880409
2019/09/06/14:48:16.614212,1.76689875126
2019/09/06/14:48:16.618248,1.76729869843
2019/09/06/14:48:16.622201,1.76769864559
2019/09/06/14:48:16.626247,1.76809859276
2019/09/06/14:48:16.630321,1.76849853992
2019/09/06/14:48:16.634224,1.76889848709
2019/09/06/14:48:16.638451,1.76929843426
2019/09/06/14:48:16.642248,1.76969838142
2019/09/06/14:48:16.646307,1.77009832859
2019/09/06/14:48:16.650206,1.77049827576
2019/09/06/14:48:16.654276,1.77089822292
2019/09/06/14:48:16.658282,1.77129817009
2019/09/06/14:48:16.662343,1.77169811726
2019/09/06/14:48:16.666214,1.77209806442
2019/09/06/14:48:16.670156,1.77249801159
2019/09/06/14:48:16.674264,1.77289795876
2019/09/06/14:48:16.678192,1.77329790592
2019/09/06/14:48:16.682249,1.77369785309
2019/09/06/14:48:16.686291,1.77409780025
2019/09/06/14:48:16.690169,1.77449774742
2019/09/06/14:48:16.694108,1.77489769459
2019/09/06/14:48:16.698147,1.77529764175
2019/09/06/14:48:16.702183,1.77569758892
2019/09/06/14:48:16.706146,1.77609753609
2019/09/06/14:48:16.710086,1.77649748325
2019/09/06/14:48:16.714291,1.77689743042
2019/09/06/14:48:16.718190,1.77729737759
2019/09/06/14:48:16.722240,1.77769732475
2019/09/06/14:48:16.726167,1.77809727192
2019/09/06/14:48:16.730015,1.77849721909
2019/09/06/14:48:16.734300,1.77889716625
2019/09/06/14:48:16.738164,1.77929711342
2019/09/06/14:48:16.742419,1.77969706059
2019/09/06/14:48:16.746167,1.78009700775
2019/09/06/14:48:16.750264,1.78049695492
2019/09/06/14:48:16.754233,1.78089690208
2019/09/06/14:48:16.758341,1.78129684925
2019/09/06/14:48:16.762337,1.78169679642
2019/09/06/14:48:16.766205,1.78209674358
2019/09/06/14:48:16.770297,1.78249669075
2019/09/06/14:48:16.774124,1.78289663792
2019/09/06/14:48:16.778216,1.78329658508
2019/09/06/14:48:16.782489,1.78369653225
2019/09/06/14:48:16.786266,1.78409647942
2019/09/06/14:48:16.790110,1.78449642658
2019/09/06/14:48:16.793779,1.78489637375
2019/09/06/14:48:16.798231,1.78529632092
2019/09/06/14:48:16.802096,1.78569626808
2019/09/06/14:48:16.806170,1.78609621525
2019/09/06/14:48:16.810356,1.78649616241
2019/09/06/14:48:16.814101,1.78689610958
2019/09/06/14:48:16.818318,1.78729605675
2019/09/06/14:48:16.822253,1.78769600391
2019/09/06/14:48:16.826168,1.78809595108
2019/09/06/14:48:16.830144,1.78849589825
2019/09/06/14:48:16.834163,1.78889584541
2019/09/06/14:48:16.838068,1.78929579258
2019/09/06/14:48:16.842148,1.78969573975
2019/09/06/14:48:16.846100,1.79009568691
2019/09/06/14:48:16.850290,1.79049563408
2019/09/06/14:48:16.854434,1.79089558125
2019/09/06/14:48:16.858039,1.79129552841
2019/09/06/14:48:16.862165,1.79169547558
2019/09/06/14:48:16.866275,1.79209542274
2019/09/06/14:48:16.870126,1.79249536991
2019/09/06/14:48:16.874172,1.79289531708
2019/09/06/14:48:16.878221,1.79329526424
2019/09/06/14:48:16.882168,1.79369521141
2019/09/06/14:48:16.886236,1.79409515858
2019/09/06/14:48:16.890301,1.79449510574
2019/09/06/14:48:16.894115,1.79489505291
2019/09/06/14:48:16.898067,1.79529500008
2019/09/06/14:48:16.902065,1.79569494724
2019/09/06/14:48:16.906113,1.79609489441
2019/09/06/14:48:16.909957,1.79649484158
2019/09/06/14:48:16.914168,1.79689478874
2019/09/06/14:48:16.918211,1.79729473591
2019/09/06/14:48:16.922121,1.79769468307
2019/09/06/14:48:16.926110,1.79809463024
2019/09/06/14:48:16.930074,1.79849457741
2019/09/06/14:48:16.933893,1.79889452457
2019/09/06/14:48:16.938097,1.79929447174
2019/09/06/14:48:16.942044,1.79969441891
2019/09/06/14:48:16.946112,1.80009436607
2019/09/06/14:48:16.950220,1.80049431324
2019/09/06/14:48:16.954110,1.80089426041
2019/09/06/14:48:16.958002,1.80129420757
2019/09/06/14:48:16.962221,1.80169415474
2019/09/06/14:48:16.966249,1.80209410191
2019/09/06/14:48:16.970145,1.80249404907
2019/09/06/14:48:16.974128,1.80289399624
2019/09/06/14:48:16.978058,1.80329394341
2019/09/06/14:48:16.982115,1.80369389057
2019/09/06/14:48:16.986246,1.80409383774
2019/09/06/14:48:16.990033,1.8044937849
2019/09/06/14:48:16.994345,1.80489373207
2019/09/06/14:48:16.998250,1.80529367924
2019/09/06/14:48:17.002316,1.8056936264
2019/09/06/14:48:17.006135,1.80609357357
2019/09/06/14:48:17.010131,1.80649352074
2019/09/06/14:48:17.014231,1.8068934679
2019/09/06/14:48:17.018177,1.80729341507
2019/09/06/14:48:17.022104,1.80769336224
2019/09/06/14:48:17.026180,1.8080933094
2019/09/06/14:48:17.030143,1.80849325657
2019/09/06/14:48:17.034319,1.80889320374
2019/09/06/14:48:17.038194,1.8092931509
2019/09/06/14:48:17.042087,1.80969309807
2019/09/06/14:48:17.046074,1.81009304523
2019/09/06/14:48:17.050123,1.8104929924
2019/09/06/14:48:17.054236,1.81089293957
2019/09/06/14:48:17.058209,1.81129288673
2019/09/06/14:48:17.062261,1.8116928339
2019/09/06/14:48:17.066029,1.81209278107
2019/09/06/14:48:17.070133,1.81249272823
2019/09/06/14:48:17.074208,1.8128926754
2019/09/06/14:48:17.078161,1.81329262257
2019/09/06/14:48:17.082105,1.81369256973
2019/09/06/14:48:17.086266,1.8140925169
2019/09/06/14:48:17.090050,1.81449246407
2019/09/06/14:48:17.094312,1.81489241123
2019/09/06/14:48:17.098067,1.8152923584
2019/09/06/14:48:17.102252,1.81569230556
2019/09/06/14:48:17.106144,1.81609225273
2019/09/06/14:48:17.110160,1.8164921999
2019/09/06/14:48:17.114193,1.81689214706
2019/09/06/14:48:17.118172,1.81729209423
2019/09/06/14:48:17.122191,1.8176920414
2019/09/06/14:48:17.126430,1.81809198856
2019/09/06/14:48:17.130030,1.81849193573
2019/09/06/14:48:17.134105,1.8188918829
2019/09/06/14:48:17.137984,1.81929183006
2019/09/06/14:48:17.142037,1.81969177723
2019/09/06/14:48:17.146100,1.8200917244
2019/09/06/14:48:17.150075,1.82049167156
2019/09/06/14:48:17.154166,1.82089161873
2019/09/06/14:48:17.158128,1.8212915659
2019/09/06/14:48:17.162087,1.82169151306
2019/09/06/14:48:17.166127,1.82209146023
2019/09/06/14:48:17.170105,1.82249140739
2019/09/06/14:48:17.174232,1.82289135456
2019/09/06/14:48:17.177922,1.82329130173
2019/09/06/14:48:17.182137,1.82369124889
2019/09/06/14:48:17.186314,1.82409119606
2019/09/06/14:48:17.190287,1.82449114323
2019/09/06/14:48:17.194434,1.82489109039
2019/09/06/14:48:17.198291,1.82529103756
2019/09/06/14:48:17.202132,1.82569098473
2019/09/06/14:48:17.205925,1.82609093189
2019/09/06/14:48:17.210150,1.82649087906
2019/09/06/14:48:17.214089,1.82689082623
2019/09/06/14:48:17.218211,1.82729077339
2019/09/06/14:48:17.222151,1.82769072056
2019/09/06/14:48:17.226195,1.82809066772
2019/09/06/14:48:17.230093,1.82849061489
2019/09/06/14:48:17.234090,1.82889056206
2019/09/06/14:48:17.238228,1.82929050922
2019/09/06/14:48:17.242193,1.82969045639
2019/09/06/14:48:17.246181,1.83009040356
2019/09/06/14:48:17.250235,1.83049035072
2019/09/06/14:48:17.254186,1.83089029789
2019/09/06/14:48:17.258153,1.83129024506
2019/09/06/14:48:17.262163,1.83169019222
2019/09/06/14:48:17.266073,1.83209013939
2019/09/06/14:48:17.270219,1.83249008656
2019/09/06/14:48:17.274212,1.83289003372
2019/09/06/14:48:17.277891,1.83328998089
2019/09/06/14:48:17.282237,1.83368992805
2019/09/06/14:48:17.286503,1.83408987522
2019/09/06/14:48:17.290249,1.83448982239
2019/09/06/14:48:17.294148,1.83488976955
2019/09/06/14:48:17.298609,1.83528971672
2019/09/06/14:48:17.302290,1.83568966389
2019/09/06/14:48:17.306230,1.83608961105
2019/09/06/14:48:17.310177,1.83648955822
2019/09/06/14:48:17.314250,1.83688950539
2019/09/06/14:48:17.318127,1.83728945255
2019/09/06/14:48:17.322191,1.83768939972
2019/09/06/14:48:17.326093,1.83808934689
2019/09/06/14:48:17.330172,1.83848929405
2019/09/06/14:48:17.334255,1.83888924122
2019/09/06/14:48:17.338132,1.83928918839
2019/09/06/14:48:17.342106,1.83968913555
2019/09/06/14:48:17.346184,1.84008908272
2019/09/06/14:48:17.350275,1.84048902988
2019/09/06/14:48:17.354129,1.84088897705
2019/09/06/14:48:17.358230,1.84128892422
2019/09/06/14:48:17.362152,1.84168887138
2019/09/06/14:48:17.366302,1.84208881855
2019/09/06/14:48:17.370124,1.84248876572
2019/09/06/14:48:17.374117,1.84288871288
2019/09/06/14:48:17.378243,1.84328866005
2019/09/06/14:48:17.382253,1.84368860722
2019/09/06/14:48:17.386163,1.84408855438
2019/09/06/14:48:17.390362,1.84448850155
2019/09/06/14:48:17.394178,1.84488844872
2019/09/06/14:48:17.398215,1.84528839588
2019/09/06/14:48:17.402339,1.84568834305
2019/09/06/14:48:17.406115,1.84608829021
2019/09/06/14:48:17.410009,1.84648823738
2019/09/06/14:48:17.414166,1.84688818455
2019/09/06/14:48:17.418191,1.84728813171
2019/09/06/14:48:17.422090,1.84768807888
2019/09/06/14:48:17.426073,1.84808802605
2019/09/06/14:48:17.430195,1.84848797321
2019/09/06/14:48:17.434221,1.84888792038
2019/09/06/14:48:17.438132,1.84928786755
2019/09/06/14:48:17.442035,1.84968781471
2019/09/06/14:48:17.446093,1.85008776188
2019/09/06/14:48:17.450179,1.85048770905
2019/09/06/14:48:17.454203,1.85088765621
2019/09/06/14:48:17.458510,1.85128760338
2019/09/06/14:48:17.462270,1.85168755054
2019/09/06/14:48:17.466374,1.85208749771
2019/09/06/14:48:17.470250,1.85248744488
2019/09/06/14:48:17.474039,1.85288739204
2019/09/06/14:48:17.478141,1.85328733921
2019/09/06/14:48:17.481979,1.85368728638
2019/09/06/14:48:17.485989,1.85408723354
2019/09/06/14:48:17.490039,1.85448718071
2019/09/06/14:48:17.494158,1.85488712788
2019/09/06/14:48:17.498060,1.85528707504
2019/09/06/14:48:17.501927,1.85568702221
2019/09/06/14:48:17.506335,1.85608696938
2019/09/06/14:48:17.510096,1.85648691654
2019/09/06/14:48:17.514245,1.85688686371
2019/09/06/14:48:17.518130,1.85728681087
2019/09/06/14:48:17.522166,1.85768675804
2019/09/06/14:48:17.526118,1.85808670521
2019/09/06/14:48:17.530204,1.85848665237
2019/09/06/14:48:17.533989,1.85888659954
2019/09/06/14:48:17.537989,1.85928654671
2019/09/06/14:48:17.541980,1.85968649387
2019/09/06/14:48:17.546091,1.86008644104
2019/09/06/14:48:17.550162,1.86048638821
2019/09/06/14:48:17.554144,1.86088633537
2019/09/06/14:48:17.558195,1.86128628254
2019/09/06/14:48:17.562213,1.86168622971
2019/09/06/14:48:17.566136,1.86208617687
2019/09/06/14:48:17.570229,1.86248612404
2019/09/06/14:48:17.574033,1.86288607121
2019/09/06/14:48:17.578089,1.86328601837
2019/09/06/14:48:17.582155,1.86368596554
2019/09/06/14:48:17.586221,1.8640859127
2019/09/06/14:48:17.590050,1.86448585987
2019/09/06/14:48:17.594199,1.86488580704
2019/09/06/14:48:17.598174,1.8652857542
2019/09/06/14:48:17.602143,1.86568570137
2019/09/06/14:48:17.606069,1.86608564854
2019/09/06/14:48:17.610026,1.8664855957
2019/09/06/14:48:17.614215,1.86688554287
2019/09/06/14:48:17.618091,1.86728549004
2019/09/06/14:48:17.622116,1.8676854372
2019/09/06/14:48:17.626136,1.86808538437
2019/09/06/14:48:17.630180,1.86848533154
2019/09/06/14:48:17.634322,1.8688852787
2019/09/06/14:48:17.638180,1.86928522587
2019/09/06/14:48:17.642007,1.86968517303
2019/09/06/14:48:17.646014,1.8700851202
2019/09/06/14:48:17.650058,1.87048506737
2019/09/06/14:48:17.654119,1.87088501453
2019/09/06/14:48:17.658022,1.8712849617
2019/09/06/14:48:17.662067,1.87168490887
2019/09/06/14:48:17.666046,1.87208485603
2019/09/06/14:48:17.670007,1.8724848032
2019/09/06/14:48:17.674056,1.87288475037
2019/09/06/14:48:17.678216,1.87328469753
2019/09/06/14:48:17.682056,1.8736846447
2019/09/06/14:48:17.686088,1.87408459187
2019/09/06/14:48:17.689939,1.87448453903
2019/09/06/14:48:17.693956,1.8748844862
2019/09/06/14:48:17.698016,1.87528443336
2019/09/06/14:48:17.702394,1.87568438053
2019/09/06/14:48:17.706281,1.8760843277
2019/09/06/14:48:17.710132,1.87648427486
2019/09/06/14:48:17.713998,1.87688422203
2019/09/06/14:48:17.718383,1.8772841692
2019/09/06/14:48:17.722541,1.87768411636
2019/09/06/14:48:17.726378,1.87808406353
2019/09/06/14:48:17.730348,1.8784840107
2019/09/06/14:48:17.734207,1.87888395786
2019/09/06/14:48:17.738202,1.87928390503
2019/09/06/14:48:17.742168,1.8796838522
2019/09/06/14:48:17.746328,1.88008379936
2019/09/06/14:48:17.750087,1.88048374653
2019/09/06/14:48:17.753982,1.8808836937
2019/09/06/14:48:17.758242,1.88128364086
2019/09/06/14:48:17.762038,1.88168358803
2019/09/06/14:48:17.766424,1.88208353519
2019/09/06/14:48:17.770313,1.88248348236
2019/09/06/14:48:17.774195,1.88288342953
2019/09/06/14:48:17.778107,1.88328337669
2019/09/06/14:48:17.781992,1.88368332386
2019/09/06/14:48:17.786150,1.88408327103
2019/09/06/14:48:17.790110,1.88448321819
2019/09/06/14:48:17.794088,1.88488316536
2019/09/06/14:48:17.798119,1.88528311253
2019/09/06/14:48:17.802089,1.88568305969
2019/09/06/14:48:17.805840,1.88608300686
2019/09/06/14:48:17.810164,1.88648295403
2019/09/06/14:48:17.814097,1.88688290119
2019/09/06/14:48:17.818112,1.88728284836
2019/09/06/14:48:17.822111,1.88768279552
2019/09/06/14:48:17.826165,1.88808274269
2019/09/06/14:48:17.830264,1.88848268986
2019/09/06/14:48:17.834004,1.88888263702
2019/09/06/14:48:17.837949,1.88928258419
2019/09/06/14:48:17.842058,1.88968253136
2019/09/06/14:48:17.846084,1.89008247852
2019/09/06/14:48:17.850107,1.89048242569
2019/09/06/14:48:17.854169,1.89088237286
2019/09/06/14:48:17.858106,1.89128232002
2019/09/06/14:48:17.862288,1.89168226719
2019/09/06/14:48:17.866125,1.89208221436
2019/09/06/14:48:17.870156,1.89248216152
2019/09/06/14:48:17.874050,1.89288210869
2019/09/06/14:48:17.878064,1.89328205585
2019/09/06/14:48:17.882206,1.89368200302
2019/09/06/14:48:17.886395,1.89408195019
2019/09/06/14:48:17.890074,1.89448189735
2019/09/06/14:48:17.894145,1.89488184452
2019/09/06/14:48:17.898032,1.89528179169
2019/09/06/14:48:17.902070,1.89568173885
2019/09/06/14:48:17.905989,1.89608168602
2019/09/06/14:48:17.910241,1.89648163319
2019/09/06/14:48:17.914138,1.89688158035
2019/09/06/14:48:17.918101,1.89728152752
2019/09/06/14:48:17.922111,1.89768147469
2019/09/06/14:48:17.926183,1.89808142185
2019/09/06/14:48:17.930031,1.89848136902
2019/09/06/14:48:17.934289,1.89888131618
2019/09/06/14:48:17.938222,1.89928126335
2019/09/06/14:48:17.942059,1.89968121052
2019/09/06/14:48:17.946056,1.90008115768
2019/09/06/14:48:17.950276,1.90048110485
2019/09/06/14:48:17.954420,1.90088105202
2019/09/06/14:48:17.958313,1.90128099918
2019/09/06/14:48:17.962199,1.90168094635
2019/09/06/14:48:17.966059,1.90208089352
2019/09/06/14:48:17.970228,1.90248084068
2019/09/06/14:48:17.974172,1.90288078785
2019/09/06/14:48:17.978535,1.90328073502
2019/09/06/14:48:17.982294,1.90368068218
2019/09/06/14:48:17.986111,1.90408062935
2019/09/06/14:48:17.990272,1.90448057652
2019/09/06/14:48:17.994199,1.90488052368
2019/09/06/14:48:17.998160,1.90528047085
2019/09/06/14:48:18.002145,1.90568041801
2019/09/06/14:48:18.006249,1.90608036518
2019/09/06/14:48:18.010056,1.90648031235
2019/09/06/14:48:18.014159,1.90688025951
2019/09/06/14:48:18.018141,1.90728020668
2019/09/06/14:48:18.022156,1.90768015385
2019/09/06/14:48:18.026263,1.90808010101
2019/09/06/14:48:18.030192,1.90848004818
2019/09/06/14:48:18.034160,1.90887999535
2019/09/06/14:48:18.038263,1.90927994251
2019/09/06/14:48:18.042129,1.90967988968
2019/09/06/14:48:18.046266,1.91007983685
2019/09/06/14:48:18.050240,1.91047978401
2019/09/06/14:48:18.054308,1.91087973118
2019/09/06/14:48:18.058103,1.91127967834
2019/09/06/14:48:18.062205,1.91167962551
2019/09/06/14:48:18.066266,1.91207957268
2019/09/06/14:48:18.070207,1.91247951984
2019/09/06/14:48:18.074211,1.91287946701
2019/09/06/14:48:18.078143,1.91327941418
2019/09/06/14:48:18.082160,1.91367936134
2019/09/06/14:48:18.086231,1.91407930851
2019/09/06/14:48:18.090140,1.91447925568
2019/09/06/14:48:18.094272,1.91487920284
2019/09/06/14:48:18.098363,1.91527915001
2019/09/06/14:48:18.102185,1.91567909718
2019/09/06/14:48:18.106228,1.91607904434
2019/09/06/14:48:18.110292,1.91647899151
2019/09/06/14:48:18.114235,1.91687893867
2019/09/06/14:48:18.118101,1.91727888584
2019/09/06/14:48:18.122091,1.91767883301
2019/09/06/14:48:18.125981,1.91807878017
2019/09/06/14:48:18.130148,1.91847872734
2019/09/06/14:48:18.134326,1.91887867451
2019/09/06/14:48:18.138482,1.91927862167
2019/09/06/14:48:18.142000,1.91967856884
2019/09/06/14:48:18.146049,1.92007851601
2019/09/06/14:48:18.150059,1.92047846317
2019/09/06/14:48:18.154299,1.92087841034
2019/09/06/14:48:18.158166,1.92127835751
2019/09/06/14:48:18.162186,1.92167830467
2019/09/06/14:48:18.166212,1.92207825184
2019/09/06/14:48:18.169995,1.92247819901
2019/09/06/14:48:18.173987,1.92287814617
2019/09/06/14:48:18.177981,1.92327809334
2019/09/06/14:48:18.182148,1.9236780405
2019/09/06/14:48:18.186056,1.92407798767
2019/09/06/14:48:18.190101,1.92447793484
2019/09/06/14:48:18.194013,1.924877882
2019/09/06/14:48:18.198044,1.92527782917
2019/09/06/14:48:18.202091,1.92567777634
2019/09/06/14:48:18.205992,1.9260777235
2019/09/06/14:48:18.209856,1.92647767067
2019/09/06/14:48:18.214234,1.92687761784
2019/09/06/14:48:18.218068,1.927277565
2019/09/06/14:48:18.222159,1.92767751217
2019/09/06/14:48:18.226099,1.92807745934
2019/09/06/14:48:18.229940,1.9284774065
2019/09/06/14:48:18.234061,1.92887735367
2019/09/06/14:48:18.238087,1.92927730083
2019/09/06/14:48:18.242095,1.929677248
2019/09/06/14:48:18.246225,1.93007719517
2019/09/06/14:48:18.250096,1.93047714233
2019/09/06/14:48:18.254196,1.9308770895
2019/09/06/14:48:18.258214,1.93127703667
2019/09/06/14:48:18.262197,1.93167698383
2019/09/06/14:48:18.266220,1.932076931
2019/09/06/14:48:18.270190,1.93247687817
2019/09/06/14:48:18.274132,1.93287682533
2019/09/06/14:48:18.278363,1.9332767725
2019/09/06/14:48:18.282230,1.93367671967
2019/09/06/14:48:18.286070,1.93407666683
2019/09/06/14:48:18.290061,1.934476614
2019/09/06/14:48:18.294032,1.93487656116
2019/09/06/14:48:18.298010,1.93527650833
2019/09/06/14:48:18.302215,1.9356764555
2019/09/06/14:48:18.306322,1.93607640266
2019/09/06/14:48:18.310227,1.93647634983
2019/09/06/14:48:18.314263,1.936876297
2019/09/06/14:48:18.318342,1.93727624416
2019/09/06/14:48:18.322148,1.93767619133
2019/09/06/14:48:18.326102,1.9380761385
2019/09/06/14:48:18.329939,1.93847608566
2019/09/06/14:48:18.334196,1.93887603283
2019/09/06/14:48:18.338125,1.93927598
2019/09/06/14:48:18.342292,1.93967592716
2019/09/06/14:48:18.346143,1.94007587433
2019/09/06/14:48:18.350170,1.9404758215
2019/09/06/14:48:18.354100,1.94087576866
2019/09/06/14:48:18.358142,1.94127571583
2019/09/06/14:48:18.362154,1.94167566299
2019/09/06/14:48:18.366167,1.94207561016
2019/09/06/14:48:18.370178,1.94247555733
2019/09/06/14:48:18.374196,1.94287550449
2019/09/06/14:48:18.378263,1.94327545166
2019/09/06/14:48:18.382108,1.94367539883
2019/09/06/14:48:18.386054,1.94407534599
2019/09/06/14:48:18.390265,1.94447529316
2019/09/06/14:48:18.394232,1.94487524033
2019/09/06/14:48:18.398145,1.94527518749
2019/09/06/14:48:18.402093,1.94567513466
2019/09/06/14:48:18.406053,1.94607508183
2019/09/06/14:48:18.410088,1.94647502899
2019/09/06/14:48:18.413752,1.94687497616
2019/09/06/14:48:18.418140,1.94727492332
2019/09/06/14:48:18.422122,1.94767487049
2019/09/06/14:48:18.426195,1.94807481766
2019/09/06/14:48:18.430114,1.94847476482
2019/09/06/14:48:18.434052,1.94887471199
2019/09/06/14:48:18.438270,1.94927465916
2019/09/06/14:48:18.441919,1.94967460632
2019/09/06/14:48:18.446005,1.95007455349
2019/09/06/14:48:18.449958,1.95047450066
2019/09/06/14:48:18.454128,1.95087444782
2019/09/06/14:48:18.457952,1.95127439499
2019/09/06/14:48:18.462050,1.95167434216
2019/09/06/14:48:18.465934,1.95207428932
2019/09/06/14:48:18.470042,1.95247423649
2019/09/06/14:48:18.474177,1.95287418365
2019/09/06/14:48:18.478159,1.95327413082
2019/09/06/14:48:18.481961,1.95367407799
2019/09/06/14:48:18.486062,1.95407402515
2019/09/06/14:48:18.489949,1.95447397232
2019/09/06/14:48:18.493935,1.95487391949
2019/09/06/14:48:18.498090,1.95527386665
2019/09/06/14:48:18.502407,1.95567381382
2019/09/06/14:48:18.506218,1.95607376099
2019/09/06/14:48:18.510055,1.95647370815
2019/09/06/14:48:18.513788,1.95687365532
2019/09/06/14:48:18.517983,1.95727360249
2019/09/06/14:48:18.522081,1.95767354965
2019/09/06/14:48:18.526233,1.95807349682
2019/09/06/14:48:18.530200,1.95847344398
2019/09/06/14:48:18.534054,1.95887339115
2019/09/06/14:48:18.537935,1.95927333832
2019/09/06/14:48:18.542153,1.95967328548
2019/09/06/14:48:18.546113,1.96007323265
2019/09/06/14:48:18.550044,1.96047317982
2019/09/06/14:48:18.554310,1.96087312698
2019/09/06/14:48:18.558198,1.96127307415
2019/09/06/14:48:18.562168,1.96167302132
2019/09/06/14:48:18.566272,1.96207296848
2019/09/06/14:48:18.570181,1.96247291565
2019/09/06/14:48:18.574124,1.96287286282
2019/09/06/14:48:18.578154,1.96327280998
2019/09/06/14:48:18.582113,1.96367275715
2019/09/06/14:48:18.586174,1.96407270432
2019/09/06/14:48:18.590066,1.96447265148
2019/09/06/14:48:18.594057,1.96487259865
2019/09/06/14:48:18.598227,1.96527254581
2019/09/06/14:48:18.602218,1.96567249298
2019/09/06/14:48:18.606370,1.96607244015
2019/09/06/14:48:18.610338,1.96647238731
2019/09/06/14:48:18.614432,1.96687233448
2019/09/06/14:48:18.618142,1.96727228165
2019/09/06/14:48:18.622225,1.96767222881
2019/09/06/14:48:18.626122,1.96807217598
2019/09/06/14:48:18.630148,1.96847212315
2019/09/06/14:48:18.634195,1.96887207031
2019/09/06/14:48:18.638155,1.96927201748
2019/09/06/14:48:18.642426,1.96967196465
2019/09/06/14:48:18.646139,1.97007191181
2019/09/06/14:48:18.650274,1.97047185898
2019/09/06/14:48:18.654129,1.97087180614
2019/09/06/14:48:18.658082,1.97127175331
2019/09/06/14:48:18.662113,1.97167170048
2019/09/06/14:48:18.666166,1.97207164764
2019/09/06/14:48:18.670193,1.97247159481
2019/09/06/14:48:18.674213,1.97287154198
2019/09/06/14:48:18.678205,1.97327148914
2019/09/06/14:48:18.682232,1.97367143631
2019/09/06/14:48:18.686327,1.97407138348
2019/09/06/14:48:18.690267,1.97447133064
2019/09/06/14:48:18.694254,1.97487127781
2019/09/06/14:48:18.698170,1.97527122498
2019/09/06/14:48:18.702135,1.97567117214
2019/09/06/14:48:18.706308,1.97607111931
2019/09/06/14:48:18.710310,1.97647106647
2019/09/06/14:48:18.714465,1.97687101364
2019/09/06/14:48:18.717983,1.97727096081
2019/09/06/14:48:18.722056,1.97767090797
2019/09/06/14:48:18.726096,1.97807085514
2019/09/06/14:48:18.730120,1.97847080231
2019/09/06/14:48:18.734440,1.97887074947
2019/09/06/14:48:18.738291,1.97927069664
2019/09/06/14:48:18.742284,1.97967064381
2019/09/06/14:48:18.746186,1.98007059097
2019/09/06/14:48:18.750218,1.98047053814
2019/09/06/14:48:18.754410,1.98087048531
2019/09/06/14:48:18.758189,1.98127043247
2019/09/06/14:48:18.762221,1.98167037964
2019/09/06/14:48:18.766128,1.98207032681
2019/09/06/14:48:18.770163,1.98247027397
2019/09/06/14:48:18.774254,1.98287022114
2019/09/06/14:48:18.778103,1.9832701683
2019/09/06/14:48:18.782096,1.98367011547
2019/09/06/14:48:18.786242,1.98407006264
2019/09/06/14:48:18.790118,1.9844700098
2019/09/06/14:48:18.794301,1.98486995697
2019/09/06/14:48:18.798359,1.98526990414
2019/09/06/14:48:18.802290,1.9856698513
2019/09/06/14:48:18.806041,1.98606979847
2019/09/06/14:48:18.810165,1.98646974564
2019/09/06/14:48:18.814152,1.9868696928
2019/09/06/14:48:18.817749,1.98726963997
2019/09/06/14:48:18.822323,1.98766958714
2019/09/06/14:48:18.826214,1.9880695343
2019/09/06/14:48:18.830243,1.98846948147
2019/09/06/14:48:18.834041,1.98886942863
2019/09/06/14:48:18.838189,1.9892693758
2019/09/06/14:48:18.842081,1.98966932297
2019/09/06/14:48:18.846085,1.99006927013
2019/09/06/14:48:18.850133,1.9904692173
2019/09/06/14:48:18.854064,1.99086916447
2019/09/06/14:48:18.858047,1.99126911163
2019/09/06/14:48:18.862188,1.9916690588
2019/09/06/14:48:18.865957,1.99206900597
2019/09/06/14:48:18.870099,1.99246895313
2019/09/06/14:48:18.874074,1.9928689003
2019/09/06/14:48:18.878175,1.99326884747
2019/09/06/14:48:18.882123,1.99366879463
2019/09/06/14:48:18.886153,1.9940687418
2019/09/06/14:48:18.890234,1.99446868896
2019/09/06/14:48:18.894190,1.99486863613
2019/09/06/14:48:18.898302,1.9952685833
2019/09/06/14:48:18.902234,1.99566853046
2019/09/06/14:48:18.906174,1.99606847763
2019/09/06/14:48:18.910024,1.9964684248
2019/09/06/14:48:18.914093,1.99686837196
2019/09/06/14:48:18.918041,1.99726831913
2019/09/06/14:48:18.922268,1.9976682663
2019/09/06/14:48:18.926220,1.99806821346
2019/09/06/14:48:18.929989,1.99846816063
2019/09/06/14:48:18.934265,1.9988681078
2019/09/06/14:48:18.938015,1.99926805496
2019/09/06/14:48:18.942215,1.99966800213
2019/09/06/14:48:18.946158,2.0000679493
2019/09/06/14:48:18.950208,2.00046801567
2019/09/06/14:48:18.954379,2.00086808205
2019/09/06/14:48:18.958409,2.00126814842
2019/09/06/14:48:18.962241,2.0016682148
2019/09/06/14:48:18.965910,2.00206828117
2019/09/06/14:48:18.970315,2.00246834755
2019/09/06/14:48:18.974194,2.00286841393
2019/09/06/14:48:18.978203,2.0032684803
2019/09/06/14:48:18.982150,2.00366854668
2019/09/06/14:48:18.986100,2.00406861305
2019/09/06/14:48:18.990178,2.00446867943
2019/09/06/14:48:18.994101,2.0048687458
2019/09/06/14:48:18.998312,2.00526881218
2019/09/06/14:48:19.002156,2.00566887856
2019/09/06/14:48:19.006090,2.00606894493
2019/09/06/14:48:19.009870,2.00646901131
2019/09/06/14:48:19.014087,2.00686907768
2019/09/06/14:48:19.018238,2.00726914406
2019/09/06/14:48:19.022094,2.00766921043
2019/09/06/14:48:19.026281,2.00806927681
2019/09/06/14:48:19.030111,2.00846934319
2019/09/06/14:48:19.034028,2.00886940956
2019/09/06/14:48:19.038115,2.00926947594
2019/09/06/14:48:19.041946,2.00966954231
2019/09/06/14:48:19.046064,2.01006960869
2019/09/06/14:48:19.050072,2.01046967506
2019/09/06/14:48:19.054245,2.01086974144
2019/09/06/14:48:19.058086,2.01126980782
2019/09/06/14:48:19.062183,2.01166987419
2019/09/06/14:48:19.066359,2.01206994057
2019/09/06/14:48:19.070162,2.01247000694
2019/09/06/14:48:19.074082,2.01287007332
2019/09/06/14:48:19.078256,2.01327013969
2019/09/06/14:48:19.082206,2.01367020607
2019/09/06/14:48:19.086126,2.01407027245
2019/09/06/14:48:19.090167,2.01447033882
2019/09/06/14:48:19.094328,2.0148704052
2019/09/06/14:48:19.098495,2.01527047157
2019/09/06/14:48:19.102230,2.01567053795
2019/09/06/14:48:19.106421,2.01607060432
2019/09/06/14:48:19.110025,2.0164706707
2019/09/06/14:48:19.114308,2.01687073708
2019/09/06/14:48:19.118292,2.01727080345
2019/09/06/14:48:19.122102,2.01767086983
2019/09/06/14:48:19.126055,2.0180709362
2019/09/06/14:48:19.130051,2.01847100258
2019/09/06/14:48:19.134186,2.01887106895
2019/09/06/14:48:19.138145,2.01927113533
2019/09/06/14:48:19.142202,2.01967120171
2019/09/06/14:48:19.146103,2.02007126808
2019/09/06/14:48:19.150258,2.02047133446
2019/09/06/14:48:19.154200,2.02087140083
2019/09/06/14:48:19.158293,2.02127146721
2019/09/06/14:48:19.162225,2.02167153358
2019/09/06/14:48:19.166130,2.02207159996
2019/09/06/14:48:19.170105,2.02247166634
2019/09/06/14:48:19.174409,2.02287173271
2019/09/06/14:48:19.178130,2.02327179909
2019/09/06/14:48:19.182281,2.02367186546
2019/09/06/14:48:19.186209,2.02407193184
2019/09/06/14:48:19.190187,2.02447199821
2019/09/06/14:48:19.194152,2.02487206459
2019/09/06/14:48:19.198342,2.02527213097
2019/09/06/14:48:19.202356,2.02567219734
2019/09/06/14:48:19.206129,2.02607226372
2019/09/06/14:48:19.210143,2.02647233009
2019/09/06/14:48:19.214282,2.02687239647
2019/09/06/14:48:19.217966,2.02727246284
2019/09/06/14:48:19.221973,2.02767252922
2019/09/06/14:48:19.226263,2.0280725956
2019/09/06/14:48:19.230170,2.02847266197
2019/09/06/14:48:19.234093,2.02887272835
2019/09/06/14:48:19.238147,2.02927279472
2019/09/06/14:48:19.242037,2.0296728611
2019/09/06/14:48:19.246140,2.03007292747
2019/09/06/14:48:19.250067,2.03047299385
2019/09/06/14:48:19.254349,2.03087306023
2019/09/06/14:48:19.258175,2.0312731266
2019/09/06/14:48:19.262085,2.03167319298
2019/09/06/14:48:19.266364,2.03207325935
2019/09/06/14:48:19.270106,2.03247332573
2019/09/06/14:48:19.274155,2.03287339211
2019/09/06/14:48:19.278229,2.03327345848
2019/09/06/14:48:19.281903,2.03367352486
2019/09/06/14:48:19.286271,2.03407359123
2019/09/06/14:48:19.290272,2.03447365761
2019/09/06/14:48:19.294382,2.03487372398
2019/09/06/14:48:19.298130,2.03527379036
2019/09/06/14:48:19.302266,2.03567385674
2019/09/06/14:48:19.306121,2.03607392311
2019/09/06/14:48:19.310090,2.03647398949
2019/09/06/14:48:19.314224,2.03687405586
2019/09/06/14:48:19.318107,2.03727412224
2019/09/06/14:48:19.322293,2.03767418861
2019/09/06/14:48:19.326020,2.03807425499
2019/09/06/14:48:19.330033,2.03847432137
2019/09/06/14:48:19.334193,2.03887438774
2019/09/06/14:48:19.338085,2.03927445412
2019/09/06/14:48:19.342058,2.03967452049
2019/09/06/14:48:19.346178,2.04007458687
2019/09/06/14:48:19.350060,2.04047465324
2019/09/06/14:48:19.354277,2.04087471962
2019/09/06/14:48:19.358233,2.041274786
2019/09/06/14:48:19.362123,2.04167485237
2019/09/06/14:48:19.365947,2.04207491875
2019/09/06/14:48:19.370116,2.04247498512
2019/09/06/14:48:19.374151,2.0428750515
2019/09/06/14:48:19.377869,2.04327511787
2019/09/06/14:48:19.382014,2.04367518425
2019/09/06/14:48:19.386147,2.04407525063
2019/09/06/14:48:19.389999,2.044475317
2019/09/06/14:48:19.394186,2.04487538338
2019/09/06/14:48:19.398077,2.04527544975
2019/09/06/14:48:19.401905,2.04567551613
2019/09/06/14:48:19.406104,2.0460755825
2019/09/06/14:48:19.410137,2.04647564888
2019/09/06/14:48:19.414043,2.04687571526
2019/09/06/14:48:19.418176,2.04727578163
2019/09/06/14:48:19.422002,2.04767584801
2019/09/06/14:48:19.426289,2.04807591438
2019/09/06/14:48:19.430132,2.04847598076
2019/09/06/14:48:19.434241,2.04887604713
2019/09/06/14:48:19.439486,2.04927611351
2019/09/06/14:48:19.442372,2.04967617989
2019/09/06/14:48:19.446038,2.05007624626
2019/09/06/14:48:19.450141,2.05047631264
2019/09/06/14:48:19.454100,2.05087637901
2019/09/06/14:48:19.458209,2.05127644539
2019/09/06/14:48:19.462214,2.05167651176
2019/09/06/14:48:19.466359,2.05207657814
2019/09/06/14:48:19.470309,2.05247664452
2019/09/06/14:48:19.474246,2.05287671089
2019/09/06/14:48:19.478315,2.05327677727
2019/09/06/14:48:19.482392,2.05367684364
2019/09/06/14:48:19.486032,2.05407691002
2019/09/06/14:48:19.490139,2.05447697639
2019/09/06/14:48:19.494176,2.05487704277
2019/09/06/14:48:19.498380,2.05527710915
2019/09/06/14:48:19.502267,2.05567717552
2019/09/06/14:48:19.506099,2.0560772419
2019/09/06/14:48:19.510467,2.05647730827
2019/09/06/14:48:19.514156,2.05687737465
2019/09/06/14:48:19.518192,2.05727744102
2019/09/06/14:48:19.522180,2.0576775074
2019/09/06/14:48:19.526340,2.05807757378
2019/09/06/14:48:19.530219,2.05847764015
2019/09/06/14:48:19.534083,2.05887770653
2019/09/06/14:48:19.538239,2.0592777729
2019/09/06/14:48:19.542181,2.05967783928
2019/09/06/14:48:19.546086,2.06007790565
2019/09/06/14:48:19.550210,2.06047797203
2019/09/06/14:48:19.554236,2.06087803841
2019/09/06/14:48:19.558204,2.06127810478
2019/09/06/14:48:19.562116,2.06167817116
2019/09/06/14:48:19.566078,2.06207823753
2019/09/06/14:48:19.570196,2.06247830391
2019/09/06/14:48:19.574335,2.06287837029
2019/09/06/14:48:19.578194,2.06327843666
2019/09/06/14:48:19.582173,2.06367850304
2019/09/06/14:48:19.586253,2.06407856941
2019/09/06/14:48:19.590219,2.06447863579
2019/09/06/14:48:19.594246,2.06487870216
2019/09/06/14:48:19.598099,2.06527876854
2019/09/06/14:48:19.602148,2.06567883492
2019/09/06/14:48:19.606165,2.06607890129
2019/09/06/14:48:19.610305,2.06647896767
2019/09/06/14:48:19.614264,2.06687903404
2019/09/06/14:48:19.618227,2.06727910042
2019/09/06/14:48:19.622152,2.06767916679
2019/09/06/14:48:19.626268,2.06807923317
2019/09/06/14:48:19.630020,2.06847929955
2019/09/06/14:48:19.633890,2.06887936592
2019/09/06/14:48:19.638033,2.0692794323
2019/09/06/14:48:19.642244,2.06967949867
2019/09/06/14:48:19.646225,2.07007956505
2019/09/06/14:48:19.650298,2.07047963142
2019/09/06/14:48:19.654241,2.0708796978
2019/09/06/14:48:19.658446,2.07127976418
2019/09/06/14:48:19.662172,2.07167983055
2019/09/06/14:48:19.666093,2.07207989693
2019/09/06/14:48:19.670156,2.0724799633
2019/09/06/14:48:19.674233,2.07288002968
2019/09/06/14:48:19.678166,2.07328009605
2019/09/06/14:48:19.682207,2.07368016243
2019/09/06/14:48:19.686149,2.07408022881
2019/09/06/14:48:19.690173,2.07448029518
2019/09/06/14:48:19.694155,2.07488036156
2019/09/06/14:48:19.698259,2.07528042793
2019/09/06/14:48:19.702088,2.07568049431
2019/09/06/14:48:19.706179,2.07608056068
2019/09/06/14:48:19.710211,2.07648062706
2019/09/06/14:48:19.714122,2.07688069344
2019/09/06/14:48:19.718106,2.07728075981
2019/09/06/14:48:19.722054,2.07768082619
2019/09/06/14:48:19.726191,2.07808089256
2019/09/06/14:48:19.730103,2.07848095894
2019/09/06/14:48:19.734265,2.07888102531
2019/09/06/14:48:19.738096,2.07928109169
2019/09/06/14:48:19.742342,2.07968115807
2019/09/06/14:48:19.746169,2.08008122444
2019/09/06/14:48:19.750113,2.08048129082
2019/09/06/14:48:19.754025,2.08088135719
2019/09/06/14:48:19.758113,2.08128142357
2019/09/06/14:48:19.762044,2.08168148994
2019/09/06/14:48:19.766036,2.08208155632
2019/09/06/14:48:19.770167,2.0824816227
2019/09/06/14:48:19.774093,2.08288168907
2019/09/06/14:48:19.778400,2.08328175545
2019/09/06/14:48:19.781913,2.08368182182
2019/09/06/14:48:19.786115,2.0840818882
2019/09/06/14:48:19.790325,2.08448195457
2019/09/06/14:48:19.794066,2.08488202095
2019/09/06/14:48:19.798404,2.08528208733
2019/09/06/14:48:19.802287,2.0856821537
2019/09/06/14:48:19.806278,2.08608222008
2019/09/06/14:48:19.810257,2.08648228645
2019/09/06/14:48:19.814148,2.08688235283
2019/09/06/14:48:19.818073,2.0872824192
2019/09/06/14:48:19.822168,2.08768248558
2019/09/06/14:48:19.826343,2.08808255196
2019/09/06/14:48:19.829799,2.08848261833
2019/09/06/14:48:19.833966,2.08888268471
2019/09/06/14:48:19.838205,2.08928275108
2019/09/06/14:48:19.842129,2.08968281746
2019/09/06/14:48:19.846084,2.09008288383
2019/09/06/14:48:19.850390,2.09048295021
2019/09/06/14:48:19.854131,2.09088301659
2019/09/06/14:48:19.858122,2.09128308296
2019/09/06/14:48:19.862373,2.09168314934
2019/09/06/14:48:19.866152,2.09208321571
2019/09/06/14:48:19.870039,2.09248328209
2019/09/06/14:48:19.874173,2.09288334846
2019/09/06/14:48:19.877968,2.09328341484
2019/09/06/14:48:19.882154,2.09368348122
2019/09/06/14:48:19.886184,2.09408354759
2019/09/06/14:48:19.890117,2.09448361397
2019/09/06/14:48:19.894188,2.09488368034
2019/09/06/14:48:19.898364,2.09528374672
2019/09/06/14:48:19.902518,2.0956838131
2019/09/06/14:48:19.906395,2.09608387947
2019/09/06/14:48:19.910259,2.09648394585
2019/09/06/14:48:19.914158,2.09688401222
2019/09/06/14:48:19.918495,2.0972840786
2019/09/06/14:48:19.922299,2.09768414497
2019/09/06/14:48:19.926419,2.09808421135
2019/09/06/14:48:19.930380,2.09848427773
2019/09/06/14:48:19.934000,2.0988843441
2019/09/06/14:48:19.938192,2.09928441048
2019/09/06/14:48:19.942209,2.09968447685
2019/09/06/14:48:19.946119,2.10008454323
2019/09/06/14:48:19.950277,2.1004846096
2019/09/06/14:48:19.954152,2.10088467598
2019/09/06/14:48:19.958045,2.10128474236
2019/09/06/14:48:19.962195,2.10168480873
2019/09/06/14:48:19.966044,2.10208487511
2019/09/06/14:48:19.970202,2.10248494148
2019/09/06/14:48:19.974129,2.10288500786
2019/09/06/14:48:19.978189,2.10328507423
2019/09/06/14:48:19.982248,2.10368514061
2019/09/06/14:48:19.986211,2.10408520699
2019/09/06/14:48:19.990131,2.10448527336
2019/09/06/14:48:19.994177,2.10488533974
2019/09/06/14:48:19.998436,2.10528540611
2019/09/06/14:48:20.002245,2.10568547249
2019/09/06/14:48:20.006319,2.10608553886
2019/09/06/14:48:20.010339,2.10648560524
2019/09/06/14:48:20.014068,2.10688567162
2019/09/06/14:48:20.017976,2.10728573799
2019/09/06/14:48:20.022176,2.10768580437
2019/09/06/14:48:20.025990,2.10808587074
2019/09/06/14:48:20.030208,2.10848593712
2019/09/06/14:48:20.034054,2.10888600349
2019/09/06/14:48:20.038207,2.10928606987
2019/09/06/14:48:20.042125,2.10968613625
2019/09/06/14:48:20.046036,2.11008620262
2019/09/06/14:48:20.050076,2.110486269
2019/09/06/14:48:20.054208,2.11088633537
2019/09/06/14:48:20.058075,2.11128640175
2019/09/06/14:48:20.062091,2.11168646812
2019/09/06/14:48:20.066125,2.1120865345
2019/09/06/14:48:20.070039,2.11248660088
2019/09/06/14:48:20.074136,2.11288666725
2019/09/06/14:48:20.078339,2.11328673363
2019/09/06/14:48:20.082069,2.1136868
2019/09/06/14:48:20.086365,2.11408686638
2019/09/06/14:48:20.090135,2.11448693275
2019/09/06/14:48:20.094058,2.11488699913
2019/09/06/14:48:20.098207,2.11528706551
2019/09/06/14:48:20.102024,2.11568713188
2019/09/06/14:48:20.106209,2.11608719826
2019/09/06/14:48:20.110259,2.11648726463
2019/09/06/14:48:20.114267,2.11688733101
2019/09/06/14:48:20.118245,2.11728739738
2019/09/06/14:48:20.122149,2.11768746376
2019/09/06/14:48:20.126043,2.11808753014
2019/09/06/14:48:20.130169,2.11848759651
2019/09/06/14:48:20.134105,2.11888766289
2019/09/06/14:48:20.138074,2.11928772926
2019/09/06/14:48:20.142129,2.11968779564
2019/09/06/14:48:20.146236,2.12008786201
2019/09/06/14:48:20.150340,2.12048792839
2019/09/06/14:48:20.154318,2.12088799477
2019/09/06/14:48:20.158123,2.12128806114
2019/09/06/14:48:20.162157,2.12168812752
2019/09/06/14:48:20.166095,2.12208819389
2019/09/06/14:48:20.170079,2.12248826027
2019/09/06/14:48:20.174074,2.12288832664
2019/09/06/14:48:20.178231,2.12328839302
2019/09/06/14:48:20.182010,2.1236884594
2019/09/06/14:48:20.186307,2.12408852577
2019/09/06/14:48:20.190232,2.12448859215
2019/09/06/14:48:20.194122,2.12488865852
2019/09/06/14:48:20.198180,2.1252887249
2019/09/06/14:48:20.202380,2.12568879128
2019/09/06/14:48:20.206018,2.12608885765
2019/09/06/14:48:20.210182,2.12648892403
2019/09/06/14:48:20.214154,2.1268889904
2019/09/06/14:48:20.218427,2.12728905678
2019/09/06/14:48:20.222364,2.12768912315
2019/09/06/14:48:20.226198,2.12808918953
2019/09/06/14:48:20.230155,2.12848925591
2019/09/06/14:48:20.234303,2.12888932228
2019/09/06/14:48:20.238295,2.12928938866
2019/09/06/14:48:20.242163,2.12968945503
2019/09/06/14:48:20.246065,2.13008952141
2019/09/06/14:48:20.250039,2.13048958778
2019/09/06/14:48:20.254152,2.13088965416
2019/09/06/14:48:20.258215,2.13128972054
2019/09/06/14:48:20.262133,2.13168978691
2019/09/06/14:48:20.266094,2.13208985329
2019/09/06/14:48:20.270097,2.13248991966
2019/09/06/14:48:20.273960,2.13288998604
2019/09/06/14:48:20.278331,2.13329005241
2019/09/06/14:48:20.282166,2.13369011879
2019/09/06/14:48:20.286034,2.13409018517
2019/09/06/14:48:20.290169,2.13449025154
2019/09/06/14:48:20.293957,2.13489031792
2019/09/06/14:48:20.298176,2.13529038429
2019/09/06/14:48:20.301935,2.13569045067
2019/09/06/14:48:20.306018,2.13609051704
2019/09/06/14:48:20.310077,2.13649058342
2019/09/06/14:48:20.314131,2.1368906498
2019/09/06/14:48:20.318081,2.13729071617
2019/09/06/14:48:20.322080,2.13769078255
2019/09/06/14:48:20.326161,2.13809084892
2019/09/06/14:48:20.330073,2.1384909153
2019/09/06/14:48:20.334406,2.13889098167
2019/09/06/14:48:20.338317,2.13929104805
2019/09/06/14:48:20.342359,2.13969111443
2019/09/06/14:48:20.346437,2.1400911808
2019/09/06/14:48:20.350206,2.14049124718
2019/09/06/14:48:20.354230,2.14089131355
2019/09/06/14:48:20.358233,2.14129137993
2019/09/06/14:48:20.362226,2.1416914463
2019/09/06/14:48:20.366342,2.14209151268
2019/09/06/14:48:20.370269,2.14249157906
2019/09/06/14:48:20.374117,2.14289164543
2019/09/06/14:48:20.378167,2.14329171181
2019/09/06/14:48:20.382325,2.14369177818
2019/09/06/14:48:20.386203,2.14409184456
2019/09/06/14:48:20.390306,2.14449191093
2019/09/06/14:48:20.394374,2.14489197731
2019/09/06/14:48:20.398500,2.14529204369
2019/09/06/14:48:20.402205,2.14569211006
2019/09/06/14:48:20.406299,2.14609217644
2019/09/06/14:48:20.410229,2.14649224281
2019/09/06/14:48:20.414112,2.14689230919
2019/09/06/14:48:20.418132,2.14729237556
2019/09/06/14:48:20.422306,2.14769244194
2019/09/06/14:48:20.426427,2.14809250832
2019/09/06/14:48:20.430279,2.14849257469
2019/09/06/14:48:20.434132,2.14889264107
2019/09/06/14:48:20.438055,2.14929270744
2019/09/06/14:48:20.442286,2.14969277382
2019/09/06/14:48:20.446085,2.15009284019
2019/09/06/14:48:20.450190,2.15049290657
2019/09/06/14:48:20.454054,2.15089297295
2019/09/06/14:48:20.458166,2.15129303932
2019/09/06/14:48:20.462156,2.1516931057
2019/09/06/14:48:20.466105,2.15209317207
2019/09/06/14:48:20.470026,2.15249323845
2019/09/06/14:48:20.474176,2.15289330482
2019/09/06/14:48:20.478218,2.1532933712
2019/09/06/14:48:20.482233,2.15369343758
2019/09/06/14:48:20.486123,2.15409350395
2019/09/06/14:48:20.490237,2.15449357033
2019/09/06/14:48:20.494405,2.1548936367
2019/09/06/14:48:20.498226,2.15529370308
2019/09/06/14:48:20.502197,2.15569376945
2019/09/06/14:48:20.506193,2.15609383583
2019/09/06/14:48:20.510334,2.15649390221
2019/09/06/14:48:20.514154,2.15689396858
2019/09/06/14:48:20.518227,2.15729403496
2019/09/06/14:48:20.522504,2.15769410133
2019/09/06/14:48:20.526164,2.15809416771
2019/09/06/14:48:20.530246,2.15849423409
2019/09/06/14:48:20.534169,2.15889430046
2019/09/06/14:48:20.537858,2.15929436684
2019/09/06/14:48:20.542213,2.15969443321
2019/09/06/14:48:20.546091,2.16009449959
2019/09/06/14:48:20.550007,2.16049456596
2019/09/06/14:48:20.554068,2.16089463234
2019/09/06/14:48:20.558057,2.16129469872
2019/09/06/14:48:20.562284,2.16169476509
2019/09/06/14:48:20.566201,2.16209483147
2019/09/06/14:48:20.570022,2.16249489784
2019/09/06/14:48:20.574010,2.16289496422
2019/09/06/14:48:20.578318,2.16329503059
2019/09/06/14:48:20.582147,2.16369509697
2019/09/06/14:48:20.586049,2.16409516335
2019/09/06/14:48:20.590133,2.16449522972
2019/09/06/14:48:20.594268,2.1648952961
2019/09/06/14:48:20.598214,2.16529536247
2019/09/06/14:48:20.602276,2.16569542885
2019/09/06/14:48:20.606052,2.16609549522
2019/09/06/14:48:20.610040,2.1664955616
2019/09/06/14:48:20.614334,2.16689562798
2019/09/06/14:48:20.618154,2.16729569435
2019/09/06/14:48:20.622191,2.16769576073
2019/09/06/14:48:20.626047,2.1680958271
2019/09/06/14:48:20.630142,2.16849589348
2019/09/06/14:48:20.634041,2.16889595985
2019/09/06/14:48:20.638185,2.16929602623
2019/09/06/14:48:20.642117,2.16969609261
2019/09/06/14:48:20.646102,2.17009615898
2019/09/06/14:48:20.650023,2.17049622536
2019/09/06/14:48:20.654133,2.17089629173
2019/09/06/14:48:20.658247,2.17129635811
2019/09/06/14:48:20.662107,2.17169642448
2019/09/06/14:48:20.666050,2.17209649086
2019/09/06/14:48:20.670007,2.17249655724
2019/09/06/14:48:20.674056,2.17289662361
2019/09/06/14:48:20.678088,2.17329668999
2019/09/06/14:48:20.682210,2.17369675636
2019/09/06/14:48:20.686364,2.17409682274
2019/09/06/14:48:20.690087,2.17449688911
2019/09/06/14:48:20.693967,2.17489695549
2019/09/06/14:48:20.698100,2.17529702187
2019/09/06/14:48:20.702156,2.17569708824
2019/09/06/14:48:20.706198,2.17609715462
2019/09/06/14:48:20.710180,2.17649722099
2019/09/06/14:48:20.714197,2.17689728737
2019/09/06/14:48:20.718483,2.17729735374
2019/09/06/14:48:20.722247,2.17769742012
2019/09/06/14:48:20.726194,2.1780974865
2019/09/06/14:48:20.730010,2.17849755287
2019/09/06/14:48:20.734124,2.17889761925
2019/09/06/14:48:20.738104,2.17929768562
2019/09/06/14:48:20.742025,2.179697752
2019/09/06/14:48:20.746017,2.18009781837
2019/09/06/14:48:20.749949,2.18049788475
2019/09/06/14:48:20.754111,2.18089795113
2019/09/06/14:48:20.758046,2.1812980175
2019/09/06/14:48:20.762114,2.18169808388
2019/09/06/14:48:20.766126,2.18209815025
2019/09/06/14:48:20.770097,2.18249821663
2019/09/06/14:48:20.774225,2.182898283
2019/09/06/14:48:20.777995,2.18329834938
2019/09/06/14:48:20.781837,2.18369841576
2019/09/06/14:48:20.786208,2.18409848213
2019/09/06/14:48:20.790114,2.18449854851
2019/09/06/14:48:20.794178,2.18489861488
2019/09/06/14:48:20.798074,2.18529868126
2019/09/06/14:48:20.801878,2.18569874763
2019/09/06/14:48:20.806007,2.18609881401
2019/09/06/14:48:20.810275,2.18649888039
2019/09/06/14:48:20.813992,2.18689894676
2019/09/06/14:48:20.817954,2.18729901314
2019/09/06/14:48:20.822283,2.18769907951
2019/09/06/14:48:20.826419,2.18809914589
2019/09/06/14:48:20.830156,2.18849921227
2019/09/06/14:48:20.834258,2.18889927864
2019/09/06/14:48:20.838219,2.18929934502
2019/09/06/14:48:20.842242,2.18969941139
2019/09/06/14:48:20.846035,2.19009947777
2019/09/06/14:48:20.850168,2.19049954414
2019/09/06/14:48:20.854247,2.19089961052
2019/09/06/14:48:20.858190,2.1912996769
2019/09/06/14:48:20.862238,2.19169974327
2019/09/06/14:48:20.866529,2.19209980965
2019/09/06/14:48:20.870186,2.19249987602
2019/09/06/14:48:20.874200,2.1928999424
2019/09/06/14:48:20.878230,2.19330000877
2019/09/06/14:48:20.882103,2.19370007515
2019/09/06/14:48:20.886242,2.19410014153
2019/09/06/14:48:20.890117,2.1945002079
2019/09/06/14:48:20.894128,2.19490027428
2019/09/06/14:48:20.898185,2.19530034065
2019/09/06/14:48:20.902153,2.19570040703
2019/09/06/14:48:20.906337,2.1961004734
2019/09/06/14:48:20.910293,2.19650053978
2019/09/06/14:48:20.914042,2.19690060616
2019/09/06/14:48:20.918190,2.19730067253
2019/09/06/14:48:20.922215,2.19770073891
2019/09/06/14:48:20.926284,2.19810080528
2019/09/06/14:48:20.930407,2.19850087166
2019/09/06/14:48:20.934219,2.19890093803
2019/09/06/14:48:20.938160,2.19930100441
2019/09/06/14:48:20.941776,2.19970107079
2019/09/06/14:48:20.946291,2.20010113716
2019/09/06/14:48:20.950156,2.20050120354
2019/09/06/14:48:20.954206,2.20090126991
2019/09/06/14:48:20.958058,2.20130133629
2019/09/06/14:48:20.962342,2.20170140266
2019/09/06/14:48:20.966416,2.20210146904
2019/09/06/14:48:20.970439,2.20250153542
2019/09/06/14:48:20.974089,2.20290160179
2019/09/06/14:48:20.977940,2.20330166817
2019/09/06/14:48:20.982337,2.20370173454
2019/09/06/14:48:20.986104,2.20410180092
2019/09/06/14:48:20.990151,2.20450186729
2019/09/06/14:48:20.994034,2.20490193367
2019/09/06/14:48:20.998233,2.20530200005
2019/09/06/14:48:21.002322,2.20570206642
2019/09/06/14:48:21.006200,2.2061021328
2019/09/06/14:48:21.010124,2.20650219917
2019/09/06/14:48:21.014098,2.20690226555
2019/09/06/14:48:21.018333,2.20730233192
2019/09/06/14:48:21.022171,2.2077023983
2019/09/06/14:48:21.026181,2.20810246468
2019/09/06/14:48:21.030068,2.20850253105
2019/09/06/14:48:21.034343,2.20890259743
2019/09/06/14:48:21.038200,2.2093026638
2019/09/06/14:48:21.042296,2.20970273018
2019/09/06/14:48:21.046138,2.21010279655
2019/09/06/14:48:21.050101,2.21050286293
2019/09/06/14:48:21.054319,2.21090292931
2019/09/06/14:48:21.058460,2.21130299568
2019/09/06/14:48:21.062304,2.21170306206
2019/09/06/14:48:21.066326,2.21210312843
2019/09/06/14:48:21.070321,2.21250319481
2019/09/06/14:48:21.074421,2.21290326118
2019/09/06/14:48:21.078352,2.21330332756
2019/09/06/14:48:21.082220,2.21370339394
2019/09/06/14:48:21.086141,2.21410346031
2019/09/06/14:48:21.090393,2.21450352669
2019/09/06/14:48:21.094384,2.21490359306
2019/09/06/14:48:21.098253,2.21530365944
2019/09/06/14:48:21.102413,2.21570372581
2019/09/06/14:48:21.106461,2.21610379219
2019/09/06/14:48:21.110284,2.21650385857
2019/09/06/14:48:21.114250,2.21690392494
2019/09/06/14:48:21.118209,2.21730399132
2019/09/06/14:48:21.122405,2.21770405769
2019/09/06/14:48:21.126147,2.21810412407
2019/09/06/14:48:21.131625,2.21850419044
2019/09/06/14:48:21.134072,2.21890425682
2019/09/06/14:48:21.138101,2.2193043232
2019/09/06/14:48:21.142007,2.21970438957
2019/09/06/14:48:21.146160,2.22010445595
2019/09/06/14:48:21.150245,2.22050452232
2019/09/06/14:48:21.154162,2.2209045887
2019/09/06/14:48:21.158162,2.22130465508
2019/09/06/14:48:21.162076,2.22170472145
2019/09/06/14:48:21.166398,2.22210478783
2019/09/06/14:48:21.170049,2.2225048542
2019/09/06/14:48:21.174183,2.22290492058
2019/09/06/14:48:21.178103,2.22330498695
2019/09/06/14:48:21.182192,2.22370505333
2019/09/06/14:48:21.186090,2.22410511971
2019/09/06/14:48:21.190262,2.22450518608
2019/09/06/14:48:21.194143,2.22490525246
2019/09/06/14:48:21.198309,2.22530531883
2019/09/06/14:48:21.202194,2.22570538521
2019/09/06/14:48:21.206239,2.22610545158
2019/09/06/14:48:21.210326,2.22650551796
2019/09/06/14:48:21.214304,2.22690558434
2019/09/06/14:48:21.217937,2.22730565071
2019/09/06/14:48:21.222160,2.22770571709
2019/09/06/14:48:21.225965,2.22810578346
2019/09/06/14:48:21.230016,2.22850584984
2019/09/06/14:48:21.233997,2.22890591621
2019/09/06/14:48:21.238343,2.22930598259
2019/09/06/14:48:21.242172,2.22970604897
2019/09/06/14:48:21.245892,2.23010611534
2019/09/06/14:48:21.250102,2.23050618172
2019/09/06/14:48:21.254328,2.23090624809
2019/09/06/14:48:21.258054,2.23130631447
2019/09/06/14:48:21.262135,2.23170638084
2019/09/06/14:48:21.266267,2.23210644722
2019/09/06/14:48:21.270186,2.2325065136
2019/09/06/14:48:21.274111,2.23290657997
2019/09/06/14:48:21.278074,2.23330664635
2019/09/06/14:48:21.282042,2.23370671272
2019/09/06/14:48:21.286097,2.2341067791
2019/09/06/14:48:21.290492,2.23450684547
2019/09/06/14:48:21.294194,2.23490691185
2019/09/06/14:48:21.297992,2.23530697823
2019/09/06/14:48:21.301950,2.2357070446
2019/09/06/14:48:21.306211,2.23610711098
2019/09/06/14:48:21.309961,2.23650717735
2019/09/06/14:48:21.313973,2.23690724373
2019/09/06/14:48:21.317958,2.2373073101
2019/09/06/14:48:21.322155,2.23770737648
2019/09/06/14:48:21.326111,2.23810744286
2019/09/06/14:48:21.329988,2.23850750923
2019/09/06/14:48:21.334318,2.23890757561
2019/09/06/14:48:21.338129,2.23930764198
2019/09/06/14:48:21.342072,2.23970770836
2019/09/06/14:48:21.345961,2.24010777473
2019/09/06/14:48:21.350046,2.24050784111
2019/09/06/14:48:21.354010,2.24090790749
2019/09/06/14:48:21.357996,2.24130797386
2019/09/06/14:48:21.361976,2.24170804024
2019/09/06/14:48:21.366230,2.24210810661
2019/09/06/14:48:21.370080,2.24250817299
2019/09/06/14:48:21.374099,2.24290823936
2019/09/06/14:48:21.378098,2.24330830574
2019/09/06/14:48:21.382032,2.24370837212
2019/09/06/14:48:21.385959,2.24410843849
2019/09/06/14:48:21.389989,2.24450850487
2019/09/06/14:48:21.394062,2.24490857124
2019/09/06/14:48:21.398006,2.24530863762
2019/09/06/14:48:21.402017,2.24570870399
2019/09/06/14:48:21.406118,2.24610877037
2019/09/06/14:48:21.409990,2.24650883675
2019/09/06/14:48:21.414290,2.24690890312
2019/09/06/14:48:21.418287,2.2473089695
2019/09/06/14:48:21.422152,2.24770903587
2019/09/06/14:48:21.426266,2.24810910225
2019/09/06/14:48:21.430011,2.24850916862
2019/09/06/14:48:21.434254,2.248909235
2019/09/06/14:48:21.438163,2.24930930138
2019/09/06/14:48:21.442118,2.24970936775
2019/09/06/14:48:21.446312,2.25010943413
2019/09/06/14:48:21.449981,2.2505095005
2019/09/06/14:48:21.454117,2.25090956688
2019/09/06/14:48:21.458150,2.25130963326
2019/09/06/14:48:21.462139,2.25170969963
2019/09/06/14:48:21.466175,2.25210976601
2019/09/06/14:48:21.470093,2.25250983238
2019/09/06/14:48:21.474183,2.25290989876
2019/09/06/14:48:21.478130,2.25330996513
2019/09/06/14:48:21.482211,2.25371003151
2019/09/06/14:48:21.486181,2.25411009789
2019/09/06/14:48:21.490201,2.25451016426
2019/09/06/14:48:21.494132,2.25491023064
2019/09/06/14:48:21.498060,2.25531029701
2019/09/06/14:48:21.502290,2.25571036339
2019/09/06/14:48:21.506224,2.25611042976
2019/09/06/14:48:21.510299,2.25651049614
2019/09/06/14:48:21.514220,2.25691056252
2019/09/06/14:48:21.518317,2.25731062889
2019/09/06/14:48:21.522268,2.25771069527
2019/09/06/14:48:21.526195,2.25811076164
2019/09/06/14:48:21.530216,2.25851082802
2019/09/06/14:48:21.534302,2.25891089439
2019/09/06/14:48:21.538073,2.25931096077
2019/09/06/14:48:21.542152,2.25971102715
2019/09/06/14:48:21.546109,2.26011109352
2019/09/06/14:48:21.550005,2.2605111599
2019/09/06/14:48:21.554075,2.26091122627
2019/09/06/14:48:21.558104,2.26131129265
2019/09/06/14:48:21.562190,2.26171135902
2019/09/06/14:48:21.566401,2.2621114254
2019/09/06/14:48:21.570093,2.26251149178
2019/09/06/14:48:21.574077,2.26291155815
2019/09/06/14:48:21.577961,2.26331162453
2019/09/06/14:48:21.582458,2.2637116909
2019/09/06/14:48:21.586234,2.26411175728
2019/09/06/14:48:21.591069,2.26451182365
2019/09/06/14:48:21.594286,2.26491189003
2019/09/06/14:48:21.598186,2.26531195641
2019/09/06/14:48:21.602155,2.26571202278
2019/09/06/14:48:21.606214,2.26611208916
2019/09/06/14:48:21.610481,2.26651215553
2019/09/06/14:48:21.614352,2.26691222191
2019/09/06/14:48:21.618303,2.26731228828
2019/09/06/14:48:21.622336,2.26771235466
2019/09/06/14:48:21.626192,2.26811242104
2019/09/06/14:48:21.630373,2.26851248741
2019/09/06/14:48:21.634365,2.26891255379
2019/09/06/14:48:21.638315,2.26931262016
2019/09/06/14:48:21.642195,2.26971268654
2019/09/06/14:48:21.646299,2.27011275291
2019/09/06/14:48:21.649957,2.27051281929
2019/09/06/14:48:21.654219,2.27091288567
2019/09/06/14:48:21.658067,2.27131295204
2019/09/06/14:48:21.662146,2.27171301842
2019/09/06/14:48:21.666058,2.27211308479
2019/09/06/14:48:21.670112,2.27251315117
2019/09/06/14:48:21.674271,2.27291321754
2019/09/06/14:48:21.678140,2.27331328392
2019/09/06/14:48:21.682373,2.2737133503
2019/09/06/14:48:21.686321,2.27411341667
2019/09/06/14:48:21.690045,2.27451348305
2019/09/06/14:48:21.694104,2.27491354942
2019/09/06/14:48:21.698216,2.2753136158
2019/09/06/14:48:21.702338,2.27571368217
2019/09/06/14:48:21.706165,2.27611374855
2019/09/06/14:48:21.710129,2.27651381493
2019/09/06/14:48:21.714187,2.2769138813
2019/09/06/14:48:21.718265,2.27731394768
2019/09/06/14:48:21.722175,2.27771401405
2019/09/06/14:48:21.726147,2.27811408043
2019/09/06/14:48:21.730384,2.2785141468
2019/09/06/14:48:21.733698,2.27891421318
2019/09/06/14:48:21.738058,2.27931427956
2019/09/06/14:48:21.742105,2.27971434593
2019/09/06/14:48:21.746103,2.28011441231
2019/09/06/14:48:21.750046,2.28051447868
2019/09/06/14:48:21.754373,2.28091454506
2019/09/06/14:48:21.758572,2.28131461143
2019/09/06/14:48:21.762311,2.28171467781
2019/09/06/14:48:21.766100,2.28211474419
2019/09/06/14:48:21.770144,2.28251481056
2019/09/06/14:48:21.774124,2.28291487694
2019/09/06/14:48:21.778093,2.28331494331
2019/09/06/14:48:21.782488,2.28371500969
2019/09/06/14:48:21.786131,2.28411507607
2019/09/06/14:48:21.789968,2.28451514244
2019/09/06/14:48:21.794281,2.28491520882
2019/09/06/14:48:21.798031,2.28531527519
2019/09/06/14:48:21.802040,2.28571534157
2019/09/06/14:48:21.806187,2.28611540794
2019/09/06/14:48:21.810076,2.28651547432
2019/09/06/14:48:21.814129,2.2869155407
2019/09/06/14:48:21.818126,2.28731560707
2019/09/06/14:48:21.822170,2.28771567345
2019/09/06/14:48:21.826295,2.28811573982
2019/09/06/14:48:21.830337,2.2885158062
2019/09/06/14:48:21.834054,2.28891587257
2019/09/06/14:48:21.838254,2.28931593895
2019/09/06/14:48:21.842381,2.28971600533
2019/09/06/14:48:21.846397,2.2901160717
2019/09/06/14:48:21.850631,2.29051613808
2019/09/06/14:48:21.854234,2.29091620445
2019/09/06/14:48:21.858166,2.29131627083
2019/09/06/14:48:21.862465,2.2917163372
2019/09/06/14:48:21.866244,2.29211640358
2019/09/06/14:48:21.870444,2.29251646996
2019/09/06/14:48:21.874357,2.29291653633
2019/09/06/14:48:21.878411,2.29331660271
2019/09/06/14:48:21.882076,2.29371666908
2019/09/06/14:48:21.886473,2.29411673546
2019/09/06/14:48:21.890107,2.29451680183
2019/09/06/14:48:21.894225,2.29491686821
2019/09/06/14:48:21.898215,2.29531693459
2019/09/06/14:48:21.902256,2.29571700096
2019/09/06/14:48:21.906133,2.29611706734
2019/09/06/14:48:21.910133,2.29651713371
2019/09/06/14:48:21.914326,2.29691720009
2019/09/06/14:48:21.918160,2.29731726646
2019/09/06/14:48:21.922290,2.29771733284
2019/09/06/14:48:21.926417,2.29811739922
2019/09/06/14:48:21.930220,2.29851746559
2019/09/06/14:48:21.934128,2.29891753197
2019/09/06/14:48:21.938339,2.29931759834
2019/09/06/14:48:21.942131,2.29971766472
2019/09/06/14:48:21.946367,2.30011773109
2019/09/06/14:48:21.950217,2.30051779747
2019/09/06/14:48:21.954134,2.30091786385
2019/09/06/14:48:21.958272,2.30131793022
2019/09/06/14:48:21.962157,2.3017179966
2019/09/06/14:48:21.966126,2.30211806297
2019/09/06/14:48:21.970102,2.30251812935
2019/09/06/14:48:21.974228,2.30291819572
2019/09/06/14:48:21.978151,2.3033182621
2019/09/06/14:48:21.981958,2.30371832848
2019/09/06/14:48:21.986214,2.30411839485
2019/09/06/14:48:21.990321,2.30451846123
2019/09/06/14:48:21.994138,2.3049185276
2019/09/06/14:48:21.998146,2.30531859398
2019/09/06/14:48:22.002244,2.30571866035
2019/09/06/14:48:22.006253,2.30611872673
2019/09/06/14:48:22.010187,2.30651879311
2019/09/06/14:48:22.014183,2.30691885948
2019/09/06/14:48:22.018211,2.30731892586
2019/09/06/14:48:22.022146,2.30771899223
2019/09/06/14:48:22.026159,2.30811905861
2019/09/06/14:48:22.030232,2.30851912498
2019/09/06/14:48:22.034406,2.30891919136
2019/09/06/14:48:22.038124,2.30931925774
2019/09/06/14:48:22.042284,2.30971932411
2019/09/06/14:48:22.046132,2.31011939049
2019/09/06/14:48:22.050062,2.31051945686
2019/09/06/14:48:22.053899,2.31091952324
2019/09/06/14:48:22.058206,2.31131958961
2019/09/06/14:48:22.062236,2.31171965599
2019/09/06/14:48:22.066129,2.31211972237
2019/09/06/14:48:22.070166,2.31251978874
2019/09/06/14:48:22.074074,2.31291985512
2019/09/06/14:48:22.078119,2.31331992149
2019/09/06/14:48:22.082546,2.31371998787
2019/09/06/14:48:22.086360,2.31412005424
2019/09/06/14:48:22.090122,2.31452012062
2019/09/06/14:48:22.094169,2.314920187
2019/09/06/14:48:22.098199,2.31532025337
2019/09/06/14:48:22.102163,2.31572031975
2019/09/06/14:48:22.106153,2.31612038612
2019/09/06/14:48:22.110218,2.3165204525
2019/09/06/14:48:22.114284,2.31692051888
2019/09/06/14:48:22.118192,2.31732058525
2019/09/06/14:48:22.122274,2.31772065163
2019/09/06/14:48:22.126217,2.318120718
2019/09/06/14:48:22.131631,2.31852078438
2019/09/06/14:48:22.134185,2.31892085075
2019/09/06/14:48:22.137971,2.31932091713
2019/09/06/14:48:22.142015,2.31972098351
2019/09/06/14:48:22.146093,2.32012104988
2019/09/06/14:48:22.150165,2.32052111626
2019/09/06/14:48:22.154146,2.32092118263
2019/09/06/14:48:22.158067,2.32132124901
2019/09/06/14:48:22.162028,2.32172131538
2019/09/06/14:48:22.166207,2.32212138176
2019/09/06/14:48:22.170163,2.32252144814
2019/09/06/14:48:22.174223,2.32292151451
2019/09/06/14:48:22.178029,2.32332158089
2019/09/06/14:48:22.182345,2.32372164726
2019/09/06/14:48:22.186208,2.32412171364
2019/09/06/14:48:22.190213,2.32452178001
2019/09/06/14:48:22.194274,2.32492184639
2019/09/06/14:48:22.198442,2.32532191277
2019/09/06/14:48:22.202096,2.32572197914
2019/09/06/14:48:22.206245,2.32612204552
2019/09/06/14:48:22.210309,2.32652211189
2019/09/06/14:48:22.214368,2.32692217827
2019/09/06/14:48:22.218363,2.32732224464
2019/09/06/14:48:22.222163,2.32772231102
2019/09/06/14:48:22.226244,2.3281223774
2019/09/06/14:48:22.230436,2.32852244377
2019/09/06/14:48:22.234190,2.32892251015
2019/09/06/14:48:22.238340,2.32932257652
2019/09/06/14:48:22.242142,2.3297226429
2019/09/06/14:48:22.246200,2.33012270927
2019/09/06/14:48:22.250129,2.33052277565
2019/09/06/14:48:22.254633,2.33092284203
2019/09/06/14:48:22.258230,2.3313229084
2019/09/06/14:48:22.262159,2.33172297478
2019/09/06/14:48:22.266167,2.33212304115
2019/09/06/14:48:22.270177,2.33252310753
2019/09/06/14:48:22.274150,2.3329231739
2019/09/06/14:48:22.278234,2.33332324028
2019/09/06/14:48:22.282158,2.33372330666
2019/09/06/14:48:22.286537,2.33412337303
2019/09/06/14:48:22.290264,2.33452343941
2019/09/06/14:48:22.294342,2.33492350578
2019/09/06/14:48:22.298267,2.33532357216
2019/09/06/14:48:22.302425,2.33572363853
2019/09/06/14:48:22.306153,2.33612370491
2019/09/06/14:48:22.310122,2.33652377129
2019/09/06/14:48:22.314257,2.33692383766
2019/09/06/14:48:22.318260,2.33732390404
2019/09/06/14:48:22.322236,2.33772397041
2019/09/06/14:48:22.326208,2.33812403679
2019/09/06/14:48:22.330040,2.33852410316
2019/09/06/14:48:22.333767,2.33892416954
2019/09/06/14:48:22.338165,2.33932423592
2019/09/06/14:48:22.342425,2.33972430229
2019/09/06/14:48:22.346175,2.34012436867
2019/09/06/14:48:22.350032,2.34052443504
2019/09/06/14:48:22.354063,2.34092450142
2019/09/06/14:48:22.358076,2.34132456779
2019/09/06/14:48:22.362113,2.34172463417
2019/09/06/14:48:22.366046,2.34212470055
2019/09/06/14:48:22.370190,2.34252476692
2019/09/06/14:48:22.374133,2.3429248333
2019/09/06/14:48:22.378249,2.34332489967
2019/09/06/14:48:22.382433,2.34372496605
2019/09/06/14:48:22.386504,2.34412503242
2019/09/06/14:48:22.390477,2.3445250988
2019/09/06/14:48:22.394242,2.34492516518
2019/09/06/14:48:22.398254,2.34532523155
2019/09/06/14:48:22.402249,2.34572529793
2019/09/06/14:48:22.406126,2.3461253643
2019/09/06/14:48:22.410024,2.34652543068
2019/09/06/14:48:22.414211,2.34692549706
2019/09/06/14:48:22.418350,2.34732556343
2019/09/06/14:48:22.422164,2.34772562981
2019/09/06/14:48:22.426158,2.34812569618
2019/09/06/14:48:22.429940,2.34852576256
2019/09/06/14:48:22.434223,2.34892582893
2019/09/06/14:48:22.438035,2.34932589531
2019/09/06/14:48:22.442250,2.34972596169
2019/09/06/14:48:22.446421,2.35012602806
2019/09/06/14:48:22.450272,2.35052609444
2019/09/06/14:48:22.454371,2.35092616081
2019/09/06/14:48:22.458130,2.35132622719
2019/09/06/14:48:22.462145,2.35172629356
2019/09/06/14:48:22.466206,2.35212635994
2019/09/06/14:48:22.470238,2.35252642632
2019/09/06/14:48:22.474118,2.35292649269
2019/09/06/14:48:22.478333,2.35332655907
2019/09/06/14:48:22.482106,2.35372662544
2019/09/06/14:48:22.486012,2.35412669182
2019/09/06/14:48:22.490165,2.35452675819
2019/09/06/14:48:22.494221,2.35492682457
2019/09/06/14:48:22.498091,2.35532689095
2019/09/06/14:48:22.502359,2.35572695732
2019/09/06/14:48:22.506364,2.3561270237
2019/09/06/14:48:22.510364,2.35652709007
2019/09/06/14:48:22.514210,2.35692715645
2019/09/06/14:48:22.518309,2.35732722282
2019/09/06/14:48:22.522226,2.3577272892
2019/09/06/14:48:22.526149,2.35812735558
2019/09/06/14:48:22.530338,2.35852742195
2019/09/06/14:48:22.534269,2.35892748833
2019/09/06/14:48:22.538079,2.3593275547
2019/09/06/14:48:22.542268,2.35972762108
2019/09/06/14:48:22.546140,2.36012768745
2019/09/06/14:48:22.550242,2.36052775383
2019/09/06/14:48:22.554116,2.36092782021
2019/09/06/14:48:22.558531,2.36132788658
2019/09/06/14:48:22.562226,2.36172795296
2019/09/06/14:48:22.566233,2.36212801933
2019/09/06/14:48:22.570024,2.36252808571
2019/09/06/14:48:22.574109,2.36292815208
2019/09/06/14:48:22.578153,2.36332821846
2019/09/06/14:48:22.582131,2.36372828484
2019/09/06/14:48:22.586126,2.36412835121
2019/09/06/14:48:22.590417,2.36452841759
2019/09/06/14:48:22.594127,2.36492848396
2019/09/06/14:48:22.598106,2.36532855034
2019/09/06/14:48:22.602097,2.36572861671
2019/09/06/14:48:22.606058,2.36612868309
2019/09/06/14:48:22.610210,2.36652874947
2019/09/06/14:48:22.614230,2.36692881584
2019/09/06/14:48:22.618054,2.36732888222
2019/09/06/14:48:22.622183,2.36772894859
2019/09/06/14:48:22.626268,2.36812901497
2019/09/06/14:48:22.630065,2.36852908134
2019/09/06/14:48:22.634095,2.36892914772
2019/09/06/14:48:22.638145,2.3693292141
2019/09/06/14:48:22.642286,2.36972928047
2019/09/06/14:48:22.646228,2.37012934685
2019/09/06/14:48:22.649999,2.37052941322
2019/09/06/14:48:22.654227,2.3709294796
2019/09/06/14:48:22.658326,2.37132954597
2019/09/06/14:48:22.662316,2.37172961235
2019/09/06/14:48:22.666059,2.37212967873
2019/09/06/14:48:22.670179,2.3725297451
2019/09/06/14:48:22.674432,2.37292981148
2019/09/06/14:48:22.678236,2.37332987785
2019/09/06/14:48:22.682144,2.37372994423
2019/09/06/14:48:22.686450,2.3741300106
2019/09/06/14:48:22.690159,2.37453007698
2019/09/06/14:48:22.694211,2.37493014336
2019/09/06/14:48:22.697882,2.37533020973
2019/09/06/14:48:22.702192,2.37573027611
2019/09/06/14:48:22.706150,2.37613034248
2019/09/06/14:48:22.710267,2.37653040886
2019/09/06/14:48:22.714077,2.37693047523
2019/09/06/14:48:22.718009,2.37733054161
2019/09/06/14:48:22.722359,2.37773060799
2019/09/06/14:48:22.726635,2.37813067436
2019/09/06/14:48:22.730159,2.37853074074
2019/09/06/14:48:22.734313,2.37893080711
2019/09/06/14:48:22.738095,2.37933087349
2019/09/06/14:48:22.742084,2.37973093987
2019/09/06/14:48:22.746212,2.38013100624
2019/09/06/14:48:22.750224,2.38053107262
2019/09/06/14:48:22.754252,2.38093113899
2019/09/06/14:48:22.758149,2.38133120537
2019/09/06/14:48:22.762036,2.38173127174
2019/09/06/14:48:22.766099,2.38213133812
2019/09/06/14:48:22.770166,2.3825314045
2019/09/06/14:48:22.774133,2.38293147087
2019/09/06/14:48:22.778096,2.38333153725
2019/09/06/14:48:22.782046,2.38373160362
2019/09/06/14:48:22.786093,2.38413167
2019/09/06/14:48:22.790171,2.38453173637
2019/09/06/14:48:22.794067,2.38493180275
2019/09/06/14:48:22.798132,2.38533186913
2019/09/06/14:48:22.802201,2.3857319355
2019/09/06/14:48:22.806106,2.38613200188
2019/09/06/14:48:22.810086,2.38653206825
2019/09/06/14:48:22.814124,2.38693213463
2019/09/06/14:48:22.818038,2.387332201
2019/09/06/14:48:22.822197,2.38773226738
2019/09/06/14:48:22.825982,2.38813233376
2019/09/06/14:48:22.830304,2.38853240013
2019/09/06/14:48:22.834244,2.38893246651
2019/09/06/14:48:22.838404,2.38933253288
2019/09/06/14:48:22.842190,2.38973259926
2019/09/06/14:48:22.846120,2.39013266563
2019/09/06/14:48:22.850112,2.39053273201
2019/09/06/14:48:22.854142,2.39093279839
2019/09/06/14:48:22.858082,2.39133286476
2019/09/06/14:48:22.862073,2.39173293114
2019/09/06/14:48:22.866451,2.39213299751
2019/09/06/14:48:22.870224,2.39253306389
2019/09/06/14:48:22.874224,2.39293313026
2019/09/06/14:48:22.878261,2.39333319664
2019/09/06/14:48:22.882209,2.39373326302
2019/09/06/14:48:22.886258,2.39413332939
2019/09/06/14:48:22.890234,2.39453339577
2019/09/06/14:48:22.893825,2.39493346214
2019/09/06/14:48:22.897996,2.39533352852
2019/09/06/14:48:22.902081,2.39573359489
2019/09/06/14:48:22.906019,2.39613366127
2019/09/06/14:48:22.910212,2.39653372765
2019/09/06/14:48:22.914443,2.39693379402
2019/09/06/14:48:22.918280,2.3973338604
2019/09/06/14:48:22.922167,2.39773392677
2019/09/06/14:48:22.926065,2.39813399315
2019/09/06/14:48:22.930057,2.39853405952
2019/09/06/14:48:22.934042,2.3989341259
2019/09/06/14:48:22.938121,2.39933419228
2019/09/06/14:48:22.942150,2.39973425865
2019/09/06/14:48:22.946170,2.40013432503
2019/09/06/14:48:22.950306,2.4005343914
2019/09/06/14:48:22.954532,2.40093445778
2019/09/06/14:48:22.958223,2.40133452415
2019/09/06/14:48:22.962183,2.40173459053
2019/09/06/14:48:22.966021,2.40213465691
2019/09/06/14:48:22.970135,2.40253472328
2019/09/06/14:48:22.974192,2.40293478966
2019/09/06/14:48:22.978227,2.40333485603
2019/09/06/14:48:22.982355,2.40373492241
2019/09/06/14:48:22.986002,2.40413498878
2019/09/06/14:48:22.990077,2.40453505516
2019/09/06/14:48:22.994183,2.40493512154
2019/09/06/14:48:22.998585,2.40533518791
2019/09/06/14:48:23.002251,2.40573525429
2019/09/06/14:48:23.006173,2.40613532066
2019/09/06/14:48:23.010344,2.40653538704
2019/09/06/14:48:23.014136,2.40693545341
2019/09/06/14:48:23.019079,2.40733551979
2019/09/06/14:48:23.022332,2.40773558617
2019/09/06/14:48:23.026299,2.40813565254
2019/09/06/14:48:23.030426,2.40853571892
2019/09/06/14:48:23.034102,2.40893578529
2019/09/06/14:48:23.038176,2.40933585167
2019/09/06/14:48:23.042114,2.40973591805
2019/09/06/14:48:23.046012,2.41013598442
2019/09/06/14:48:23.050004,2.4105360508
2019/09/06/14:48:23.053983,2.41093611717
2019/09/06/14:48:23.058136,2.41133618355
2019/09/06/14:48:23.062155,2.41173624992
2019/09/06/14:48:23.066205,2.4121363163
2019/09/06/14:48:23.070040,2.41253638268
2019/09/06/14:48:23.074016,2.41293644905
2019/09/06/14:48:23.078127,2.41333651543
2019/09/06/14:48:23.082045,2.4137365818
2019/09/06/14:48:23.086012,2.41413664818
2019/09/06/14:48:23.090135,2.41453671455
2019/09/06/14:48:23.093961,2.41493678093
2019/09/06/14:48:23.097995,2.41533684731
2019/09/06/14:48:23.102040,2.41573691368
2019/09/06/14:48:23.106062,2.41613698006
2019/09/06/14:48:23.110409,2.41653704643
2019/09/06/14:48:23.114000,2.41693711281
2019/09/06/14:48:23.118067,2.41733717918
2019/09/06/14:48:23.122032,2.41773724556
2019/09/06/14:48:23.125964,2.41813731194
2019/09/06/14:48:23.130260,2.41853737831
2019/09/06/14:48:23.134264,2.41893744469
2019/09/06/14:48:23.138211,2.41933751106
2019/09/06/14:48:23.142174,2.41973757744
2019/09/06/14:48:23.146123,2.42013764381
2019/09/06/14:48:23.150291,2.42053771019
2019/09/06/14:48:23.154275,2.42093777657
2019/09/06/14:48:23.158177,2.42133784294
2019/09/06/14:48:23.162115,2.42173790932
2019/09/06/14:48:23.165768,2.42213797569
2019/09/06/14:48:23.170042,2.42253804207
2019/09/06/14:48:23.174132,2.42293810844
2019/09/06/14:48:23.178008,2.42333817482
2019/09/06/14:48:23.182278,2.4237382412
2019/09/06/14:48:23.186261,2.42413830757
2019/09/06/14:48:23.190295,2.42453837395
2019/09/06/14:48:23.194109,2.42493844032
2019/09/06/14:48:23.198279,2.4253385067
2019/09/06/14:48:23.202303,2.42573857307
2019/09/06/14:48:23.206252,2.42613863945
2019/09/06/14:48:23.209998,2.42653870583
2019/09/06/14:48:23.213969,2.4269387722
2019/09/06/14:48:23.218261,2.42733883858
2019/09/06/14:48:23.222398,2.42773890495
2019/09/06/14:48:23.226286,2.42813897133
2019/09/06/14:48:23.230147,2.4285390377
2019/09/06/14:48:23.234088,2.42893910408
2019/09/06/14:48:23.238206,2.42933917046
2019/09/06/14:48:23.242047,2.42973923683
2019/09/06/14:48:23.246029,2.43013930321
2019/09/06/14:48:23.250069,2.43053936958
2019/09/06/14:48:23.254123,2.43093943596
2019/09/06/14:48:23.258079,2.43133950233
2019/09/06/14:48:23.262001,2.43173956871
2019/09/06/14:48:23.266724,2.43213963509
2019/09/06/14:48:23.270248,2.43253970146
2019/09/06/14:48:23.274089,2.43293976784
2019/09/06/14:48:23.278031,2.43333983421
2019/09/06/14:48:23.282247,2.43373990059
2019/09/06/14:48:23.286194,2.43413996696
2019/09/06/14:48:23.290113,2.43454003334
2019/09/06/14:48:23.294271,2.43494009972
2019/09/06/14:48:23.298310,2.43534016609
2019/09/06/14:48:23.302275,2.43574023247
2019/09/06/14:48:23.306270,2.43614029884
2019/09/06/14:48:23.310259,2.43654036522
2019/09/06/14:48:23.314123,2.43694043159
2019/09/06/14:48:23.318362,2.43734049797
2019/09/06/14:48:23.322278,2.43774056435
2019/09/06/14:48:23.326320,2.43814063072
2019/09/06/14:48:23.330336,2.4385406971
2019/09/06/14:48:23.334184,2.43894076347
2019/09/06/14:48:23.337884,2.43934082985
2019/09/06/14:48:23.342152,2.43974089622
2019/09/06/14:48:23.346142,2.4401409626
2019/09/06/14:48:23.350299,2.44054102898
2019/09/06/14:48:23.354010,2.44094109535
2019/09/06/14:48:23.358162,2.44134116173
2019/09/06/14:48:23.361991,2.4417412281
2019/09/06/14:48:23.366214,2.44214129448
2019/09/06/14:48:23.370100,2.44254136086
2019/09/06/14:48:23.374143,2.44294142723
2019/09/06/14:48:23.378178,2.44334149361
2019/09/06/14:48:23.382125,2.44374155998
2019/09/06/14:48:23.386139,2.44414162636
2019/09/06/14:48:23.390435,2.44454169273
2019/09/06/14:48:23.394477,2.44494175911
2019/09/06/14:48:23.398440,2.44534182549
2019/09/06/14:48:23.402404,2.44574189186
2019/09/06/14:48:23.405926,2.44614195824
2019/09/06/14:48:23.410191,2.44654202461
2019/09/06/14:48:23.414395,2.44694209099
2019/09/06/14:48:23.418297,2.44734215736
2019/09/06/14:48:23.422208,2.44774222374
2019/09/06/14:48:23.426165,2.44814229012
2019/09/06/14:48:23.430159,2.44854235649
2019/09/06/14:48:23.433780,2.44894242287
2019/09/06/14:48:23.438183,2.44934248924
2019/09/06/14:48:23.442164,2.44974255562
2019/09/06/14:48:23.446106,2.45014262199
2019/09/06/14:48:23.450137,2.45054268837
2019/09/06/14:48:23.454066,2.45094275475
2019/09/06/14:48:23.458310,2.45134282112
2019/09/06/14:48:23.462321,2.4517428875
2019/09/06/14:48:23.466208,2.45214295387
2019/09/06/14:48:23.470036,2.45254302025
2019/09/06/14:48:23.474101,2.45294308662
2019/09/06/14:48:23.478136,2.453343153
2019/09/06/14:48:23.481976,2.45374321938
2019/09/06/14:48:23.486288,2.45414328575
2019/09/06/14:48:23.490074,2.45454335213
2019/09/06/14:48:23.494073,2.4549434185
2019/09/06/14:48:23.498076,2.45534348488
2019/09/06/14:48:23.502166,2.45574355125
2019/09/06/14:48:23.506388,2.45614361763
2019/09/06/14:48:23.510151,2.45654368401
2019/09/06/14:48:23.514007,2.45694375038
2019/09/06/14:48:23.518153,2.45734381676
2019/09/06/14:48:23.521991,2.45774388313
2019/09/06/14:48:23.526124,2.45814394951
2019/09/06/14:48:23.530177,2.45854401588
2019/09/06/14:48:23.534270,2.45894408226
2019/09/06/14:48:23.538124,2.45934414864
2019/09/06/14:48:23.542117,2.45974421501
2019/09/06/14:48:23.545975,2.46014428139
2019/09/06/14:48:23.549948,2.46054434776
2019/09/06/14:48:23.553941,2.46094441414
2019/09/06/14:48:23.558035,2.46134448051
2019/09/06/14:48:23.561978,2.46174454689
2019/09/06/14:48:23.566157,2.46214461327
2019/09/06/14:48:23.570378,2.46254467964
2019/09/06/14:48:23.574114,2.46294474602
2019/09/06/14:48:23.578069,2.46334481239
2019/09/06/14:48:23.581964,2.46374487877
2019/09/06/14:48:23.586010,2.46414494514
2019/09/06/14:48:23.589997,2.46454501152
2019/09/06/14:48:23.593934,2.4649450779
2019/09/06/14:48:23.598016,2.46534514427
2019/09/06/14:48:23.602054,2.46574521065
2019/09/06/14:48:23.606107,2.46614527702
2019/09/06/14:48:23.610131,2.4665453434
2019/09/06/14:48:23.614075,2.46694540977
2019/09/06/14:48:23.618341,2.46734547615
2019/09/06/14:48:23.622320,2.46774554253
2019/09/06/14:48:23.626180,2.4681456089
2019/09/06/14:48:23.630489,2.46854567528
2019/09/06/14:48:23.634242,2.46894574165
2019/09/06/14:48:23.637977,2.46934580803
2019/09/06/14:48:23.642087,2.4697458744
2019/09/06/14:48:23.645972,2.47014594078
2019/09/06/14:48:23.650154,2.47054600716
2019/09/06/14:48:23.654325,2.47094607353
2019/09/06/14:48:23.658124,2.47134613991
2019/09/06/14:48:23.662277,2.47174620628
2019/09/06/14:48:23.666318,2.47214627266
2019/09/06/14:48:23.670279,2.47254633904
2019/09/06/14:48:23.673920,2.47294640541
2019/09/06/14:48:23.678014,2.47334647179
2019/09/06/14:48:23.682008,2.47374653816
2019/09/06/14:48:23.685990,2.47414660454
2019/09/06/14:48:23.690200,2.47454667091
2019/09/06/14:48:23.694167,2.47494673729
2019/09/06/14:48:23.698182,2.47534680367
2019/09/06/14:48:23.702338,2.47574687004
2019/09/06/14:48:23.706120,2.47614693642
2019/09/06/14:48:23.710196,2.47654700279
2019/09/06/14:48:23.714081,2.47694706917
2019/09/06/14:48:23.718100,2.47734713554
2019/09/06/14:48:23.721980,2.47774720192
2019/09/06/14:48:23.725897,2.4781472683
2019/09/06/14:48:23.729817,2.47854733467
2019/09/06/14:48:23.734154,2.47894740105
2019/09/06/14:48:23.738229,2.47934746742
2019/09/06/14:48:23.742141,2.4797475338
2019/09/06/14:48:23.746134,2.48014760017
2019/09/06/14:48:23.750226,2.48054766655
2019/09/06/14:48:23.754134,2.48094773293
2019/09/06/14:48:23.758327,2.4813477993
2019/09/06/14:48:23.762286,2.48174786568
2019/09/06/14:48:23.766069,2.48214793205
2019/09/06/14:48:23.770235,2.48254799843
2019/09/06/14:48:23.773790,2.4829480648
2019/09/06/14:48:23.778228,2.48334813118
2019/09/06/14:48:23.782027,2.48374819756
2019/09/06/14:48:23.786105,2.48414826393
2019/09/06/14:48:23.789971,2.48454833031
2019/09/06/14:48:23.793967,2.48494839668
2019/09/06/14:48:23.798026,2.48534846306
2019/09/06/14:48:23.802069,2.48574852943
2019/09/06/14:48:23.806012,2.48614859581
2019/09/06/14:48:23.810177,2.48654866219
2019/09/06/14:48:23.814057,2.48694872856
2019/09/06/14:48:23.818194,2.48734879494
2019/09/06/14:48:23.822134,2.48774886131
2019/09/06/14:48:23.825934,2.48814892769
2019/09/06/14:48:23.830120,2.48854899406
2019/09/06/14:48:23.834190,2.48894906044
2019/09/06/14:48:23.838333,2.48934912682
2019/09/06/14:48:23.842239,2.48974919319
2019/09/06/14:48:23.846085,2.49014925957
2019/09/06/14:48:23.850167,2.49054932594
2019/09/06/14:48:23.854083,2.49094939232
2019/09/06/14:48:23.858194,2.49134945869
2019/09/06/14:48:23.862224,2.49174952507
2019/09/06/14:48:23.866192,2.49214959145
2019/09/06/14:48:23.870339,2.49254965782
2019/09/06/14:48:23.874397,2.4929497242
2019/09/06/14:48:23.877950,2.49334979057
2019/09/06/14:48:23.882299,2.49374985695
2019/09/06/14:48:23.886036,2.49414992332
2019/09/06/14:48:23.889890,2.4945499897
2019/09/06/14:48:23.894130,2.49495005608
2019/09/06/14:48:23.898083,2.49535012245
2019/09/06/14:48:23.902007,2.49575018883
2019/09/06/14:48:23.906098,2.4961502552
2019/09/06/14:48:23.909951,2.49655032158
2019/09/06/14:48:23.913978,2.49695038795
2019/09/06/14:48:23.918125,2.49735045433
2019/09/06/14:48:23.921978,2.49775052071
2019/09/06/14:48:23.925955,2.49815058708
2019/09/06/14:48:23.929984,2.49855065346
2019/09/06/14:48:23.934112,2.49895071983
2019/09/06/14:48:23.937990,2.49895071983
2019/09/06/14:48:23.942095,2.49855065346
2019/09/06/14:48:23.946032,2.49815058708
2019/09/06/14:48:23.950276,2.49775052071
2019/09/06/14:48:23.954233,2.49735045433
2019/09/06/14:48:23.958150,2.49695038795
2019/09/06/14:48:23.962015,2.49655032158
2019/09/06/14:48:23.965996,2.4961502552
2019/09/06/14:48:23.970181,2.49575018883
2019/09/06/14:48:23.974091,2.49535012245
2019/09/06/14:48:23.978204,2.49495005608
2019/09/06/14:48:23.982070,2.4945499897
2019/09/06/14:48:23.986149,2.49414992332
2019/09/06/14:48:23.990429,2.49374985695
2019/09/06/14:48:23.994100,2.49334979057
2019/09/06/14:48:23.998162,2.4929497242
2019/09/06/14:48:24.002116,2.49254965782
2019/09/06/14:48:24.006145,2.49214959145
2019/09/06/14:48:24.010085,2.49174952507
2019/09/06/14:48:24.014498,2.49134945869
2019/09/06/14:48:24.018192,2.49094939232
2019/09/06/14:48:24.021993,2.49054932594
2019/09/06/14:48:24.026261,2.49014925957
2019/09/06/14:48:24.030371,2.48974919319
2019/09/06/14:48:24.034030,2.48934912682
2019/09/06/14:48:24.038174,2.48934912682
2019/09/06/14:48:24.042055,2.48974919319
2019/09/06/14:48:24.045968,2.49014925957
2019/09/06/14:48:24.050225,2.49054932594
2019/09/06/14:48:24.054279,2.49094939232
2019/09/06/14:48:24.058139,2.49134945869
2019/09/06/14:48:24.062168,2.49174952507
2019/09/06/14:48:24.066420,2.49214959145
2019/09/06/14:48:24.070253,2.49254965782
2019/09/06/14:48:24.074016,2.4929497242
2019/09/06/14:48:24.078009,2.49334979057
2019/09/06/14:48:24.082028,2.49374985695
2019/09/06/14:48:24.086021,2.49414992332
2019/09/06/14:48:24.090322,2.4945499897
2019/09/06/14:48:24.094333,2.49495005608
2019/09/06/14:48:24.098235,2.49535012245
2019/09/06/14:48:24.102332,2.49575018883
2019/09/06/14:48:24.106307,2.4961502552
2019/09/06/14:48:24.110294,2.49655032158
2019/09/06/14:48:24.114130,2.49695038795
2019/09/06/14:48:24.118224,2.49735045433
2019/09/06/14:48:24.122230,2.49775052071
2019/09/06/14:48:24.126263,2.49815058708
2019/09/06/14:48:24.130703,2.49855065346
2019/09/06/14:48:24.134029,2.49895071983
2019/09/06/14:48:24.138065,2.49935078621
2019/09/06/14:48:24.142097,2.49975085258
2019/09/06/14:48:24.146191,2.50015091896
2019/09/06/14:48:24.150623,2.50055098534
2019/09/06/14:48:24.154086,2.50095105171
2019/09/06/14:48:24.158292,2.50135111809
2019/09/06/14:48:24.162354,2.50175118446
2019/09/06/14:48:24.166226,2.50215125084
2019/09/06/14:48:24.170182,2.50255131721
2019/09/06/14:48:24.174128,2.50295138359
2019/09/06/14:48:24.178154,2.50335144997
2019/09/06/14:48:24.182061,2.50375151634
2019/09/06/14:48:24.186173,2.50415158272
2019/09/06/14:48:24.190259,2.50455164909
2019/09/06/14:48:24.194212,2.50495171547
2019/09/06/14:48:24.198233,2.50535178185
2019/09/06/14:48:24.202128,2.50575184822
2019/09/06/14:48:24.206184,2.5061519146
2019/09/06/14:48:24.210268,2.50655198097
2019/09/06/14:48:24.214134,2.50695204735
2019/09/06/14:48:24.217937,2.50735211372
2019/09/06/14:48:24.222501,2.5077521801
2019/09/06/14:48:24.226189,2.50815224648
2019/09/06/14:48:24.230260,2.50855231285
2019/09/06/14:48:24.234081,2.50895237923
2019/09/06/14:48:24.238202,2.5093524456
2019/09/06/14:48:24.242269,2.50975251198
2019/09/06/14:48:24.246022,2.51015257835
2019/09/06/14:48:24.250248,2.51055264473
2019/09/06/14:48:24.254077,2.51095271111
2019/09/06/14:48:24.258084,2.51135277748
2019/09/06/14:48:24.261990,2.51175284386
2019/09/06/14:48:24.266140,2.51215291023
2019/09/06/14:48:24.270093,2.51255297661
2019/09/06/14:48:24.274260,2.51295304298
2019/09/06/14:48:24.277999,2.51335310936
2019/09/06/14:48:24.282052,2.51375317574
2019/09/06/14:48:24.286262,2.51415324211
2019/09/06/14:48:24.290081,2.51455330849
2019/09/06/14:48:24.294096,2.51495337486
2019/09/06/14:48:24.298089,2.51535344124
2019/09/06/14:48:24.302029,2.51575350761
2019/09/06/14:48:24.306162,2.51615357399
2019/09/06/14:48:24.310087,2.51655364037
2019/09/06/14:48:24.314242,2.51695370674
2019/09/06/14:48:24.318215,2.51735377312
2019/09/06/14:48:24.322141,2.51775383949
2019/09/06/14:48:24.326164,2.51815390587
2019/09/06/14:48:24.330090,2.51855397224
2019/09/06/14:48:24.334198,2.51895403862
2019/09/06/14:48:24.338139,2.519354105
2019/09/06/14:48:24.342203,2.51975417137
2019/09/06/14:48:24.346114,2.52015423775
2019/09/06/14:48:24.350093,2.52055430412
2019/09/06/14:48:24.354151,2.5209543705
2019/09/06/14:48:24.358126,2.52135443687
2019/09/06/14:48:24.362395,2.52175450325
2019/09/06/14:48:24.366122,2.52215456963
2019/09/06/14:48:24.370216,2.522554636
2019/09/06/14:48:24.374024,2.52295470238
2019/09/06/14:48:24.378223,2.52335476875
2019/09/06/14:48:24.382126,2.52375483513
2019/09/06/14:48:24.386030,2.5241549015
2019/09/06/14:48:24.390091,2.52455496788
2019/09/06/14:48:24.394110,2.52495503426
2019/09/06/14:48:24.398314,2.52535510063
2019/09/06/14:48:24.402347,2.52575516701
2019/09/06/14:48:24.406075,2.52615523338
2019/09/06/14:48:24.410147,2.52655529976
2019/09/06/14:48:24.414038,2.52695536613
2019/09/06/14:48:24.418079,2.52735543251
2019/09/06/14:48:24.422134,2.52775549889
2019/09/06/14:48:24.426079,2.52815556526
2019/09/06/14:48:24.430357,2.52855563164
2019/09/06/14:48:24.434240,2.52895569801
2019/09/06/14:48:24.438220,2.52935576439
2019/09/06/14:48:24.442182,2.52975583076
2019/09/06/14:48:24.446061,2.53015589714
2019/09/06/14:48:24.450235,2.53055596352
2019/09/06/14:48:24.454601,2.53095602989
2019/09/06/14:48:24.458013,2.53135609627
2019/09/06/14:48:24.462161,2.53175616264
2019/09/06/14:48:24.466162,2.53215622902
2019/09/06/14:48:24.470163,2.53255629539
2019/09/06/14:48:24.474143,2.53295636177
2019/09/06/14:48:24.478010,2.53335642815
2019/09/06/14:48:24.482167,2.53375649452
2019/09/06/14:48:24.486114,2.5341565609
2019/09/06/14:48:24.490239,2.53455662727
2019/09/06/14:48:24.494033,2.53495669365
2019/09/06/14:48:24.498080,2.53535676003
2019/09/06/14:48:24.502187,2.5357568264
2019/09/06/14:48:24.506247,2.53615689278
2019/09/06/14:48:24.510160,2.53655695915
2019/09/06/14:48:24.514152,2.53695702553
2019/09/06/14:48:24.518172,2.5373570919
2019/09/06/14:48:24.522101,2.53775715828
2019/09/06/14:48:24.525935,2.53815722466
2019/09/06/14:48:24.530005,2.53855729103
2019/09/06/14:48:24.533900,2.53895735741
2019/09/06/14:48:24.538470,2.53935742378
2019/09/06/14:48:24.542240,2.53975749016
2019/09/06/14:48:24.546207,2.54015755653
2019/09/06/14:48:24.550058,2.54055762291
2019/09/06/14:48:24.554147,2.54095768929
2019/09/06/14:48:24.558111,2.54135775566
2019/09/06/14:48:24.562284,2.54175782204
2019/09/06/14:48:24.566168,2.54215788841
2019/09/06/14:48:24.570244,2.54255795479
2019/09/06/14:48:24.574205,2.54295802116
2019/09/06/14:48:24.578166,2.54335808754
2019/09/06/14:48:24.582051,2.54375815392
2019/09/06/14:48:24.585979,2.54415822029
2019/09/06/14:48:24.590149,2.54455828667
2019/09/06/14:48:24.594157,2.54495835304
2019/09/06/14:48:24.598100,2.54535841942
2019/09/06/14:48:24.602158,2.54575848579
2019/09/06/14:48:24.606137,2.54615855217
2019/09/06/14:48:24.610067,2.54655861855
2019/09/06/14:48:24.614203,2.54695868492
2019/09/06/14:48:24.618119,2.5473587513
2019/09/06/14:48:24.622036,2.54775881767
2019/09/06/14:48:24.626216,2.54815888405
2019/09/06/14:48:24.629922,2.54855895042
2019/09/06/14:48:24.634263,2.5489590168
2019/09/06/14:48:24.638230,2.54935908318
2019/09/06/14:48:24.642300,2.54975914955
2019/09/06/14:48:24.646023,2.55015921593
2019/09/06/14:48:24.650111,2.5505592823
2019/09/06/14:48:24.654155,2.55095934868
2019/09/06/14:48:24.658123,2.55135941505
2019/09/06/14:48:24.662130,2.55175948143
2019/09/06/14:48:24.666273,2.55215954781
2019/09/06/14:48:24.670219,2.55255961418
2019/09/06/14:48:24.674144,2.55295968056
2019/09/06/14:48:24.678242,2.55335974693
2019/09/06/14:48:24.682129,2.55375981331
2019/09/06/14:48:24.686058,2.55415987968
2019/09/06/14:48:24.689926,2.55455994606
2019/09/06/14:48:24.694096,2.55496001244
2019/09/06/14:48:24.698088,2.55536007881
2019/09/06/14:48:24.702197,2.55576014519
2019/09/06/14:48:24.706033,2.55616021156
2019/09/06/14:48:24.710370,2.55656027794
2019/09/06/14:48:24.714431,2.55696034431
2019/09/06/14:48:24.718188,2.55736041069
2019/09/06/14:48:24.722044,2.55776047707
2019/09/06/14:48:24.726366,2.55816054344
2019/09/06/14:48:24.730168,2.55856060982
2019/09/06/14:48:24.734154,2.55896067619
2019/09/06/14:48:24.738050,2.55936074257
2019/09/06/14:48:24.742155,2.55976080894
2019/09/06/14:48:24.746193,2.56016087532
2019/09/06/14:48:24.750252,2.5605609417
2019/09/06/14:48:24.754138,2.56096100807
2019/09/06/14:48:24.758194,2.56136107445
2019/09/06/14:48:24.762177,2.56176114082
2019/09/06/14:48:24.766136,2.5621612072
2019/09/06/14:48:24.770259,2.56256127357
2019/09/06/14:48:24.774182,2.56296133995
2019/09/06/14:48:24.778049,2.56336140633
2019/09/06/14:48:24.782116,2.5637614727
2019/09/06/14:48:24.786076,2.56416153908
2019/09/06/14:48:24.790131,2.56456160545
2019/09/06/14:48:24.794118,2.56496167183
2019/09/06/14:48:24.798067,2.5653617382
2019/09/06/14:48:24.802180,2.56576180458
2019/09/06/14:48:24.806064,2.56616187096
2019/09/06/14:48:24.810221,2.56656193733
2019/09/06/14:48:24.814296,2.56696200371
2019/09/06/14:48:24.818170,2.56736207008
2019/09/06/14:48:24.822030,2.56776213646
2019/09/06/14:48:24.826061,2.56816220284
2019/09/06/14:48:24.830396,2.56856226921
2019/09/06/14:48:24.834190,2.56896233559
2019/09/06/14:48:24.838142,2.56936240196
2019/09/06/14:48:24.842255,2.56976246834
2019/09/06/14:48:24.846056,2.57016253471
2019/09/06/14:48:24.850208,2.57056260109
2019/09/06/14:48:24.854254,2.57096266747
2019/09/06/14:48:24.858305,2.57136273384
2019/09/06/14:48:24.862306,2.57176280022
2019/09/06/14:48:24.866253,2.57216286659
2019/09/06/14:48:24.870319,2.57256293297
2019/09/06/14:48:24.874066,2.57296299934
2019/09/06/14:48:24.878076,2.57336306572
2019/09/06/14:48:24.881942,2.5737631321
2019/09/06/14:48:24.886269,2.57416319847
2019/09/06/14:48:24.890081,2.57456326485
2019/09/06/14:48:24.894236,2.57496333122
2019/09/06/14:48:24.898305,2.5753633976
2019/09/06/14:48:24.902211,2.57576346397
2019/09/06/14:48:24.906194,2.57616353035
2019/09/06/14:48:24.910285,2.57656359673
2019/09/06/14:48:24.914232,2.5769636631
2019/09/06/14:48:24.918156,2.57736372948
2019/09/06/14:48:24.922282,2.57776379585
2019/09/06/14:48:24.926059,2.57816386223
2019/09/06/14:48:24.930135,2.5785639286
2019/09/06/14:48:24.934199,2.57896399498
2019/09/06/14:48:24.938156,2.57936406136
2019/09/06/14:48:24.942158,2.57976412773
2019/09/06/14:48:24.946184,2.58016419411
2019/09/06/14:48:24.950366,2.58056426048
2019/09/06/14:48:24.954279,2.58096432686
2019/09/06/14:48:24.958340,2.58136439323
2019/09/06/14:48:24.962085,2.58176445961
2019/09/06/14:48:24.966158,2.58216452599
2019/09/06/14:48:24.970371,2.58256459236
2019/09/06/14:48:24.974342,2.58296465874
2019/09/06/14:48:24.978134,2.58336472511
2019/09/06/14:48:24.982265,2.58376479149
2019/09/06/14:48:24.986393,2.58416485786
2019/09/06/14:48:24.990254,2.58456492424
2019/09/06/14:48:24.994269,2.58496499062
2019/09/06/14:48:24.998348,2.58536505699
2019/09/06/14:48:25.002144,2.58576512337
2019/09/06/14:48:25.006178,2.58616518974
2019/09/06/14:48:25.010187,2.58656525612
2019/09/06/14:48:25.014157,2.58696532249
2019/09/06/14:48:25.018308,2.58736538887
2019/09/06/14:48:25.022506,2.58776545525
2019/09/06/14:48:25.026127,2.58816552162
2019/09/06/14:48:25.030053,2.588565588
2019/09/06/14:48:25.033718,2.58896565437
2019/09/06/14:48:25.038017,2.58936572075
2019/09/06/14:48:25.041816,2.58976578712
2019/09/06/14:48:25.046231,2.5901658535
2019/09/06/14:48:25.050142,2.59056591988
2019/09/06/14:48:25.054202,2.59096598625
2019/09/06/14:48:25.058033,2.59136605263
2019/09/06/14:48:25.062150,2.591766119
2019/09/06/14:48:25.066314,2.59216618538
2019/09/06/14:48:25.070230,2.59256625175
2019/09/06/14:48:25.074353,2.59296631813
2019/09/06/14:48:25.078141,2.59336638451
2019/09/06/14:48:25.082000,2.59376645088
2019/09/06/14:48:25.086010,2.59416651726
2019/09/06/14:48:25.090023,2.59456658363
2019/09/06/14:48:25.094329,2.59496665001
2019/09/06/14:48:25.098039,2.59536671638
2019/09/06/14:48:25.102253,2.59576678276
2019/09/06/14:48:25.106216,2.59616684914
2019/09/06/14:48:25.110239,2.59656691551
2019/09/06/14:48:25.114195,2.59696698189
2019/09/06/14:48:25.118172,2.59736704826
2019/09/06/14:48:25.122145,2.59776711464
2019/09/06/14:48:25.126384,2.59816718102
2019/09/06/14:48:25.130146,2.59856724739
2019/09/06/14:48:25.134189,2.59896731377
2019/09/06/14:48:25.138216,2.59936738014
2019/09/06/14:48:25.142108,2.59976744652
2019/09/06/14:48:25.146173,2.60016751289
2019/09/06/14:48:25.150238,2.60056757927
2019/09/06/14:48:25.154379,2.60096764565
2019/09/06/14:48:25.158530,2.60136771202
2019/09/06/14:48:25.162227,2.6017677784
2019/09/06/14:48:25.166247,2.60216784477
2019/09/06/14:48:25.170213,2.60256791115
2019/09/06/14:48:25.174539,2.60296797752
2019/09/06/14:48:25.178172,2.6033680439
2019/09/06/14:48:25.181976,2.60376811028
2019/09/06/14:48:25.186169,2.60416817665
2019/09/06/14:48:25.189838,2.60456824303
2019/09/06/14:48:25.194218,2.6049683094
2019/09/06/14:48:25.198185,2.60536837578
2019/09/06/14:48:25.202169,2.60576844215
2019/09/06/14:48:25.206222,2.60616850853
2019/09/06/14:48:25.210309,2.60656857491
2019/09/06/14:48:25.214167,2.60696864128
2019/09/06/14:48:25.218040,2.60736870766
2019/09/06/14:48:25.222378,2.60776877403
2019/09/06/14:48:25.226092,2.60816884041
2019/09/06/14:48:25.230273,2.60856890678
2019/09/06/14:48:25.234013,2.60896897316
2019/09/06/14:48:25.238193,2.60936903954
2019/09/06/14:48:25.242001,2.60976910591
2019/09/06/14:48:25.246176,2.61016917229
2019/09/06/14:48:25.250123,2.61056923866
2019/09/06/14:48:25.254181,2.61096930504
2019/09/06/14:48:25.258152,2.61136937141
2019/09/06/14:48:25.262326,2.61176943779
2019/09/06/14:48:25.266356,2.61216950417
2019/09/06/14:48:25.270227,2.61256957054
2019/09/06/14:48:25.274166,2.61296963692
2019/09/06/14:48:25.278209,2.61336970329
2019/09/06/14:48:25.282288,2.61376976967
2019/09/06/14:48:25.285887,2.61416983604
2019/09/06/14:48:25.290240,2.61456990242
2019/09/06/14:48:25.293992,2.6149699688
2019/09/06/14:48:25.298040,2.61537003517
2019/09/06/14:48:25.302208,2.61577010155
2019/09/06/14:48:25.306259,2.61617016792
2019/09/06/14:48:25.310208,2.6165702343
2019/09/06/14:48:25.314195,2.61697030067
2019/09/06/14:48:25.318098,2.61737036705
2019/09/06/14:48:25.322043,2.61777043343
2019/09/06/14:48:25.326129,2.6181704998
2019/09/06/14:48:25.330182,2.61857056618
2019/09/06/14:48:25.334133,2.61897063255
2019/09/06/14:48:25.338344,2.61937069893
2019/09/06/14:48:25.342100,2.6197707653
2019/09/06/14:48:25.346071,2.62017083168
2019/09/06/14:48:25.350218,2.62057089806
2019/09/06/14:48:25.354273,2.62097096443
2019/09/06/14:48:25.358196,2.62137103081
2019/09/06/14:48:25.362300,2.62177109718
2019/09/06/14:48:25.366134,2.62217116356
2019/09/06/14:48:25.370183,2.62257122993
2019/09/06/14:48:25.374214,2.62297129631
2019/09/06/14:48:25.378270,2.62337136269
2019/09/06/14:48:25.382241,2.62377142906
2019/09/06/14:48:25.386183,2.62417149544
2019/09/06/14:48:25.390140,2.62457156181
2019/09/06/14:48:25.394252,2.62497162819
2019/09/06/14:48:25.398167,2.62537169456
2019/09/06/14:48:25.402198,2.62577176094
2019/09/06/14:48:25.406326,2.62617182732
2019/09/06/14:48:25.410252,2.62657189369
2019/09/06/14:48:25.414265,2.62697196007
2019/09/06/14:48:25.418025,2.62737202644
2019/09/06/14:48:25.422072,2.62777209282
2019/09/06/14:48:25.426248,2.62817215919
2019/09/06/14:48:25.430302,2.62857222557
2019/09/06/14:48:25.433959,2.62897229195
2019/09/06/14:48:25.438258,2.62937235832
2019/09/06/14:48:25.442253,2.6297724247
2019/09/06/14:48:25.446185,2.63017249107
2019/09/06/14:48:25.450345,2.63057255745
2019/09/06/14:48:25.454231,2.63097262383
2019/09/06/14:48:25.458531,2.6313726902
2019/09/06/14:48:25.462226,2.63177275658
2019/09/06/14:48:25.466048,2.63217282295
2019/09/06/14:48:25.470034,2.63257288933
2019/09/06/14:48:25.474224,2.6329729557
2019/09/06/14:48:25.478123,2.63337302208
2019/09/06/14:48:25.482286,2.63377308846
2019/09/06/14:48:25.486186,2.63417315483
2019/09/06/14:48:25.490363,2.63457322121
2019/09/06/14:48:25.494168,2.63497328758
2019/09/06/14:48:25.498192,2.63537335396
2019/09/06/14:48:25.502225,2.63577342033
2019/09/06/14:48:25.506018,2.63617348671
2019/09/06/14:48:25.510319,2.63657355309
2019/09/06/14:48:25.514249,2.63697361946
2019/09/06/14:48:25.518030,2.63737368584
2019/09/06/14:48:25.522378,2.63777375221
2019/09/06/14:48:25.526264,2.63817381859
2019/09/06/14:48:25.530142,2.63857388496
2019/09/06/14:48:25.534343,2.63897395134
2019/09/06/14:48:25.538027,2.63937401772
2019/09/06/14:48:25.542035,2.63977408409
2019/09/06/14:48:25.546100,2.64017415047
2019/09/06/14:48:25.550118,2.64057421684
2019/09/06/14:48:25.554096,2.64097428322
2019/09/06/14:48:25.558206,2.64137434959
2019/09/06/14:48:25.562136,2.64177441597
2019/09/06/14:48:25.566277,2.64217448235
2019/09/06/14:48:25.570158,2.64257454872
2019/09/06/14:48:25.574000,2.6429746151
2019/09/06/14:48:25.578110,2.64337468147
2019/09/06/14:48:25.581825,2.64377474785
2019/09/06/14:48:25.586116,2.64417481422
2019/09/06/14:48:25.590304,2.6445748806
2019/09/06/14:48:25.593971,2.64497494698
2019/09/06/14:48:25.598317,2.64537501335
2019/09/06/14:48:25.602233,2.64577507973
2019/09/06/14:48:25.606209,2.6461751461
2019/09/06/14:48:25.610219,2.64657521248
2019/09/06/14:48:25.614243,2.64697527885
2019/09/06/14:48:25.618180,2.64737534523
2019/09/06/14:48:25.622281,2.64777541161
2019/09/06/14:48:25.626210,2.64817547798
2019/09/06/14:48:25.630184,2.64857554436
2019/09/06/14:48:25.634066,2.64897561073
2019/09/06/14:48:25.638266,2.64937567711
2019/09/06/14:48:25.642080,2.64977574348
2019/09/06/14:48:25.646178,2.65017580986
2019/09/06/14:48:25.650218,2.65057587624
2019/09/06/14:48:25.654186,2.65097594261
2019/09/06/14:48:25.658241,2.65137600899
2019/09/06/14:48:25.662190,2.65177607536
2019/09/06/14:48:25.666332,2.65217614174
2019/09/06/14:48:25.670357,2.65257620811
2019/09/06/14:48:25.674256,2.65297627449
2019/09/06/14:48:25.678077,2.65337634087
2019/09/06/14:48:25.682466,2.65377640724
2019/09/06/14:48:25.686181,2.65417647362
2019/09/06/14:48:25.690210,2.65457653999
2019/09/06/14:48:25.694291,2.65497660637
2019/09/06/14:48:25.698349,2.65537667274
2019/09/06/14:48:25.702245,2.65577673912
2019/09/06/14:48:25.706233,2.6561768055
2019/09/06/14:48:25.710076,2.65657687187
2019/09/06/14:48:25.714345,2.65697693825
2019/09/06/14:48:25.718210,2.65737700462
2019/09/06/14:48:25.722040,2.657777071
2019/09/06/14:48:25.726153,2.65817713737
2019/09/06/14:48:25.730087,2.65857720375
2019/09/06/14:48:25.734245,2.65897727013
2019/09/06/14:48:25.738048,2.6593773365
2019/09/06/14:48:25.742076,2.65977740288
2019/09/06/14:48:25.746121,2.66017746925
2019/09/06/14:48:25.750026,2.66057753563
2019/09/06/14:48:25.754167,2.66097760201
2019/09/06/14:48:25.758118,2.66137766838
2019/09/06/14:48:25.762283,2.66177773476
2019/09/06/14:48:25.766317,2.66217780113
2019/09/06/14:48:25.770196,2.66257786751
2019/09/06/14:48:25.774166,2.66297793388
2019/09/06/14:48:25.778313,2.66337800026
2019/09/06/14:48:25.782241,2.66377806664
2019/09/06/14:48:25.786283,2.66417813301
2019/09/06/14:48:25.790064,2.66457819939
2019/09/06/14:48:25.794147,2.66497826576
2019/09/06/14:48:25.798148,2.66537833214
2019/09/06/14:48:25.802133,2.66577839851
2019/09/06/14:48:25.806115,2.66617846489
2019/09/06/14:48:25.810167,2.66657853127
2019/09/06/14:48:25.814106,2.66697859764
2019/09/06/14:48:25.818155,2.66737866402
2019/09/06/14:48:25.822163,2.66777873039
2019/09/06/14:48:25.826056,2.66817879677
2019/09/06/14:48:25.830259,2.66857886314
2019/09/06/14:48:25.834162,2.66897892952
2019/09/06/14:48:25.838206,2.6693789959
2019/09/06/14:48:25.842332,2.66977906227
2019/09/06/14:48:25.845905,2.67017912865
2019/09/06/14:48:25.850041,2.67057919502
2019/09/06/14:48:25.854031,2.6709792614
2019/09/06/14:48:25.858119,2.67137932777
2019/09/06/14:48:25.862228,2.67177939415
2019/09/06/14:48:25.866155,2.67217946053
2019/09/06/14:48:25.870157,2.6725795269
2019/09/06/14:48:25.874092,2.67297959328
2019/09/06/14:48:25.878125,2.67337965965
2019/09/06/14:48:25.882075,2.67377972603
2019/09/06/14:48:25.886149,2.6741797924
2019/09/06/14:48:25.890076,2.67457985878
2019/09/06/14:48:25.894096,2.67497992516
2019/09/06/14:48:25.897840,2.67537999153
2019/09/06/14:48:25.902196,2.67578005791
2019/09/06/14:48:25.906211,2.67618012428
2019/09/06/14:48:25.910085,2.67658019066
2019/09/06/14:48:25.914303,2.67698025703
2019/09/06/14:48:25.918250,2.67738032341
2019/09/06/14:48:25.922141,2.67778038979
2019/09/06/14:48:25.926080,2.67818045616
2019/09/06/14:48:25.930032,2.67858052254
2019/09/06/14:48:25.934222,2.67898058891
2019/09/06/14:48:25.938342,2.67938065529
2019/09/06/14:48:25.942110,2.67978072166
2019/09/06/14:48:25.946179,2.68018078804
2019/09/06/14:48:25.950185,2.68058085442
2019/09/06/14:48:25.954226,2.68098092079
2019/09/06/14:48:25.958184,2.68138098717
2019/09/06/14:48:25.962200,2.68178105354
2019/09/06/14:48:25.966210,2.68218111992
2019/09/06/14:48:25.970238,2.68258118629
2019/09/06/14:48:25.974201,2.68298125267
2019/09/06/14:48:25.978223,2.68338131905
2019/09/06/14:48:25.982124,2.68378138542
2019/09/06/14:48:25.986054,2.6841814518
2019/09/06/14:48:25.989977,2.68458151817
2019/09/06/14:48:25.994108,2.68498158455
2019/09/06/14:48:25.998154,2.68538165092
2019/09/06/14:48:26.002093,2.6857817173
2019/09/06/14:48:26.006183,2.68618178368
2019/09/06/14:48:26.010178,2.68658185005
2019/09/06/14:48:26.014158,2.68698191643
2019/09/06/14:48:26.017993,2.6873819828
2019/09/06/14:48:26.022133,2.68778204918
2019/09/06/14:48:26.026227,2.68818211555
2019/09/06/14:48:26.030051,2.68858218193
2019/09/06/14:48:26.033813,2.68898224831
2019/09/06/14:48:26.038157,2.68938231468
2019/09/06/14:48:26.042020,2.68978238106
2019/09/06/14:48:26.046347,2.69018244743
2019/09/06/14:48:26.049998,2.69058251381
2019/09/06/14:48:26.054092,2.69098258018
2019/09/06/14:48:26.058239,2.69138264656
2019/09/06/14:48:26.062135,2.69178271294
2019/09/06/14:48:26.066023,2.69218277931
2019/09/06/14:48:26.070028,2.69258284569
2019/09/06/14:48:26.074136,2.69298291206
2019/09/06/14:48:26.078187,2.69338297844
2019/09/06/14:48:26.082054,2.69378304482
2019/09/06/14:48:26.086487,2.69418311119
2019/09/06/14:48:26.090082,2.69458317757
2019/09/06/14:48:26.094167,2.69498324394
2019/09/06/14:48:26.098113,2.69538331032
2019/09/06/14:48:26.102032,2.69578337669
2019/09/06/14:48:26.106028,2.69618344307
2019/09/06/14:48:26.110234,2.69658350945
2019/09/06/14:48:26.114123,2.69698357582
2019/09/06/14:48:26.118202,2.6973836422
2019/09/06/14:48:26.122299,2.69778370857
2019/09/06/14:48:26.126258,2.69818377495
2019/09/06/14:48:26.130234,2.69858384132
2019/09/06/14:48:26.134044,2.6989839077
2019/09/06/14:48:26.138188,2.69938397408
2019/09/06/14:48:26.141976,2.69978404045
2019/09/06/14:48:26.146175,2.70018410683
2019/09/06/14:48:26.150274,2.7005841732
2019/09/06/14:48:26.154204,2.70098423958
2019/09/06/14:48:26.158057,2.70138430595
2019/09/06/14:48:26.162153,2.70178437233
2019/09/06/14:48:26.166210,2.70218443871
2019/09/06/14:48:26.170135,2.70258450508
2019/09/06/14:48:26.174373,2.70298457146
2019/09/06/14:48:26.178128,2.70338463783
2019/09/06/14:48:26.182008,2.70378470421
2019/09/06/14:48:26.186098,2.70418477058
2019/09/06/14:48:26.190151,2.70458483696
2019/09/06/14:48:26.194114,2.70498490334
2019/09/06/14:48:26.198256,2.70538496971
2019/09/06/14:48:26.202217,2.70578503609
2019/09/06/14:48:26.206164,2.70618510246
2019/09/06/14:48:26.210202,2.70658516884
2019/09/06/14:48:26.214089,2.70698523521
2019/09/06/14:48:26.218162,2.70738530159
2019/09/06/14:48:26.222181,2.70778536797
2019/09/06/14:48:26.226295,2.70818543434
2019/09/06/14:48:26.230188,2.70858550072
2019/09/06/14:48:26.234203,2.70898556709
2019/09/06/14:48:26.238163,2.70938563347
2019/09/06/14:48:26.242137,2.70938563347
2019/09/06/14:48:26.246217,2.70898556709
2019/09/06/14:48:26.250282,2.70858550072
2019/09/06/14:48:26.254246,2.70818543434
2019/09/06/14:48:26.258219,2.70778536797
2019/09/06/14:48:26.262221,2.70738530159
2019/09/06/14:48:26.266217,2.70698523521
2019/09/06/14:48:26.270236,2.70658516884
2019/09/06/14:48:26.274092,2.70618510246
2019/09/06/14:48:26.278215,2.70578503609
2019/09/06/14:48:26.281966,2.70538496971
2019/09/06/14:48:26.286205,2.70498490334
2019/09/06/14:48:26.290147,2.70458483696
2019/09/06/14:48:26.294145,2.70418477058
2019/09/06/14:48:26.298179,2.70378470421
2019/09/06/14:48:26.302107,2.70338463783
2019/09/06/14:48:26.306169,2.70298457146
2019/09/06/14:48:26.310511,2.70258450508
2019/09/06/14:48:26.314284,2.70218443871
2019/09/06/14:48:26.318116,2.70178437233
2019/09/06/14:48:26.322146,2.70138430595
2019/09/06/14:48:26.326193,2.70098423958
2019/09/06/14:48:26.330272,2.7005841732
2019/09/06/14:48:26.334068,2.70018410683
2019/09/06/14:48:26.338189,2.69978404045
2019/09/06/14:48:26.342409,2.69978404045
2019/09/06/14:48:26.346189,2.70018410683
2019/09/06/14:48:26.350040,2.7005841732
2019/09/06/14:48:26.354030,2.70098423958
2019/09/06/14:48:26.358175,2.70138430595
2019/09/06/14:48:26.362209,2.70178437233
2019/09/06/14:48:26.366302,2.70218443871
2019/09/06/14:48:26.370117,2.70258450508
2019/09/06/14:48:26.374221,2.70298457146
2019/09/06/14:48:26.378255,2.70338463783
2019/09/06/14:48:26.382118,2.70378470421
2019/09/06/14:48:26.386246,2.70418477058
2019/09/06/14:48:26.390153,2.70458483696
2019/09/06/14:48:26.394159,2.70498490334
2019/09/06/14:48:26.398156,2.70538496971
2019/09/06/14:48:26.402542,2.70578503609
2019/09/06/14:48:26.406341,2.70618510246
2019/09/06/14:48:26.410260,2.70658516884
2019/09/06/14:48:26.414113,2.70698523521
2019/09/06/14:48:26.418280,2.70738530159
2019/09/06/14:48:26.422249,2.70778536797
2019/09/06/14:48:26.426409,2.70818543434
2019/09/06/14:48:26.430307,2.70858550072
2019/09/06/14:48:26.434192,2.70898556709
2019/09/06/14:48:26.438180,2.70938563347
2019/09/06/14:48:26.442101,2.70978569984
2019/09/06/14:48:26.446344,2.71018576622
2019/09/06/14:48:26.450197,2.7105858326
2019/09/06/14:48:26.454301,2.71098589897
2019/09/06/14:48:26.458252,2.71138596535
2019/09/06/14:48:26.462193,2.71178603172
2019/09/06/14:48:26.466254,2.7121860981
2019/09/06/14:48:26.470323,2.71258616447
2019/09/06/14:48:26.474207,2.71298623085
2019/09/06/14:48:26.478226,2.71338629723
2019/09/06/14:48:26.482143,2.7137863636
2019/09/06/14:48:26.486160,2.71418642998
2019/09/06/14:48:26.490194,2.71458649635
2019/09/06/14:48:26.494193,2.71498656273
2019/09/06/14:48:26.498203,2.7153866291
2019/09/06/14:48:26.502535,2.71578669548
2019/09/06/14:48:26.506279,2.71618676186
2019/09/06/14:48:26.510327,2.71658682823
2019/09/06/14:48:26.514173,2.71698689461
2019/09/06/14:48:26.518200,2.71738696098
2019/09/06/14:48:26.522244,2.71778702736
2019/09/06/14:48:26.526312,2.71818709373
2019/09/06/14:48:26.530251,2.71858716011
2019/09/06/14:48:26.534162,2.71898722649
2019/09/06/14:48:26.537873,2.71938729286
2019/09/06/14:48:26.542057,2.71978735924
2019/09/06/14:48:26.546125,2.72018742561
2019/09/06/14:48:26.550116,2.72058749199
2019/09/06/14:48:26.554100,2.72098755836
2019/09/06/14:48:26.558212,2.72138762474
2019/09/06/14:48:26.562229,2.72178769112
2019/09/06/14:48:26.566172,2.72218775749
2019/09/06/14:48:26.570222,2.72258782387
2019/09/06/14:48:26.574150,2.72298789024
2019/09/06/14:48:26.578053,2.72338795662
2019/09/06/14:48:26.582101,2.72378802299
2019/09/06/14:48:26.586133,2.72418808937
2019/09/06/14:48:26.590333,2.72458815575
2019/09/06/14:48:26.594379,2.72498822212
2019/09/06/14:48:26.598243,2.7253882885
2019/09/06/14:48:26.602094,2.72578835487
2019/09/06/14:48:26.606001,2.72618842125
2019/09/06/14:48:26.610172,2.72658848763
2019/09/06/14:48:26.614243,2.726988554
2019/09/06/14:48:26.617991,2.72738862038
2019/09/06/14:48:26.621954,2.72778868675
2019/09/06/14:48:26.625849,2.72818875313
2019/09/06/14:48:26.630000,2.7285888195
2019/09/06/14:48:26.634213,2.72898888588
2019/09/06/14:48:26.638351,2.72938895226
2019/09/06/14:48:26.642160,2.72978901863
2019/09/06/14:48:26.646232,2.73018908501
2019/09/06/14:48:26.650270,2.73058915138
2019/09/06/14:48:26.654426,2.73098921776
2019/09/06/14:48:26.658311,2.73138928413
2019/09/06/14:48:26.662376,2.73178935051
2019/09/06/14:48:26.666212,2.73218941689
2019/09/06/14:48:26.670380,2.73258948326
2019/09/06/14:48:26.674144,2.73298954964
2019/09/06/14:48:26.678313,2.73338961601
2019/09/06/14:48:26.681953,2.73378968239
2019/09/06/14:48:26.686217,2.73418974876
2019/09/06/14:48:26.690154,2.73458981514
2019/09/06/14:48:26.694157,2.73498988152
2019/09/06/14:48:26.698198,2.73538994789
2019/09/06/14:48:26.702196,2.73579001427
2019/09/06/14:48:26.706296,2.73619008064
2019/09/06/14:48:26.710234,2.73659014702
2019/09/06/14:48:26.714065,2.73699021339
2019/09/06/14:48:26.718407,2.73739027977
2019/09/06/14:48:26.722163,2.73779034615
2019/09/06/14:48:26.726153,2.73819041252
2019/09/06/14:48:26.730142,2.7385904789
2019/09/06/14:48:26.734246,2.73899054527
2019/09/06/14:48:26.738063,2.73939061165
2019/09/06/14:48:26.742075,2.73979067802
2019/09/06/14:48:26.746397,2.7401907444
2019/09/06/14:48:26.750175,2.74059081078
2019/09/06/14:48:26.754139,2.74099087715
2019/09/06/14:48:26.758213,2.74139094353
2019/09/06/14:48:26.762224,2.7417910099
2019/09/06/14:48:26.766186,2.74219107628
2019/09/06/14:48:26.770315,2.74259114265
2019/09/06/14:48:26.774188,2.74299120903
2019/09/06/14:48:26.778249,2.74339127541
2019/09/06/14:48:26.782034,2.74379134178
2019/09/06/14:48:26.786219,2.74419140816
2019/09/06/14:48:26.790172,2.74459147453
2019/09/06/14:48:26.794256,2.74499154091
2019/09/06/14:48:26.798190,2.74539160728
2019/09/06/14:48:26.802130,2.74579167366
2019/09/06/14:48:26.806318,2.74619174004
2019/09/06/14:48:26.810167,2.74659180641
2019/09/06/14:48:26.814513,2.74699187279
2019/09/06/14:48:26.818247,2.74739193916
2019/09/06/14:48:26.822052,2.74779200554
2019/09/06/14:48:26.826226,2.74819207191
2019/09/06/14:48:26.830209,2.74859213829
2019/09/06/14:48:26.834206,2.74899220467
2019/09/06/14:48:26.838134,2.74939227104
2019/09/06/14:48:26.842105,2.74979233742
2019/09/06/14:48:26.845873,2.75019240379
2019/09/06/14:48:26.849897,2.75059247017
2019/09/06/14:48:26.853921,2.75099253654
2019/09/06/14:48:26.857801,2.75139260292
2019/09/06/14:48:26.862050,2.7517926693
2019/09/06/14:48:26.866205,2.75219273567
2019/09/06/14:48:26.870100,2.75259280205
2019/09/06/14:48:26.874327,2.75299286842
2019/09/06/14:48:26.878167,2.7533929348
2019/09/06/14:48:26.881900,2.75379300117
2019/09/06/14:48:26.886334,2.75419306755
2019/09/06/14:48:26.890223,2.75459313393
2019/09/06/14:48:26.894072,2.7549932003
2019/09/06/14:48:26.898206,2.75539326668
2019/09/06/14:48:26.902223,2.75579333305
2019/09/06/14:48:26.906263,2.75619339943
2019/09/06/14:48:26.909884,2.75659346581
2019/09/06/14:48:26.914268,2.75699353218
2019/09/06/14:48:26.918130,2.75739359856
2019/09/06/14:48:26.922237,2.75779366493
2019/09/06/14:48:26.925883,2.75819373131
2019/09/06/14:48:26.929908,2.75859379768
2019/09/06/14:48:26.934030,2.75899386406
2019/09/06/14:48:26.938048,2.75939393044
2019/09/06/14:48:26.942187,2.75979399681
2019/09/06/14:48:26.946044,2.76019406319
2019/09/06/14:48:26.950185,2.76059412956
2019/09/06/14:48:26.954226,2.76099419594
2019/09/06/14:48:26.958109,2.76139426231
2019/09/06/14:48:26.962345,2.76179432869
2019/09/06/14:48:26.966458,2.76219439507
2019/09/06/14:48:26.970052,2.76259446144
2019/09/06/14:48:26.974067,2.76299452782
2019/09/06/14:48:26.978187,2.76339459419
2019/09/06/14:48:26.982301,2.76379466057
2019/09/06/14:48:26.986349,2.76419472694
2019/09/06/14:48:26.990120,2.76459479332
2019/09/06/14:48:26.994010,2.7649948597
2019/09/06/14:48:26.998304,2.76539492607
2019/09/06/14:48:27.002330,2.76579499245
2019/09/06/14:48:27.006256,2.76619505882
2019/09/06/14:48:27.010214,2.7665951252
2019/09/06/14:48:27.014260,2.76699519157
2019/09/06/14:48:27.018254,2.76739525795
2019/09/06/14:48:27.022037,2.76779532433
2019/09/06/14:48:27.026272,2.7681953907
2019/09/06/14:48:27.030264,2.76859545708
2019/09/06/14:48:27.034095,2.76899552345
2019/09/06/14:48:27.037904,2.76939558983
2019/09/06/14:48:27.042086,2.7697956562
2019/09/06/14:48:27.046136,2.77019572258
2019/09/06/14:48:27.050117,2.77059578896
2019/09/06/14:48:27.054343,2.77099585533
2019/09/06/14:48:27.058222,2.77139592171
2019/09/06/14:48:27.062224,2.77179598808
2019/09/06/14:48:27.066297,2.77219605446
2019/09/06/14:48:27.070251,2.77259612083
2019/09/06/14:48:27.074106,2.77299618721
2019/09/06/14:48:27.078128,2.77339625359
2019/09/06/14:48:27.082304,2.77379631996
2019/09/06/14:48:27.086233,2.77419638634
2019/09/06/14:48:27.090107,2.77459645271
2019/09/06/14:48:27.094188,2.77499651909
2019/09/06/14:48:27.098265,2.77539658546
2019/09/06/14:48:27.102265,2.77579665184
2019/09/06/14:48:27.106180,2.77619671822
2019/09/06/14:48:27.110096,2.77659678459
2019/09/06/14:48:27.114039,2.77699685097
2019/09/06/14:48:27.118347,2.77739691734
2019/09/06/14:48:27.121995,2.77779698372
2019/09/06/14:48:27.126411,2.77819705009
2019/09/06/14:48:27.130156,2.77859711647
2019/09/06/14:48:27.133841,2.77899718285
2019/09/06/14:48:27.138179,2.77939724922
2019/09/06/14:48:27.142031,2.7797973156
2019/09/06/14:48:27.146141,2.78019738197
2019/09/06/14:48:27.150118,2.78059744835
2019/09/06/14:48:27.154272,2.78099751472
2019/09/06/14:48:27.158317,2.7813975811
2019/09/06/14:48:27.162079,2.78179764748
2019/09/06/14:48:27.166187,2.78219771385
2019/09/06/14:48:27.170128,2.78259778023
2019/09/06/14:48:27.174165,2.7829978466
2019/09/06/14:48:27.178458,2.78339791298
2019/09/06/14:48:27.182243,2.78379797935
2019/09/06/14:48:27.186196,2.78419804573
2019/09/06/14:48:27.190434,2.78459811211
2019/09/06/14:48:27.194301,2.78499817848
2019/09/06/14:48:27.198218,2.78539824486
2019/09/06/14:48:27.202400,2.78579831123
2019/09/06/14:48:27.206003,2.78619837761
2019/09/06/14:48:27.210197,2.78659844398
2019/09/06/14:48:27.214102,2.78699851036
2019/09/06/14:48:27.218059,2.78739857674
2019/09/06/14:48:27.222056,2.78779864311
2019/09/06/14:48:27.226114,2.78819870949
2019/09/06/14:48:27.230108,2.78859877586
2019/09/06/14:48:27.233832,2.78899884224
2019/09/06/14:48:27.238242,2.78939890862
2019/09/06/14:48:27.241954,2.78979897499
2019/09/06/14:48:27.245858,2.79019904137
2019/09/06/14:48:27.249857,2.79059910774
2019/09/06/14:48:27.254270,2.79099917412
2019/09/06/14:48:27.258179,2.79139924049
2019/09/06/14:48:27.262207,2.79179930687
2019/09/06/14:48:27.266485,2.79219937325
2019/09/06/14:48:27.270357,2.79259943962
2019/09/06/14:48:27.274190,2.792999506
2019/09/06/14:48:27.278179,2.79339957237
2019/09/06/14:48:27.282109,2.79379963875
2019/09/06/14:48:27.286178,2.79419970512
2019/09/06/14:48:27.290156,2.7945997715
2019/09/06/14:48:27.294192,2.79499983788
2019/09/06/14:48:27.298332,2.79539990425
2019/09/06/14:48:27.302209,2.79579997063
2019/09/06/14:48:27.306216,2.796200037
2019/09/06/14:48:27.310384,2.79660010338
2019/09/06/14:48:27.314016,2.79700016975
2019/09/06/14:48:27.318107,2.79740023613
2019/09/06/14:48:27.322051,2.79780030251
2019/09/06/14:48:27.326108,2.79820036888
2019/09/06/14:48:27.330243,2.79860043526
2019/09/06/14:48:27.333962,2.79900050163
2019/09/06/14:48:27.338159,2.79940056801
2019/09/06/14:48:27.342055,2.79980063438
2019/09/06/14:48:27.346225,2.80020070076
2019/09/06/14:48:27.350233,2.80060076714
2019/09/06/14:48:27.354253,2.80100083351
2019/09/06/14:48:27.358184,2.80140089989
2019/09/06/14:48:27.362175,2.80180096626
2019/09/06/14:48:27.366203,2.80220103264
2019/09/06/14:48:27.370054,2.80260109901
2019/09/06/14:48:27.374213,2.80300116539
2019/09/06/14:48:27.378201,2.80340123177
2019/09/06/14:48:27.382386,2.80380129814
2019/09/06/14:48:27.386231,2.80420136452
2019/09/06/14:48:27.390244,2.80460143089
2019/09/06/14:48:27.394067,2.80500149727
2019/09/06/14:48:27.398358,2.80540156364
2019/09/06/14:48:27.402325,2.80580163002
2019/09/06/14:48:27.406146,2.8062016964
2019/09/06/14:48:27.410363,2.80660176277
2019/09/06/14:48:27.414089,2.80700182915
2019/09/06/14:48:27.418090,2.80740189552
2019/09/06/14:48:27.422268,2.8078019619
2019/09/06/14:48:27.426216,2.80820202827
2019/09/06/14:48:27.430219,2.80860209465
2019/09/06/14:48:27.434199,2.80900216103
2019/09/06/14:48:27.438219,2.8094022274
2019/09/06/14:48:27.442175,2.80980229378
2019/09/06/14:48:27.446054,2.81020236015
2019/09/06/14:48:27.450226,2.81060242653
2019/09/06/14:48:27.454303,2.8110024929
2019/09/06/14:48:27.458432,2.81140255928
2019/09/06/14:48:27.462456,2.81180262566
2019/09/06/14:48:27.466151,2.81220269203
2019/09/06/14:48:27.470161,2.81260275841
2019/09/06/14:48:27.474131,2.81300282478
2019/09/06/14:48:27.478132,2.81340289116
2019/09/06/14:48:27.482210,2.81380295753
2019/09/06/14:48:27.486197,2.81420302391
2019/09/06/14:48:27.490293,2.81460309029
2019/09/06/14:48:27.494278,2.81500315666
2019/09/06/14:48:27.497974,2.81540322304
2019/09/06/14:48:27.502384,2.81580328941
2019/09/06/14:48:27.506278,2.81620335579
2019/09/06/14:48:27.510191,2.81660342216
2019/09/06/14:48:27.514268,2.81700348854
2019/09/06/14:48:27.518095,2.81740355492
2019/09/06/14:48:27.522308,2.81780362129
2019/09/06/14:48:27.525996,2.81820368767
2019/09/06/14:48:27.530066,2.81860375404
2019/09/06/14:48:27.534065,2.81900382042
2019/09/06/14:48:27.538380,2.8194038868
2019/09/06/14:48:27.542086,2.81980395317
2019/09/06/14:48:27.546140,2.82020401955
2019/09/06/14:48:27.550246,2.82060408592
2019/09/06/14:48:27.554156,2.8210041523
2019/09/06/14:48:27.558107,2.82140421867
2019/09/06/14:48:27.562296,2.82180428505
2019/09/06/14:48:27.566340,2.82220435143
2019/09/06/14:48:27.570283,2.8226044178
2019/09/06/14:48:27.574330,2.82300448418
2019/09/06/14:48:27.578294,2.82340455055
2019/09/06/14:48:27.582084,2.82380461693
2019/09/06/14:48:27.586128,2.8242046833
2019/09/06/14:48:27.590197,2.82460474968
2019/09/06/14:48:27.594381,2.82500481606
2019/09/06/14:48:27.598119,2.82540488243
2019/09/06/14:48:27.602095,2.82580494881
2019/09/06/14:48:27.606079,2.82620501518
2019/09/06/14:48:27.610119,2.82660508156
2019/09/06/14:48:27.614072,2.82700514793
2019/09/06/14:48:27.618139,2.82740521431
2019/09/06/14:48:27.622082,2.82780528069
2019/09/06/14:48:27.626120,2.82820534706
2019/09/06/14:48:27.630192,2.82860541344
2019/09/06/14:48:27.634060,2.82900547981
2019/09/06/14:48:27.637808,2.82940554619
2019/09/06/14:48:27.642182,2.82980561256
2019/09/06/14:48:27.646281,2.83020567894
2019/09/06/14:48:27.650187,2.83060574532
2019/09/06/14:48:27.654392,2.83100581169
2019/09/06/14:48:27.658047,2.83140587807
2019/09/06/14:48:27.662025,2.83180594444
2019/09/06/14:48:27.666000,2.83220601082
2019/09/06/14:48:27.670199,2.83260607719
2019/09/06/14:48:27.674107,2.83300614357
2019/09/06/14:48:27.678170,2.83340620995
2019/09/06/14:48:27.682057,2.83380627632
2019/09/06/14:48:27.686143,2.8342063427
2019/09/06/14:48:27.690054,2.83460640907
2019/09/06/14:48:27.693933,2.83500647545
2019/09/06/14:48:27.698002,2.83540654182
2019/09/06/14:48:27.702163,2.8358066082
2019/09/06/14:48:27.706388,2.83620667458
2019/09/06/14:48:27.710261,2.83660674095
2019/09/06/14:48:27.714081,2.83700680733
2019/09/06/14:48:27.718347,2.8374068737
2019/09/06/14:48:27.722296,2.83780694008
2019/09/06/14:48:27.726236,2.83820700645
2019/09/06/14:48:27.730065,2.83860707283
2019/09/06/14:48:27.734121,2.83900713921
2019/09/06/14:48:27.738093,2.83940720558
2019/09/06/14:48:27.742367,2.83980727196
2019/09/06/14:48:27.746070,2.84020733833
2019/09/06/14:48:27.750134,2.84060740471
2019/09/06/14:48:27.754240,2.84100747108
2019/09/06/14:48:27.758219,2.84140753746
2019/09/06/14:48:27.762308,2.84180760384
2019/09/06/14:48:27.766085,2.84220767021
2019/09/06/14:48:27.770067,2.84260773659
2019/09/06/14:48:27.774111,2.84300780296
2019/09/06/14:48:27.778101,2.84340786934
2019/09/06/14:48:27.782038,2.84380793571
2019/09/06/14:48:27.786012,2.84420800209
2019/09/06/14:48:27.790241,2.84460806847
2019/09/06/14:48:27.794176,2.84500813484
2019/09/06/14:48:27.797992,2.84540820122
2019/09/06/14:48:27.802259,2.84580826759
2019/09/06/14:48:27.806157,2.84620833397
2019/09/06/14:48:27.810070,2.84660840034
2019/09/06/14:48:27.814226,2.84700846672
2019/09/06/14:48:27.818017,2.8474085331
2019/09/06/14:48:27.822492,2.84780859947
2019/09/06/14:48:27.826278,2.84820866585
2019/09/06/14:48:27.830028,2.84860873222
2019/09/06/14:48:27.833956,2.8490087986
2019/09/06/14:48:27.838234,2.84940886497
2019/09/06/14:48:27.842017,2.84980893135
2019/09/06/14:48:27.845994,2.85020899773
2019/09/06/14:48:27.850113,2.8506090641
2019/09/06/14:48:27.854439,2.85100913048
2019/09/06/14:48:27.858222,2.85140919685
2019/09/06/14:48:27.862261,2.85180926323
2019/09/06/14:48:27.866078,2.85220932961
2019/09/06/14:48:27.870169,2.85260939598
2019/09/06/14:48:27.874221,2.85300946236
2019/09/06/14:48:27.878292,2.85340952873
2019/09/06/14:48:27.882127,2.85380959511
2019/09/06/14:48:27.886228,2.85420966148
2019/09/06/14:48:27.890179,2.85460972786
2019/09/06/14:48:27.894066,2.85500979424
2019/09/06/14:48:27.898105,2.85540986061
2019/09/06/14:48:27.902301,2.85580992699
2019/09/06/14:48:27.906216,2.85620999336
2019/09/06/14:48:27.910066,2.85661005974
2019/09/06/14:48:27.914432,2.85701012611
2019/09/06/14:48:27.918185,2.85741019249
2019/09/06/14:48:27.921894,2.85781025887
2019/09/06/14:48:27.926072,2.85821032524
2019/09/06/14:48:27.930019,2.85861039162
2019/09/06/14:48:27.934304,2.85901045799
2019/09/06/14:48:27.938126,2.85941052437
2019/09/06/14:48:27.942068,2.85981059074
2019/09/06/14:48:27.946028,2.86021065712
2019/09/06/14:48:27.950035,2.8606107235
2019/09/06/14:48:27.954011,2.86101078987
2019/09/06/14:48:27.958085,2.86141085625
2019/09/06/14:48:27.962282,2.86181092262
2019/09/06/14:48:27.966145,2.862210989
2019/09/06/14:48:27.970146,2.86261105537
2019/09/06/14:48:27.974194,2.86301112175
2019/09/06/14:48:27.978089,2.86341118813
2019/09/06/14:48:27.982044,2.8638112545
2019/09/06/14:48:27.986031,2.86421132088
2019/09/06/14:48:27.990233,2.86461138725
2019/09/06/14:48:27.994276,2.86501145363
2019/09/06/14:48:27.998238,2.86541152
2019/09/06/14:48:28.002138,2.86581158638
2019/09/06/14:48:28.006317,2.86621165276
2019/09/06/14:48:28.010107,2.86661171913
2019/09/06/14:48:28.014143,2.86701178551
2019/09/06/14:48:28.018093,2.86741185188
2019/09/06/14:48:28.022110,2.86781191826
2019/09/06/14:48:28.026130,2.86821198463
2019/09/06/14:48:28.030062,2.86861205101
2019/09/06/14:48:28.034355,2.86901211739
2019/09/06/14:48:28.038089,2.86941218376
2019/09/06/14:48:28.042088,2.86981225014
2019/09/06/14:48:28.045947,2.87021231651
2019/09/06/14:48:28.050108,2.87061238289
2019/09/06/14:48:28.053991,2.87101244926
2019/09/06/14:48:28.057944,2.87141251564
2019/09/06/14:48:28.062136,2.87181258202
2019/09/06/14:48:28.065917,2.87221264839
2019/09/06/14:48:28.070009,2.87261271477
2019/09/06/14:48:28.074165,2.87301278114
2019/09/06/14:48:28.078158,2.87341284752
2019/09/06/14:48:28.082392,2.87381291389
2019/09/06/14:48:28.086134,2.87421298027
2019/09/06/14:48:28.090347,2.87461304665
2019/09/06/14:48:28.094141,2.87501311302
2019/09/06/14:48:28.098270,2.8754131794
2019/09/06/14:48:28.102370,2.87581324577
2019/09/06/14:48:28.106108,2.87621331215
2019/09/06/14:48:28.110229,2.87661337852
2019/09/06/14:48:28.114526,2.8770134449
2019/09/06/14:48:28.118266,2.87741351128
2019/09/06/14:48:28.122370,2.87781357765
2019/09/06/14:48:28.126153,2.87821364403
2019/09/06/14:48:28.130268,2.8786137104
2019/09/06/14:48:28.134175,2.87901377678
2019/09/06/14:48:28.138072,2.87941384315
2019/09/06/14:48:28.142177,2.87981390953
2019/09/06/14:48:28.146309,2.88021397591
2019/09/06/14:48:28.150317,2.88061404228
2019/09/06/14:48:28.154415,2.88101410866
2019/09/06/14:48:28.158075,2.88141417503
2019/09/06/14:48:28.162166,2.88181424141
2019/09/06/14:48:28.165978,2.88221430779
2019/09/06/14:48:28.170147,2.88261437416
2019/09/06/14:48:28.174127,2.88301444054
2019/09/06/14:48:28.178029,2.88341450691
2019/09/06/14:48:28.182318,2.88381457329
2019/09/06/14:48:28.186006,2.88421463966
2019/09/06/14:48:28.190363,2.88461470604
2019/09/06/14:48:28.194069,2.88501477242
2019/09/06/14:48:28.198114,2.88541483879
2019/09/06/14:48:28.202208,2.88581490517
2019/09/06/14:48:28.206030,2.88621497154
2019/09/06/14:48:28.210165,2.88661503792
2019/09/06/14:48:28.214134,2.88701510429
2019/09/06/14:48:28.218177,2.88741517067
2019/09/06/14:48:28.222417,2.88781523705
2019/09/06/14:48:28.226151,2.88821530342
2019/09/06/14:48:28.230193,2.8886153698
2019/09/06/14:48:28.234167,2.88901543617
2019/09/06/14:48:28.237793,2.88941550255
2019/09/06/14:48:28.242139,2.88981556892
2019/09/06/14:48:28.246159,2.8902156353
2019/09/06/14:48:28.250098,2.89061570168
2019/09/06/14:48:28.254106,2.89101576805
2019/09/06/14:48:28.258111,2.89141583443
2019/09/06/14:48:28.262165,2.8918159008
2019/09/06/14:48:28.266092,2.89221596718
2019/09/06/14:48:28.270123,2.89261603355
2019/09/06/14:48:28.274209,2.89301609993
2019/09/06/14:48:28.278095,2.89341616631
2019/09/06/14:48:28.282015,2.89381623268
2019/09/06/14:48:28.285955,2.89421629906
2019/09/06/14:48:28.290342,2.89461636543
2019/09/06/14:48:28.294105,2.89501643181
2019/09/06/14:48:28.298010,2.89541649818
2019/09/06/14:48:28.302122,2.89581656456
2019/09/06/14:48:28.306101,2.89621663094
2019/09/06/14:48:28.310103,2.89661669731
2019/09/06/14:48:28.314133,2.89701676369
2019/09/06/14:48:28.318370,2.89741683006
2019/09/06/14:48:28.322181,2.89781689644
2019/09/06/14:48:28.325978,2.89821696281
2019/09/06/14:48:28.330157,2.89861702919
2019/09/06/14:48:28.333960,2.89901709557
2019/09/06/14:48:28.338397,2.89941716194
2019/09/06/14:48:28.342178,2.89981722832
2019/09/06/14:48:28.346215,2.90021729469
2019/09/06/14:48:28.350231,2.90061736107
2019/09/06/14:48:28.354216,2.90101742744
2019/09/06/14:48:28.358272,2.90141749382
2019/09/06/14:48:28.362159,2.9018175602
2019/09/06/14:48:28.366007,2.90221762657
2019/09/06/14:48:28.370082,2.90261769295
2019/09/06/14:48:28.374120,2.90301775932
2019/09/06/14:48:28.378123,2.9034178257
2019/09/06/14:48:28.382420,2.90381789207
2019/09/06/14:48:28.386509,2.90421795845
2019/09/06/14:48:28.390477,2.90461802483
2019/09/06/14:48:28.394195,2.9050180912
2019/09/06/14:48:28.398239,2.90541815758
2019/09/06/14:48:28.402080,2.90581822395
2019/09/06/14:48:28.405986,2.90621829033
2019/09/06/14:48:28.410267,2.9066183567
2019/09/06/14:48:28.414107,2.90701842308
2019/09/06/14:48:28.418066,2.90741848946
2019/09/06/14:48:28.422113,2.90781855583
2019/09/06/14:48:28.426222,2.90821862221
2019/09/06/14:48:28.430206,2.90861868858
2019/09/06/14:48:28.434334,2.90901875496
2019/09/06/14:48:28.438183,2.90941882133
2019/09/06/14:48:28.442203,2.90981888771
2019/09/06/14:48:28.446050,2.91021895409
2019/09/06/14:48:28.449979,2.91061902046
2019/09/06/14:48:28.454040,2.91101908684
2019/09/06/14:48:28.458230,2.91141915321
2019/09/06/14:48:28.462337,2.91181921959
2019/09/06/14:48:28.466424,2.91221928596
2019/09/06/14:48:28.470210,2.91261935234
2019/09/06/14:48:28.473976,2.91301941872
2019/09/06/14:48:28.478028,2.91341948509
2019/09/06/14:48:28.481974,2.91381955147
2019/09/06/14:48:28.485962,2.91421961784
2019/09/06/14:48:28.490135,2.91461968422
2019/09/06/14:48:28.494102,2.9150197506
2019/09/06/14:48:28.498125,2.91541981697
2019/09/06/14:48:28.502093,2.91581988335
2019/09/06/14:48:28.506058,2.91621994972
2019/09/06/14:48:28.510105,2.9166200161
2019/09/06/14:48:28.513998,2.91702008247
2019/09/06/14:48:28.517934,2.91742014885
2019/09/06/14:48:28.522054,2.91782021523
2019/09/06/14:48:28.526042,2.9182202816
2019/09/06/14:48:28.530164,2.91862034798
2019/09/06/14:48:28.534368,2.91902041435
2019/09/06/14:48:28.538019,2.91942048073
2019/09/06/14:48:28.542196,2.9198205471
2019/09/06/14:48:28.546031,2.92022061348
2019/09/06/14:48:28.550076,2.92062067986
2019/09/06/14:48:28.554175,2.92102074623
2019/09/06/14:48:28.558112,2.92142081261
2019/09/06/14:48:28.562352,2.92182087898
2019/09/06/14:48:28.566348,2.92222094536
2019/09/06/14:48:28.570190,2.92262101173
2019/09/06/14:48:28.574063,2.92302107811
2019/09/06/14:48:28.578124,2.92342114449
2019/09/06/14:48:28.582230,2.92382121086
2019/09/06/14:48:28.586058,2.92422127724
2019/09/06/14:48:28.590008,2.92462134361
2019/09/06/14:48:28.594154,2.92502140999
2019/09/06/14:48:28.598131,2.92542147636
2019/09/06/14:48:28.602005,2.92582154274
2019/09/06/14:48:28.606063,2.92622160912
2019/09/06/14:48:28.610221,2.92662167549
2019/09/06/14:48:28.614225,2.92702174187
2019/09/06/14:48:28.618125,2.92742180824
2019/09/06/14:48:28.622220,2.92782187462
2019/09/06/14:48:28.626238,2.92822194099
2019/09/06/14:48:28.629956,2.92862200737
2019/09/06/14:48:28.634204,2.92902207375
2019/09/06/14:48:28.638333,2.92942214012
2019/09/06/14:48:28.642241,2.9298222065
2019/09/06/14:48:28.646226,2.93022227287
2019/09/06/14:48:28.650101,2.93062233925
2019/09/06/14:48:28.654348,2.93102240562
2019/09/06/14:48:28.658315,2.931422472
2019/09/06/14:48:28.662287,2.93182253838
2019/09/06/14:48:28.666131,2.93222260475
2019/09/06/14:48:28.670131,2.93262267113
2019/09/06/14:48:28.674223,2.9330227375
2019/09/06/14:48:28.678190,2.93342280388
2019/09/06/14:48:28.682477,2.93382287025
2019/09/06/14:48:28.686200,2.93422293663
2019/09/06/14:48:28.690175,2.93462300301
2019/09/06/14:48:28.694206,2.93502306938
2019/09/06/14:48:28.698239,2.93542313576
2019/09/06/14:48:28.702389,2.93582320213
2019/09/06/14:48:28.706365,2.93622326851
2019/09/06/14:48:28.710134,2.93662333488
2019/09/06/14:48:28.714161,2.93702340126
2019/09/06/14:48:28.718160,2.93742346764
2019/09/06/14:48:28.722332,2.93782353401
2019/09/06/14:48:28.726113,2.93822360039
2019/09/06/14:48:28.729998,2.93862366676
2019/09/06/14:48:28.734087,2.93902373314
2019/09/06/14:48:28.738010,2.93942379951
2019/09/06/14:48:28.742411,2.93982386589
2019/09/06/14:48:28.746214,2.94022393227
2019/09/06/14:48:28.750200,2.94062399864
2019/09/06/14:48:28.754194,2.94102406502
2019/09/06/14:48:28.758267,2.94142413139
2019/09/06/14:48:28.762260,2.94182419777
2019/09/06/14:48:28.766011,2.94222426414
2019/09/06/14:48:28.770216,2.94262433052
2019/09/06/14:48:28.774108,2.9430243969
2019/09/06/14:48:28.778136,2.94342446327
2019/09/06/14:48:28.782112,2.94382452965
2019/09/06/14:48:28.786177,2.94422459602
2019/09/06/14:48:28.790323,2.9446246624
2019/09/06/14:48:28.794230,2.94502472878
2019/09/06/14:48:28.798069,2.94542479515
2019/09/06/14:48:28.802395,2.94582486153
2019/09/06/14:48:28.806132,2.9462249279
2019/09/06/14:48:28.810297,2.94662499428
2019/09/06/14:48:28.814324,2.94702506065
2019/09/06/14:48:28.818072,2.94742512703
2019/09/06/14:48:28.822089,2.94782519341
2019/09/06/14:48:28.826117,2.94822525978
2019/09/06/14:48:28.830195,2.94862532616
2019/09/06/14:48:28.834253,2.94902539253
2019/09/06/14:48:28.838216,2.94942545891
2019/09/06/14:48:28.842136,2.94982552528
2019/09/06/14:48:28.846031,2.95022559166
2019/09/06/14:48:28.850331,2.95062565804
2019/09/06/14:48:28.854058,2.95102572441
2019/09/06/14:48:28.858267,2.95142579079
2019/09/06/14:48:28.862161,2.95182585716
2019/09/06/14:48:28.866133,2.95222592354
2019/09/06/14:48:28.870165,2.95262598991
2019/09/06/14:48:28.874205,2.95302605629
2019/09/06/14:48:28.878250,2.95342612267
2019/09/06/14:48:28.882070,2.95382618904
2019/09/06/14:48:28.886125,2.95422625542
2019/09/06/14:48:28.890140,2.95462632179
2019/09/06/14:48:28.894212,2.95502638817
2019/09/06/14:48:28.898016,2.95542645454
2019/09/06/14:48:28.902008,2.95582652092
2019/09/06/14:48:28.906242,2.9562265873
2019/09/06/14:48:28.909856,2.95662665367
2019/09/06/14:48:28.913995,2.95702672005
2019/09/06/14:48:28.917912,2.95742678642
2019/09/06/14:48:28.921918,2.9578268528
2019/09/06/14:48:28.926360,2.95822691917
2019/09/06/14:48:28.930205,2.95862698555
2019/09/06/14:48:28.933885,2.95902705193
2019/09/06/14:48:28.938060,2.9594271183
2019/09/06/14:48:28.942164,2.95982718468
2019/09/06/14:48:28.946157,2.96022725105
2019/09/06/14:48:28.950153,2.96062731743
2019/09/06/14:48:28.954148,2.9610273838
2019/09/06/14:48:28.958155,2.96142745018
2019/09/06/14:48:28.962237,2.96182751656
2019/09/06/14:48:28.966194,2.96222758293
2019/09/06/14:48:28.970234,2.96262764931
2019/09/06/14:48:28.974402,2.96302771568
2019/09/06/14:48:28.978202,2.96342778206
2019/09/06/14:48:28.982164,2.96382784843
2019/09/06/14:48:28.986424,2.96422791481
2019/09/06/14:48:28.990207,2.96462798119
2019/09/06/14:48:28.993876,2.96502804756
2019/09/06/14:48:28.998315,2.96542811394
2019/09/06/14:48:29.002257,2.96582818031
2019/09/06/14:48:29.006095,2.96622824669
2019/09/06/14:48:29.010142,2.96662831306
2019/09/06/14:48:29.014150,2.96702837944
2019/09/06/14:48:29.018239,2.96742844582
2019/09/06/14:48:29.022130,2.96782851219
2019/09/06/14:48:29.026085,2.96822857857
2019/09/06/14:48:29.030292,2.96862864494
2019/09/06/14:48:29.034356,2.96902871132
2019/09/06/14:48:29.038239,2.96942877769
2019/09/06/14:48:29.042126,2.96982884407
2019/09/06/14:48:29.046086,2.97022891045
2019/09/06/14:48:29.050059,2.97062897682
2019/09/06/14:48:29.054194,2.9710290432
2019/09/06/14:48:29.058204,2.97142910957
2019/09/06/14:48:29.062263,2.97182917595
2019/09/06/14:48:29.066333,2.97222924232
2019/09/06/14:48:29.070113,2.9726293087
2019/09/06/14:48:29.074274,2.97302937508
2019/09/06/14:48:29.078183,2.97342944145
2019/09/06/14:48:29.081970,2.97382950783
2019/09/06/14:48:29.086040,2.9742295742
2019/09/06/14:48:29.090134,2.97462964058
2019/09/06/14:48:29.094248,2.97502970695
2019/09/06/14:48:29.098332,2.97542977333
2019/09/06/14:48:29.102293,2.97582983971
2019/09/06/14:48:29.106178,2.97622990608
2019/09/06/14:48:29.110194,2.97662997246
2019/09/06/14:48:29.114165,2.97703003883
2019/09/06/14:48:29.118174,2.97743010521
2019/09/06/14:48:29.122146,2.97783017159
2019/09/06/14:48:29.126053,2.97823023796
2019/09/06/14:48:29.130464,2.97863030434
2019/09/06/14:48:29.134220,2.97903037071
2019/09/06/14:48:29.138329,2.97943043709
2019/09/06/14:48:29.142218,2.97983050346
2019/09/06/14:48:29.146388,2.98023056984
2019/09/06/14:48:29.150316,2.98063063622
2019/09/06/14:48:29.154202,2.98103070259
2019/09/06/14:48:29.158260,2.98143076897
2019/09/06/14:48:29.162149,2.98183083534
2019/09/06/14:48:29.166165,2.98223090172
2019/09/06/14:48:29.170285,2.98263096809
2019/09/06/14:48:29.174334,2.98303103447
2019/09/06/14:48:29.178201,2.98343110085
2019/09/06/14:48:29.181992,2.98383116722
2019/09/06/14:48:29.186180,2.9842312336
2019/09/06/14:48:29.190113,2.98463129997
2019/09/06/14:48:29.194181,2.98503136635
2019/09/06/14:48:29.198193,2.98543143272
2019/09/06/14:48:29.202322,2.9858314991
2019/09/06/14:48:29.206132,2.98623156548
2019/09/06/14:48:29.210121,2.98663163185
2019/09/06/14:48:29.214104,2.98703169823
2019/09/06/14:48:29.218195,2.9874317646
2019/09/06/14:48:29.222147,2.98783183098
2019/09/06/14:48:29.226210,2.98823189735
2019/09/06/14:48:29.230289,2.98863196373
2019/09/06/14:48:29.235009,2.98903203011
2019/09/06/14:48:29.238056,2.98943209648
2019/09/06/14:48:29.242056,2.98983216286
2019/09/06/14:48:29.246055,2.99023222923
2019/09/06/14:48:29.250075,2.99063229561
2019/09/06/14:48:29.254235,2.99103236198
2019/09/06/14:48:29.258255,2.99143242836
2019/09/06/14:48:29.262125,2.99183249474
2019/09/06/14:48:29.266186,2.99223256111
2019/09/06/14:48:29.270115,2.99263262749
2019/09/06/14:48:29.274205,2.99303269386
2019/09/06/14:48:29.278229,2.99343276024
2019/09/06/14:48:29.282091,2.99383282661
2019/09/06/14:48:29.286077,2.99423289299
2019/09/06/14:48:29.290111,2.99463295937
2019/09/06/14:48:29.294176,2.99503302574
2019/09/06/14:48:29.298105,2.99543309212
2019/09/06/14:48:29.302297,2.99583315849
2019/09/06/14:48:29.306201,2.99623322487
2019/09/06/14:48:29.310199,2.99663329124
2019/09/06/14:48:29.314447,2.99703335762
2019/09/06/14:48:29.318328,2.997433424
2019/09/06/14:48:29.322275,2.99783349037
2019/09/06/14:48:29.326171,2.99823355675
2019/09/06/14:48:29.330578,2.99863362312
2019/09/06/14:48:29.334181,2.9990336895
2019/09/06/14:48:29.338084,2.99943375587
2019/09/06/14:48:29.342161,2.99983382225
2019/09/06/14:48:29.346170,3.00023388863
2019/09/06/14:48:29.350148,3.000633955
2019/09/06/14:48:29.354303,3.00103402138
2019/09/06/14:48:29.358297,3.00143408775
2019/09/06/14:48:29.362265,3.00183415413
2019/09/06/14:48:29.366223,3.0022342205
2019/09/06/14:48:29.370425,3.00263428688
2019/09/06/14:48:29.374043,3.00303435326
2019/09/06/14:48:29.378287,3.00343441963
2019/09/06/14:48:29.382091,3.00383448601
2019/09/06/14:48:29.386437,3.00423455238
2019/09/06/14:48:29.390257,3.00463461876
2019/09/06/14:48:29.394138,3.00503468513
2019/09/06/14:48:29.398350,3.00543475151
2019/09/06/14:48:29.402153,3.00583481789
2019/09/06/14:48:29.406337,3.00623488426
2019/09/06/14:48:29.410164,3.00663495064
2019/09/06/14:48:29.414068,3.00703501701
2019/09/06/14:48:29.418641,3.00743508339
2019/09/06/14:48:29.422408,3.00783514977
2019/09/06/14:48:29.426248,3.00823521614
2019/09/06/14:48:29.430129,3.00863528252
2019/09/06/14:48:29.434139,3.00903534889
2019/09/06/14:48:29.438053,3.00943541527
2019/09/06/14:48:29.442065,3.00983548164
2019/09/06/14:48:29.445931,3.01023554802
2019/09/06/14:48:29.450065,3.0106356144
2019/09/06/14:48:29.454191,3.01103568077
2019/09/06/14:48:29.458240,3.01143574715
2019/09/06/14:48:29.462014,3.01183581352
2019/09/06/14:48:29.466034,3.0122358799
2019/09/06/14:48:29.470154,3.01263594627
2019/09/06/14:48:29.474061,3.01303601265
2019/09/06/14:48:29.478174,3.01343607903
2019/09/06/14:48:29.482029,3.0138361454
2019/09/06/14:48:29.485913,3.01423621178
2019/09/06/14:48:29.490068,3.01463627815
2019/09/06/14:48:29.493859,3.01503634453
2019/09/06/14:48:29.498077,3.0154364109
2019/09/06/14:48:29.501844,3.01583647728
2019/09/06/14:48:29.506089,3.01623654366
2019/09/06/14:48:29.510132,3.01663661003
2019/09/06/14:48:29.514061,3.01703667641
2019/09/06/14:48:29.519688,3.01743674278
2019/09/06/14:48:29.522111,3.01783680916
2019/09/06/14:48:29.526208,3.01823687553
2019/09/06/14:48:29.530360,3.01863694191
2019/09/06/14:48:29.533691,3.01903700829
2019/09/06/14:48:29.538556,3.01943707466
2019/09/06/14:48:29.542018,3.01983714104
2019/09/06/14:48:29.546073,3.02023720741
2019/09/06/14:48:29.550116,3.02063727379
2019/09/06/14:48:29.554354,3.02103734016
2019/09/06/14:48:29.558232,3.02143740654
2019/09/06/14:48:29.562261,3.02183747292
2019/09/06/14:48:29.566249,3.02223753929
2019/09/06/14:48:29.570228,3.02263760567
2019/09/06/14:48:29.574264,3.02303767204
2019/09/06/14:48:29.578175,3.02343773842
2019/09/06/14:48:29.582163,3.02383780479
2019/09/06/14:48:29.586167,3.02423787117
2019/09/06/14:48:29.590131,3.02463793755
2019/09/06/14:48:29.594113,3.02503800392
2019/09/06/14:48:29.598239,3.0254380703
2019/09/06/14:48:29.602251,3.02583813667
2019/09/06/14:48:29.606218,3.02623820305
2019/09/06/14:48:29.610154,3.02663826942
2019/09/06/14:48:29.614254,3.0270383358
2019/09/06/14:48:29.618278,3.02743840218
2019/09/06/14:48:29.622267,3.02783846855
2019/09/06/14:48:29.626378,3.02823853493
2019/09/06/14:48:29.630357,3.0286386013
2019/09/06/14:48:29.634250,3.02903866768
2019/09/06/14:48:29.638125,3.02943873405
2019/09/06/14:48:29.642203,3.02983880043
2019/09/06/14:48:29.646069,3.03023886681
2019/09/06/14:48:29.650103,3.03063893318
2019/09/06/14:48:29.654319,3.03103899956
2019/09/06/14:48:29.658268,3.03143906593
2019/09/06/14:48:29.662169,3.03183913231
2019/09/06/14:48:29.666332,3.03223919868
2019/09/06/14:48:29.670257,3.03263926506
2019/09/06/14:48:29.674435,3.03303933144
2019/09/06/14:48:29.678130,3.03343939781
2019/09/06/14:48:29.681972,3.03383946419
2019/09/06/14:48:29.686181,3.03423953056
2019/09/06/14:48:29.690243,3.03463959694
2019/09/06/14:48:29.694141,3.03503966331
2019/09/06/14:48:29.698159,3.03543972969
2019/09/06/14:48:29.702355,3.03583979607
2019/09/06/14:48:29.706329,3.03623986244
2019/09/06/14:48:29.710300,3.03663992882
2019/09/06/14:48:29.714169,3.03703999519
2019/09/06/14:48:29.718070,3.03744006157
2019/09/06/14:48:29.722326,3.03784012794
2019/09/06/14:48:29.726059,3.03824019432
2019/09/06/14:48:29.730235,3.0386402607
2019/09/06/14:48:29.734206,3.03904032707
2019/09/06/14:48:29.738305,3.03944039345
2019/09/06/14:48:29.741783,3.03984045982
2019/09/06/14:48:29.746102,3.0402405262
2019/09/06/14:48:29.750159,3.04064059258
2019/09/06/14:48:29.754192,3.04104065895
2019/09/06/14:48:29.758306,3.04144072533
2019/09/06/14:48:29.762140,3.0418407917
2019/09/06/14:48:29.766284,3.04224085808
2019/09/06/14:48:29.770370,3.04264092445
2019/09/06/14:48:29.774142,3.04304099083
2019/09/06/14:48:29.778164,3.04344105721
2019/09/06/14:48:29.781894,3.04384112358
2019/09/06/14:48:29.786053,3.04424118996
2019/09/06/14:48:29.790194,3.04464125633
2019/09/06/14:48:29.794373,3.04504132271
2019/09/06/14:48:29.798343,3.04544138908
2019/09/06/14:48:29.802213,3.04584145546
2019/09/06/14:48:29.806379,3.04624152184
2019/09/06/14:48:29.810223,3.04664158821
2019/09/06/14:48:29.814420,3.04704165459
2019/09/06/14:48:29.818604,3.04744172096
2019/09/06/14:48:29.822093,3.04784178734
2019/09/06/14:48:29.826268,3.04824185371
2019/09/06/14:48:29.830222,3.04864192009
2019/09/06/14:48:29.834113,3.04904198647
2019/09/06/14:48:29.838151,3.04944205284
2019/09/06/14:48:29.842241,3.04984211922
2019/09/06/14:48:29.846219,3.05024218559
2019/09/06/14:48:29.850261,3.05064225197
2019/09/06/14:48:29.854193,3.05104231834
2019/09/06/14:48:29.858323,3.05144238472
2019/09/06/14:48:29.862523,3.0518424511
2019/09/06/14:48:29.866249,3.05224251747
2019/09/06/14:48:29.870148,3.05264258385
2019/09/06/14:48:29.874146,3.05304265022
2019/09/06/14:48:29.878084,3.0534427166
2019/09/06/14:48:29.882237,3.05384278297
2019/09/06/14:48:29.886146,3.05424284935
2019/09/06/14:48:29.890326,3.05464291573
2019/09/06/14:48:29.894334,3.0550429821
2019/09/06/14:48:29.898312,3.05544304848
2019/09/06/14:48:29.902094,3.05584311485
2019/09/06/14:48:29.906156,3.05624318123
2019/09/06/14:48:29.910157,3.0566432476
2019/09/06/14:48:29.914184,3.05704331398
2019/09/06/14:48:29.918170,3.05744338036
2019/09/06/14:48:29.922344,3.05784344673
2019/09/06/14:48:29.926519,3.05824351311
2019/09/06/14:48:29.930384,3.05864357948
2019/09/06/14:48:29.934227,3.05904364586
2019/09/06/14:48:29.938108,3.05944371223
2019/09/06/14:48:29.942290,3.05984377861
2019/09/06/14:48:29.946124,3.06024384499
2019/09/06/14:48:29.950174,3.06064391136
2019/09/06/14:48:29.954221,3.06104397774
2019/09/06/14:48:29.958238,3.06144404411
2019/09/06/14:48:29.962175,3.06184411049
2019/09/06/14:48:29.966351,3.06224417686
2019/09/06/14:48:29.970402,3.06264424324
2019/09/06/14:48:29.974343,3.06304430962
2019/09/06/14:48:29.978185,3.06344437599
2019/09/06/14:48:29.982239,3.06384444237
2019/09/06/14:48:29.986278,3.06424450874
2019/09/06/14:48:29.990341,3.06464457512
2019/09/06/14:48:29.994093,3.06504464149
2019/09/06/14:48:29.998165,3.06544470787
2019/09/06/14:48:30.002195,3.06584477425
2019/09/06/14:48:30.006230,3.06624484062
2019/09/06/14:48:30.010306,3.066644907
2019/09/06/14:48:30.014242,3.06704497337
2019/09/06/14:48:30.018245,3.06744503975
2019/09/06/14:48:30.022253,3.06784510612
2019/09/06/14:48:30.026166,3.0682451725
2019/09/06/14:48:30.030354,3.06864523888
2019/09/06/14:48:30.034186,3.06904530525
2019/09/06/14:48:30.038136,3.06944537163
2019/09/06/14:48:30.042155,3.069845438
2019/09/06/14:48:30.046087,3.07024550438
2019/09/06/14:48:30.050354,3.07064557076
2019/09/06/14:48:30.054089,3.07104563713
2019/09/06/14:48:30.058280,3.07144570351
2019/09/06/14:48:30.062230,3.07184576988
2019/09/06/14:48:30.066189,3.07224583626
2019/09/06/14:48:30.070174,3.07264590263
2019/09/06/14:48:30.074268,3.07304596901
2019/09/06/14:48:30.078253,3.07344603539
2019/09/06/14:48:30.082164,3.07384610176
2019/09/06/14:48:30.086303,3.07424616814
2019/09/06/14:48:30.090173,3.07464623451
2019/09/06/14:48:30.094280,3.07504630089
2019/09/06/14:48:30.098341,3.07544636726
2019/09/06/14:48:30.102087,3.07584643364
2019/09/06/14:48:30.106170,3.07624650002
2019/09/06/14:48:30.110225,3.07664656639
2019/09/06/14:48:30.114351,3.07704663277
2019/09/06/14:48:30.118282,3.07744669914
2019/09/06/14:48:30.122280,3.07784676552
2019/09/06/14:48:30.126289,3.07824683189
2019/09/06/14:48:30.130277,3.07864689827
2019/09/06/14:48:30.133911,3.07904696465
2019/09/06/14:48:30.138263,3.07944703102
2019/09/06/14:48:30.141970,3.0798470974
2019/09/06/14:48:30.146112,3.08024716377
2019/09/06/14:48:30.150227,3.08064723015
2019/09/06/14:48:30.154497,3.08104729652
2019/09/06/14:48:30.158339,3.0814473629
2019/09/06/14:48:30.162443,3.08184742928
2019/09/06/14:48:30.166259,3.08224749565
2019/09/06/14:48:30.170241,3.08264756203
2019/09/06/14:48:30.174208,3.0830476284
2019/09/06/14:48:30.178152,3.08344769478
2019/09/06/14:48:30.181997,3.08384776115
2019/09/06/14:48:30.186410,3.08424782753
2019/09/06/14:48:30.190329,3.08464789391
2019/09/06/14:48:30.194334,3.08504796028
2019/09/06/14:48:30.198352,3.08544802666
2019/09/06/14:48:30.202332,3.08584809303
2019/09/06/14:48:30.206034,3.08624815941
2019/09/06/14:48:30.210001,3.08664822578
2019/09/06/14:48:30.214180,3.08704829216
2019/09/06/14:48:30.218164,3.08744835854
2019/09/06/14:48:30.222372,3.08784842491
2019/09/06/14:48:30.226146,3.08824849129
2019/09/06/14:48:30.230160,3.08864855766
2019/09/06/14:48:30.234046,3.08904862404
2019/09/06/14:48:30.238138,3.08944869041
2019/09/06/14:48:30.242131,3.08984875679
2019/09/06/14:48:30.246481,3.09024882317
2019/09/06/14:48:30.250136,3.09064888954
2019/09/06/14:48:30.254182,3.09104895592
2019/09/06/14:48:30.258338,3.09144902229
2019/09/06/14:48:30.262450,3.09184908867
2019/09/06/14:48:30.266300,3.09224915504
2019/09/06/14:48:30.270180,3.09264922142
2019/09/06/14:48:30.274279,3.0930492878
2019/09/06/14:48:30.278303,3.09344935417
2019/09/06/14:48:30.282198,3.09384942055
2019/09/06/14:48:30.286411,3.09424948692
2019/09/06/14:48:30.290240,3.0946495533
2019/09/06/14:48:30.294143,3.09504961967
2019/09/06/14:48:30.298169,3.09544968605
2019/09/06/14:48:30.302269,3.09584975243
2019/09/06/14:48:30.306249,3.0962498188
2019/09/06/14:48:30.310315,3.09664988518
2019/09/06/14:48:30.314252,3.09704995155
2019/09/06/14:48:30.318244,3.09745001793
2019/09/06/14:48:30.322144,3.0978500843
2019/09/06/14:48:30.326182,3.09825015068
2019/09/06/14:48:30.330460,3.09865021706
2019/09/06/14:48:30.334100,3.09905028343
2019/09/06/14:48:30.338105,3.09945034981
2019/09/06/14:48:30.342162,3.09985041618
2019/09/06/14:48:30.346313,3.10025048256
2019/09/06/14:48:30.350138,3.10065054893
2019/09/06/14:48:30.354208,3.10105061531
2019/09/06/14:48:30.358114,3.10145068169
2019/09/06/14:48:30.362154,3.10185074806
2019/09/06/14:48:30.366251,3.10225081444
2019/09/06/14:48:30.370173,3.10265088081
2019/09/06/14:48:30.374244,3.10305094719
2019/09/06/14:48:30.378203,3.10345101357
2019/09/06/14:48:30.382299,3.10385107994
2019/09/06/14:48:30.386189,3.10425114632
2019/09/06/14:48:30.390147,3.10465121269
2019/09/06/14:48:30.394207,3.10505127907
2019/09/06/14:48:30.398160,3.10545134544
2019/09/06/14:48:30.402194,3.10585141182
2019/09/06/14:48:30.406209,3.1062514782
2019/09/06/14:48:30.410334,3.10665154457
2019/09/06/14:48:30.414153,3.10705161095
2019/09/06/14:48:30.418115,3.10745167732
2019/09/06/14:48:30.422096,3.1078517437
2019/09/06/14:48:30.426070,3.10825181007
2019/09/06/14:48:30.430059,3.10865187645
2019/09/06/14:48:30.434080,3.10905194283
2019/09/06/14:48:30.438124,3.1094520092
2019/09/06/14:48:30.442046,3.10985207558
2019/09/06/14:48:30.446105,3.11025214195
2019/09/06/14:48:30.449767,3.11065220833
2019/09/06/14:48:30.454304,3.1110522747
2019/09/06/14:48:30.458138,3.11145234108
2019/09/06/14:48:30.462267,3.11185240746
2019/09/06/14:48:30.466117,3.11225247383
2019/09/06/14:48:30.470121,3.11265254021
2019/09/06/14:48:30.474193,3.11305260658
2019/09/06/14:48:30.478255,3.11345267296
2019/09/06/14:48:30.482128,3.11385273933
2019/09/06/14:48:30.486266,3.11425280571
2019/09/06/14:48:30.489995,3.11465287209
2019/09/06/14:48:30.494057,3.11505293846
2019/09/06/14:48:30.498230,3.11545300484
2019/09/06/14:48:30.502309,3.11585307121
2019/09/06/14:48:30.506347,3.11625313759
2019/09/06/14:48:30.510331,3.11665320396
2019/09/06/14:48:30.514083,3.11705327034
2019/09/06/14:48:30.518258,3.11745333672
2019/09/06/14:48:30.522198,3.11785340309
2019/09/06/14:48:30.526236,3.11825346947
2019/09/06/14:48:30.530228,3.11865353584
2019/09/06/14:48:30.534251,3.11905360222
2019/09/06/14:48:30.538063,3.11945366859
2019/09/06/14:48:30.542010,3.11985373497
2019/09/06/14:48:30.546054,3.12025380135
2019/09/06/14:48:30.549866,3.12065386772
2019/09/06/14:48:30.554200,3.1210539341
2019/09/06/14:48:30.558151,3.12145400047
2019/09/06/14:48:30.562272,3.12185406685
2019/09/06/14:48:30.566158,3.12225413322
2019/09/06/14:48:30.570004,3.1226541996
2019/09/06/14:48:30.574230,3.12305426598
2019/09/06/14:48:30.578243,3.12345433235
2019/09/06/14:48:30.582256,3.12385439873
2019/09/06/14:48:30.586228,3.1242544651
2019/09/06/14:48:30.590095,3.12465453148
2019/09/06/14:48:30.594167,3.12505459785
2019/09/06/14:48:30.598199,3.12545466423
2019/09/06/14:48:30.602196,3.12585473061
2019/09/06/14:48:30.606288,3.12625479698
2019/09/06/14:48:30.610251,3.12665486336
2019/09/06/14:48:30.614246,3.12705492973
2019/09/06/14:48:30.618234,3.12745499611
2019/09/06/14:48:30.622260,3.12785506248
2019/09/06/14:48:30.626172,3.12825512886
2019/09/06/14:48:30.630209,3.12865519524
2019/09/06/14:48:30.634007,3.12905526161
2019/09/06/14:48:30.638207,3.12945532799
2019/09/06/14:48:30.642249,3.12985539436
2019/09/06/14:48:30.646093,3.13025546074
2019/09/06/14:48:30.650582,3.13065552711
2019/09/06/14:48:30.654240,3.13105559349
2019/09/06/14:48:30.658364,3.13145565987
2019/09/06/14:48:30.662274,3.13185572624
2019/09/06/14:48:30.666312,3.13225579262
2019/09/06/14:48:30.670133,3.13265585899
2019/09/06/14:48:30.674173,3.13305592537
2019/09/06/14:48:30.678140,3.13345599174
2019/09/06/14:48:30.682258,3.13385605812
2019/09/06/14:48:30.686234,3.1342561245
2019/09/06/14:48:30.690245,3.13465619087
2019/09/06/14:48:30.694170,3.13505625725
2019/09/06/14:48:30.698264,3.13545632362
2019/09/06/14:48:30.702138,3.13585639
2019/09/06/14:48:30.706199,3.13625645638
2019/09/06/14:48:30.710244,3.13665652275
2019/09/06/14:48:30.714259,3.13705658913
2019/09/06/14:48:30.718219,3.1374566555
2019/09/06/14:48:30.722191,3.13785672188
2019/09/06/14:48:30.726226,3.13825678825
2019/09/06/14:48:30.730195,3.13865685463
2019/09/06/14:48:30.733940,3.13905692101
2019/09/06/14:48:30.738194,3.13945698738
2019/09/06/14:48:30.741938,3.13985705376
2019/09/06/14:48:30.746215,3.14025712013
2019/09/06/14:48:30.750226,3.14065718651
2019/09/06/14:48:30.754150,3.14105725288
2019/09/06/14:48:30.758119,3.14145731926
2019/09/06/14:48:30.762054,3.14185738564
2019/09/06/14:48:30.766407,3.14225745201
2019/09/06/14:48:30.770271,3.14265751839
2019/09/06/14:48:30.774182,3.14305758476
2019/09/06/14:48:30.778136,3.14345765114
2019/09/06/14:48:30.782016,3.14385771751
2019/09/06/14:48:30.786225,3.14425778389
2019/09/06/14:48:30.790351,3.14465785027
2019/09/06/14:48:30.794221,3.14505791664
2019/09/06/14:48:30.798387,3.14545798302
2019/09/06/14:48:30.802204,3.14585804939
2019/09/06/14:48:30.806250,3.14625811577
2019/09/06/14:48:30.810202,3.14665818214
2019/09/06/14:48:30.814142,3.14705824852
2019/09/06/14:48:30.818187,3.1474583149
2019/09/06/14:48:30.822429,3.14785838127
2019/09/06/14:48:30.826279,3.14825844765
2019/09/06/14:48:30.830330,3.14865851402
2019/09/06/14:48:30.834082,3.1490585804
2019/09/06/14:48:30.838268,3.14945864677
2019/09/06/14:48:30.842111,3.14985871315
2019/09/06/14:48:30.846238,3.15025877953
2019/09/06/14:48:30.850277,3.1506588459
2019/09/06/14:48:30.854013,3.15105891228
2019/09/06/14:48:30.858107,3.15145897865
2019/09/06/14:48:30.862043,3.15185904503
2019/09/06/14:48:30.866291,3.1522591114
2019/09/06/14:48:30.870325,3.15265917778
2019/09/06/14:48:30.874067,3.15305924416
2019/09/06/14:48:30.878187,3.15345931053
2019/09/06/14:48:30.882021,3.15385937691
2019/09/06/14:48:30.886324,3.15425944328
2019/09/06/14:48:30.889951,3.15465950966
2019/09/06/14:48:30.894123,3.15505957603
2019/09/06/14:48:30.898232,3.15545964241
2019/09/06/14:48:30.902105,3.15585970879
2019/09/06/14:48:30.906090,3.15625977516
2019/09/06/14:48:30.910057,3.15665984154
2019/09/06/14:48:30.914376,3.15705990791
2019/09/06/14:48:30.918163,3.15745997429
2019/09/06/14:48:30.922126,3.15786004066
2019/09/06/14:48:30.926196,3.15826010704
2019/09/06/14:48:30.930079,3.15866017342
2019/09/06/14:48:30.934162,3.15906023979
2019/09/06/14:48:30.938229,3.15946030617
2019/09/06/14:48:30.942156,3.15986037254
2019/09/06/14:48:30.946075,3.16026043892
2019/09/06/14:48:30.950070,3.16066050529
2019/09/06/14:48:30.953826,3.16106057167
2019/09/06/14:48:30.958232,3.16146063805
2019/09/06/14:48:30.962198,3.16186070442
2019/09/06/14:48:30.966183,3.1622607708
2019/09/06/14:48:30.970136,3.16266083717
2019/09/06/14:48:30.974171,3.16306090355
2019/09/06/14:48:30.978179,3.16346096992
2019/09/06/14:48:30.982221,3.1638610363
2019/09/06/14:48:30.986175,3.16426110268
2019/09/06/14:48:30.990227,3.16466116905
2019/09/06/14:48:30.994334,3.16506123543
2019/09/06/14:48:30.998237,3.1654613018
2019/09/06/14:48:31.002141,3.16586136818
2019/09/06/14:48:31.006340,3.16626143456
2019/09/06/14:48:31.010199,3.16666150093
2019/09/06/14:48:31.014188,3.16706156731
2019/09/06/14:48:31.018214,3.16746163368
2019/09/06/14:48:31.022161,3.16786170006
2019/09/06/14:48:31.026191,3.16826176643
2019/09/06/14:48:31.030204,3.16866183281
2019/09/06/14:48:31.034222,3.16906189919
2019/09/06/14:48:31.038133,3.16946196556
2019/09/06/14:48:31.042156,3.16986203194
2019/09/06/14:48:31.046177,3.17026209831
2019/09/06/14:48:31.050053,3.17066216469
2019/09/06/14:48:31.054254,3.17106223106
2019/09/06/14:48:31.058484,3.17146229744
2019/09/06/14:48:31.062337,3.17186236382
2019/09/06/14:48:31.066103,3.17226243019
2019/09/06/14:48:31.070193,3.17266249657
2019/09/06/14:48:31.074136,3.17306256294
2019/09/06/14:48:31.078273,3.17346262932
2019/09/06/14:48:31.082263,3.17386269569
2019/09/06/14:48:31.086126,3.17426276207
2019/09/06/14:48:31.090074,3.17466282845
2019/09/06/14:48:31.094198,3.17506289482
2019/09/06/14:48:31.098276,3.1754629612
2019/09/06/14:48:31.102310,3.17586302757
2019/09/06/14:48:31.106202,3.17626309395
2019/09/06/14:48:31.110489,3.17666316032
2019/09/06/14:48:31.114326,3.1770632267
2019/09/06/14:48:31.118420,3.17746329308
2019/09/06/14:48:31.122211,3.17786335945
2019/09/06/14:48:31.126312,3.17826342583
2019/09/06/14:48:31.130260,3.1786634922
2019/09/06/14:48:31.134187,3.17906355858
2019/09/06/14:48:31.138240,3.17946362495
2019/09/06/14:48:31.142036,3.17986369133
2019/09/06/14:48:31.146137,3.18026375771
2019/09/06/14:48:31.150068,3.18066382408
2019/09/06/14:48:31.154042,3.18106389046
2019/09/06/14:48:31.158283,3.18146395683
2019/09/06/14:48:31.162236,3.18186402321
2019/09/06/14:48:31.166296,3.18226408958
2019/09/06/14:48:31.170219,3.18266415596
2019/09/06/14:48:31.174164,3.18306422234
2019/09/06/14:48:31.178208,3.18346428871
2019/09/06/14:48:31.182230,3.18386435509
2019/09/06/14:48:31.186320,3.18426442146
2019/09/06/14:48:31.190162,3.18466448784
2019/09/06/14:48:31.194194,3.18506455421
2019/09/06/14:48:31.198214,3.18546462059
2019/09/06/14:48:31.202217,3.18586468697
2019/09/06/14:48:31.206311,3.18626475334
2019/09/06/14:48:31.210281,3.18666481972
2019/09/06/14:48:31.214250,3.18706488609
2019/09/06/14:48:31.218103,3.18746495247
2019/09/06/14:48:31.222285,3.18786501884
2019/09/06/14:48:31.226197,3.18826508522
2019/09/06/14:48:31.230350,3.1886651516
2019/09/06/14:48:31.234307,3.18906521797
2019/09/06/14:48:31.238201,3.18946528435
2019/09/06/14:48:31.242074,3.18986535072
2019/09/06/14:48:31.246259,3.1902654171
2019/09/06/14:48:31.250227,3.19066548347
2019/09/06/14:48:31.254081,3.19106554985
2019/09/06/14:48:31.258027,3.19146561623
2019/09/06/14:48:31.262124,3.1918656826
2019/09/06/14:48:31.266114,3.19226574898
2019/09/06/14:48:31.270216,3.19266581535
2019/09/06/14:48:31.274176,3.19306588173
2019/09/06/14:48:31.278096,3.1934659481
2019/09/06/14:48:31.282304,3.19386601448
2019/09/06/14:48:31.286295,3.19426608086
2019/09/06/14:48:31.290220,3.19466614723
2019/09/06/14:48:31.294207,3.19506621361
2019/09/06/14:48:31.298266,3.19546627998
2019/09/06/14:48:31.302235,3.19586634636
2019/09/06/14:48:31.306406,3.19626641273
2019/09/06/14:48:31.310225,3.19666647911
2019/09/06/14:48:31.314238,3.19706654549
2019/09/06/14:48:31.318162,3.19746661186
2019/09/06/14:48:31.322247,3.19786667824
2019/09/06/14:48:31.326334,3.19826674461
2019/09/06/14:48:31.330204,3.19866681099
2019/09/06/14:48:31.334207,3.19906687737
2019/09/06/14:48:31.338218,3.19946694374
2019/09/06/14:48:31.342228,3.19986701012
2019/09/06/14:48:31.346312,3.20026707649
2019/09/06/14:48:31.350521,3.20066714287
2019/09/06/14:48:31.354220,3.20106720924
2019/09/06/14:48:31.358055,3.20146727562
2019/09/06/14:48:31.362236,3.201867342
2019/09/06/14:48:31.366059,3.20226740837
2019/09/06/14:48:31.370076,3.20266747475
2019/09/06/14:48:31.374073,3.20306754112
2019/09/06/14:48:31.378064,3.2034676075
2019/09/06/14:48:31.382017,3.20386767387
2019/09/06/14:48:31.386080,3.20426774025
2019/09/06/14:48:31.390046,3.20466780663
2019/09/06/14:48:31.394041,3.205067873
2019/09/06/14:48:31.398040,3.20546793938
2019/09/06/14:48:31.402308,3.20586800575
2019/09/06/14:48:31.406374,3.20626807213
2019/09/06/14:48:31.410157,3.2066681385
2019/09/06/14:48:31.414187,3.20706820488
2019/09/06/14:48:31.418284,3.20746827126
2019/09/06/14:48:31.422199,3.20786833763
2019/09/06/14:48:31.426421,3.20826840401
2019/09/06/14:48:31.430253,3.20866847038
2019/09/06/14:48:31.434244,3.20906853676
2019/09/06/14:48:31.438597,3.20946860313
2019/09/06/14:48:31.442189,3.20986866951
2019/09/06/14:48:31.446288,3.21026873589
2019/09/06/14:48:31.450103,3.21066880226
2019/09/06/14:48:31.454222,3.21106886864
2019/09/06/14:48:31.458555,3.21146893501
2019/09/06/14:48:31.462311,3.21186900139
2019/09/06/14:48:31.466462,3.21226906776
2019/09/06/14:48:31.470248,3.21266913414
2019/09/06/14:48:31.474275,3.21306920052
2019/09/06/14:48:31.478046,3.21346926689
2019/09/06/14:48:31.482116,3.21386933327
2019/09/06/14:48:31.486393,3.21426939964
2019/09/06/14:48:31.490543,3.21466946602
2019/09/06/14:48:31.494241,3.21506953239
2019/09/06/14:48:31.498045,3.21546959877
2019/09/06/14:48:31.502421,3.21586966515
2019/09/06/14:48:31.506436,3.21626973152
2019/09/06/14:48:31.510396,3.2166697979
2019/09/06/14:48:31.514334,3.21706986427
2019/09/06/14:48:31.518157,3.21746993065
2019/09/06/14:48:31.522133,3.21786999702
2019/09/06/14:48:31.526021,3.2182700634
2019/09/06/14:48:31.530150,3.21867012978
2019/09/06/14:48:31.534255,3.21907019615
2019/09/06/14:48:31.538113,3.21947026253
2019/09/06/14:48:31.542291,3.2198703289
2019/09/06/14:48:31.546267,3.22027039528
2019/09/06/14:48:31.550092,3.22067046165
2019/09/06/14:48:31.554074,3.22107052803
2019/09/06/14:48:31.558064,3.22147059441
2019/09/06/14:48:31.562096,3.22187066078
2019/09/06/14:48:31.566115,3.22227072716
2019/09/06/14:48:31.570150,3.22267079353
2019/09/06/14:48:31.574228,3.22307085991
2019/09/06/14:48:31.578117,3.22347092628
2019/09/06/14:48:31.582419,3.22387099266
2019/09/06/14:48:31.586239,3.22427105904
2019/09/06/14:48:31.590343,3.22467112541
2019/09/06/14:48:31.594359,3.22507119179
2019/09/06/14:48:31.598158,3.22547125816
2019/09/06/14:48:31.602141,3.22587132454
2019/09/06/14:48:31.606454,3.22627139091
2019/09/06/14:48:31.610124,3.22667145729
2019/09/06/14:48:31.614278,3.22707152367
2019/09/06/14:48:31.618295,3.22747159004
2019/09/06/14:48:31.622163,3.22787165642
2019/09/06/14:48:31.626131,3.22827172279
2019/09/06/14:48:31.629959,3.22867178917
2019/09/06/14:48:31.634086,3.22907185555
2019/09/06/14:48:31.638004,3.22947192192
2019/09/06/14:48:31.642157,3.2298719883
2019/09/06/14:48:31.646308,3.23027205467
2019/09/06/14:48:31.650110,3.23067212105
2019/09/06/14:48:31.654284,3.23107218742
2019/09/06/14:48:31.658308,3.2314722538
2019/09/06/14:48:31.661931,3.23187232018
2019/09/06/14:48:31.666364,3.23227238655
2019/09/06/14:48:31.670269,3.23267245293
2019/09/06/14:48:31.674110,3.2330725193
2019/09/06/14:48:31.678049,3.23347258568
2019/09/06/14:48:31.682254,3.23387265205
2019/09/06/14:48:31.686078,3.23427271843
2019/09/06/14:48:31.690208,3.23467278481
2019/09/06/14:48:31.694334,3.23507285118
2019/09/06/14:48:31.698308,3.23547291756
2019/09/06/14:48:31.702204,3.23587298393
2019/09/06/14:48:31.706255,3.23627305031
2019/09/06/14:48:31.710155,3.23667311668
2019/09/06/14:48:31.714206,3.23707318306
2019/09/06/14:48:31.718282,3.23747324944
2019/09/06/14:48:31.722343,3.23787331581
2019/09/06/14:48:31.726197,3.23827338219
2019/09/06/14:48:31.730144,3.23867344856
2019/09/06/14:48:31.734121,3.23907351494
2019/09/06/14:48:31.737811,3.23947358131
2019/09/06/14:48:31.742109,3.23987364769
2019/09/06/14:48:31.746130,3.24027371407
2019/09/06/14:48:31.750235,3.24067378044
2019/09/06/14:48:31.754087,3.24107384682
2019/09/06/14:48:31.758157,3.24147391319
2019/09/06/14:48:31.762818,3.24187397957
2019/09/06/14:48:31.766211,3.24227404594
2019/09/06/14:48:31.770210,3.24267411232
2019/09/06/14:48:31.774197,3.2430741787
2019/09/06/14:48:31.778087,3.24347424507
2019/09/06/14:48:31.782107,3.24387431145
2019/09/06/14:48:31.786036,3.24427437782
2019/09/06/14:48:31.790304,3.2446744442
2019/09/06/14:48:31.794181,3.24507451057
2019/09/06/14:48:31.798097,3.24547457695
2019/09/06/14:48:31.802070,3.24587464333
2019/09/06/14:48:31.806075,3.2462747097
2019/09/06/14:48:31.810326,3.24667477608
2019/09/06/14:48:31.814211,3.24707484245
2019/09/06/14:48:31.818100,3.24747490883
2019/09/06/14:48:31.822128,3.2478749752
2019/09/06/14:48:31.826275,3.24827504158
2019/09/06/14:48:31.830489,3.24867510796
2019/09/06/14:48:31.834260,3.24907517433
2019/09/06/14:48:31.838322,3.24947524071
2019/09/06/14:48:31.842169,3.24987530708
2019/09/06/14:48:31.846085,3.25027537346
2019/09/06/14:48:31.850144,3.25067543983
2019/09/06/14:48:31.854238,3.25107550621
2019/09/06/14:48:31.858189,3.25147557259
2019/09/06/14:48:31.862178,3.25187563896
2019/09/06/14:48:31.866343,3.25227570534
2019/09/06/14:48:31.870183,3.25267577171
2019/09/06/14:48:31.874376,3.25307583809
2019/09/06/14:48:31.878144,3.25347590446
2019/09/06/14:48:31.882054,3.25387597084
2019/09/06/14:48:31.886010,3.25427603722
2019/09/06/14:48:31.890294,3.25467610359
2019/09/06/14:48:31.894215,3.25507616997
2019/09/06/14:48:31.898324,3.25547623634
2019/09/06/14:48:31.902228,3.25587630272
2019/09/06/14:48:31.906104,3.25627636909
2019/09/06/14:48:31.909988,3.25667643547
2019/09/06/14:48:31.914173,3.25707650185
2019/09/06/14:48:31.918295,3.25747656822
2019/09/06/14:48:31.922188,3.2578766346
2019/09/06/14:48:31.926084,3.25827670097
2019/09/06/14:48:31.930174,3.25867676735
2019/09/06/14:48:31.934088,3.25907683372
2019/09/06/14:48:31.938222,3.2594769001
2019/09/06/14:48:31.942152,3.25987696648
2019/09/06/14:48:31.946246,3.26027703285
2019/09/06/14:48:31.950304,3.26067709923
2019/09/06/14:48:31.954184,3.2610771656
2019/09/06/14:48:31.958269,3.26147723198
2019/09/06/14:48:31.962305,3.26187729836
2019/09/06/14:48:31.965920,3.26227736473
2019/09/06/14:48:31.969997,3.26267743111
2019/09/06/14:48:31.973999,3.26307749748
2019/09/06/14:48:31.978162,3.26347756386
2019/09/06/14:48:31.982036,3.26387763023
2019/09/06/14:48:31.986043,3.26427769661
2019/09/06/14:48:31.990050,3.26467776299
2019/09/06/14:48:31.993946,3.26507782936
2019/09/06/14:48:31.998162,3.26547789574
2019/09/06/14:48:32.002081,3.26587796211
2019/09/06/14:48:32.006233,3.26627802849
2019/09/06/14:48:32.009931,3.26667809486
2019/09/06/14:48:32.014217,3.26707816124
2019/09/06/14:48:32.018259,3.26747822762
2019/09/06/14:48:32.022415,3.26787829399
2019/09/06/14:48:32.026241,3.26827836037
2019/09/06/14:48:32.030392,3.26867842674
2019/09/06/14:48:32.034377,3.26907849312
2019/09/06/14:48:32.038041,3.26947855949
2019/09/06/14:48:32.042186,3.26987862587
2019/09/06/14:48:32.046133,3.27027869225
2019/09/06/14:48:32.050132,3.27067875862
2019/09/06/14:48:32.054056,3.271078825
2019/09/06/14:48:32.058169,3.27147889137
2019/09/06/14:48:32.062028,3.27187895775
2019/09/06/14:48:32.066057,3.27227902412
2019/09/06/14:48:32.070211,3.2726790905
2019/09/06/14:48:32.074333,3.27307915688
2019/09/06/14:48:32.078175,3.27347922325
2019/09/06/14:48:32.081960,3.27387928963
2019/09/06/14:48:32.086193,3.274279356
2019/09/06/14:48:32.090156,3.27467942238
2019/09/06/14:48:32.094057,3.27507948875
2019/09/06/14:48:32.098091,3.27547955513
2019/09/06/14:48:32.102091,3.27587962151
2019/09/06/14:48:32.106176,3.27627968788
2019/09/06/14:48:32.110186,3.27667975426
2019/09/06/14:48:32.114185,3.27707982063
2019/09/06/14:48:32.118152,3.27747988701
2019/09/06/14:48:32.122261,3.27787995338
2019/09/06/14:48:32.126200,3.27828001976
2019/09/06/14:48:32.130123,3.27868008614
2019/09/06/14:48:32.134320,3.27908015251
2019/09/06/14:48:32.138328,3.27948021889
2019/09/06/14:48:32.142179,3.27988028526
2019/09/06/14:48:32.146105,3.28028035164
2019/09/06/14:48:32.150200,3.28068041801
2019/09/06/14:48:32.154152,3.28108048439
2019/09/06/14:48:32.158131,3.28148055077
2019/09/06/14:48:32.162224,3.28188061714
2019/09/06/14:48:32.166081,3.28228068352
2019/09/06/14:48:32.170159,3.28268074989
2019/09/06/14:48:32.174045,3.28308081627
2019/09/06/14:48:32.178171,3.28348088264
2019/09/06/14:48:32.182080,3.28388094902
2019/09/06/14:48:32.186255,3.2842810154
2019/09/06/14:48:32.190217,3.28468108177
2019/09/06/14:48:32.194262,3.28508114815
2019/09/06/14:48:32.198351,3.28548121452
2019/09/06/14:48:32.202141,3.2858812809
2019/09/06/14:48:32.206274,3.28628134727
2019/09/06/14:48:32.210250,3.28668141365
2019/09/06/14:48:32.214346,3.28708148003
2019/09/06/14:48:32.218089,3.2874815464
2019/09/06/14:48:32.222101,3.28788161278
2019/09/06/14:48:32.226253,3.28828167915
2019/09/06/14:48:32.230283,3.28868174553
2019/09/06/14:48:32.234276,3.2890818119
2019/09/06/14:48:32.237847,3.28948187828
2019/09/06/14:48:32.242220,3.28988194466
2019/09/06/14:48:32.246039,3.29028201103
2019/09/06/14:48:32.250150,3.29068207741
2019/09/06/14:48:32.254260,3.29108214378
2019/09/06/14:48:32.258288,3.29148221016
2019/09/06/14:48:32.262593,3.29188227654
2019/09/06/14:48:32.266108,3.29228234291
2019/09/06/14:48:32.270238,3.29268240929
2019/09/06/14:48:32.274042,3.29308247566
2019/09/06/14:48:32.278047,3.29348254204
2019/09/06/14:48:32.282204,3.29388260841
2019/09/06/14:48:32.286405,3.29428267479
2019/09/06/14:48:32.290213,3.29468274117
2019/09/06/14:48:32.294115,3.29508280754
2019/09/06/14:48:32.298225,3.29548287392
2019/09/06/14:48:32.302149,3.29588294029
2019/09/06/14:48:32.306124,3.29628300667
2019/09/06/14:48:32.310160,3.29668307304
2019/09/06/14:48:32.314149,3.29708313942
2019/09/06/14:48:32.318208,3.2974832058
2019/09/06/14:48:32.322271,3.29788327217
2019/09/06/14:48:32.326217,3.29828333855
2019/09/06/14:48:32.330129,3.29868340492
2019/09/06/14:48:32.334071,3.2990834713
2019/09/06/14:48:32.337888,3.29948353767
2019/09/06/14:48:32.342233,3.29988360405
2019/09/06/14:48:32.346116,3.30028367043
2019/09/06/14:48:32.350683,3.3006837368
2019/09/06/14:48:32.354414,3.30108380318
2019/09/06/14:48:32.358177,3.30148386955
2019/09/06/14:48:32.362117,3.30188393593
2019/09/06/14:48:32.366265,3.3022840023
2019/09/06/14:48:32.369690,3.30268406868
2019/09/06/14:48:32.374061,3.30308413506
2019/09/06/14:48:32.378348,3.30348420143
2019/09/06/14:48:32.382359,3.30388426781
2019/09/06/14:48:32.386194,3.30428433418
2019/09/06/14:48:32.390081,3.30468440056
2019/09/06/14:48:32.394289,3.30508446693
2019/09/06/14:48:32.398277,3.30548453331
2019/09/06/14:48:32.402151,3.30588459969
2019/09/06/14:48:32.406307,3.30628466606
2019/09/06/14:48:32.410169,3.30668473244
2019/09/06/14:48:32.414285,3.30708479881
2019/09/06/14:48:32.418123,3.30748486519
2019/09/06/14:48:32.422225,3.30788493156
2019/09/06/14:48:32.426274,3.30828499794
2019/09/06/14:48:32.430553,3.30868506432
2019/09/06/14:48:32.434128,3.30908513069
2019/09/06/14:48:32.438076,3.30948519707
2019/09/06/14:48:32.442402,3.30988526344
2019/09/06/14:48:32.446111,3.31028532982
2019/09/06/14:48:32.450181,3.31068539619
2019/09/06/14:48:32.454124,3.31108546257
2019/09/06/14:48:32.458412,3.31148552895
2019/09/06/14:48:32.462092,3.31188559532
2019/09/06/14:48:32.466052,3.3122856617
2019/09/06/14:48:32.470190,3.31268572807
2019/09/06/14:48:32.474335,3.31308579445
2019/09/06/14:48:32.478330,3.31348586082
2019/09/06/14:48:32.482238,3.3138859272
2019/09/06/14:48:32.486140,3.31428599358
2019/09/06/14:48:32.490180,3.31468605995
2019/09/06/14:48:32.494208,3.31508612633
2019/09/06/14:48:32.498302,3.3154861927
2019/09/06/14:48:32.502208,3.31588625908
2019/09/06/14:48:32.506128,3.31628632545
2019/09/06/14:48:32.510213,3.31668639183
2019/09/06/14:48:32.514063,3.31708645821
2019/09/06/14:48:32.518069,3.31748652458
2019/09/06/14:48:32.522130,3.31788659096
2019/09/06/14:48:32.526183,3.31828665733
2019/09/06/14:48:32.530206,3.31868672371
2019/09/06/14:48:32.534117,3.31908679008
2019/09/06/14:48:32.538346,3.31948685646
2019/09/06/14:48:32.542189,3.31988692284
2019/09/06/14:48:32.546257,3.32028698921
2019/09/06/14:48:32.550127,3.32068705559
2019/09/06/14:48:32.554034,3.32108712196
2019/09/06/14:48:32.558128,3.32148718834
2019/09/06/14:48:32.562143,3.32188725471
2019/09/06/14:48:32.565993,3.32228732109
2019/09/06/14:48:32.570210,3.32268738747
2019/09/06/14:48:32.574157,3.32308745384
2019/09/06/14:48:32.578205,3.32348752022
2019/09/06/14:48:32.582035,3.32388758659
2019/09/06/14:48:32.586248,3.32428765297
2019/09/06/14:48:32.590170,3.32468771935
2019/09/06/14:48:32.594193,3.32508778572
2019/09/06/14:48:32.598273,3.3254878521
2019/09/06/14:48:32.602322,3.32588791847
2019/09/06/14:48:32.606198,3.32628798485
2019/09/06/14:48:32.610042,3.32668805122
2019/09/06/14:48:32.614115,3.3270881176
2019/09/06/14:48:32.618293,3.32748818398
2019/09/06/14:48:32.622164,3.32788825035
2019/09/06/14:48:32.625984,3.32828831673
2019/09/06/14:48:32.630051,3.3286883831
2019/09/06/14:48:32.633861,3.32908844948
2019/09/06/14:48:32.638279,3.32948851585
2019/09/06/14:48:32.642243,3.32988858223
2019/09/06/14:48:32.645842,3.33028864861
2019/09/06/14:48:32.650174,3.33068871498
2019/09/06/14:48:32.654126,3.33108878136
2019/09/06/14:48:32.658093,3.33148884773
2019/09/06/14:48:32.662132,3.33188891411
2019/09/06/14:48:32.666225,3.33228898048
2019/09/06/14:48:32.670228,3.33268904686
2019/09/06/14:48:32.673787,3.33308911324
2019/09/06/14:48:32.678133,3.33348917961
2019/09/06/14:48:32.682014,3.33388924599
2019/09/06/14:48:32.686018,3.33428931236
2019/09/06/14:48:32.690230,3.33468937874
2019/09/06/14:48:32.694109,3.33508944511
2019/09/06/14:48:32.698194,3.33548951149
2019/09/06/14:48:32.702206,3.33588957787
2019/09/06/14:48:32.706205,3.33628964424
2019/09/06/14:48:32.710357,3.33668971062
2019/09/06/14:48:32.714153,3.33708977699
2019/09/06/14:48:32.718242,3.33748984337
2019/09/06/14:48:32.722156,3.33788990974
2019/09/06/14:48:32.726148,3.33828997612
2019/09/06/14:48:32.730255,3.3386900425
2019/09/06/14:48:32.734229,3.33909010887
2019/09/06/14:48:32.738299,3.33949017525
2019/09/06/14:48:32.742223,3.33989024162
2019/09/06/14:48:32.746075,3.340290308
2019/09/06/14:48:32.750162,3.34069037437
2019/09/06/14:48:32.754191,3.34109044075
2019/09/06/14:48:32.758235,3.34149050713
2019/09/06/14:48:32.762171,3.3418905735
2019/09/06/14:48:32.766161,3.34229063988
2019/09/06/14:48:32.770110,3.34269070625
2019/09/06/14:48:32.774254,3.34309077263
2019/09/06/14:48:32.778089,3.343490839
2019/09/06/14:48:32.782212,3.34389090538
2019/09/06/14:48:32.786122,3.34429097176
2019/09/06/14:48:32.790078,3.34469103813
2019/09/06/14:48:32.794083,3.34509110451
2019/09/06/14:48:32.798095,3.34549117088
2019/09/06/14:48:32.802089,3.34589123726
2019/09/06/14:48:32.806019,3.34629130363
2019/09/06/14:48:32.810203,3.34669137001
2019/09/06/14:48:32.814221,3.34709143639
2019/09/06/14:48:32.818121,3.34749150276
2019/09/06/14:48:32.821978,3.34789156914
2019/09/06/14:48:32.826105,3.34829163551
2019/09/06/14:48:32.830112,3.34869170189
2019/09/06/14:48:32.834176,3.34909176826
2019/09/06/14:48:32.837741,3.34949183464
2019/09/06/14:48:32.842026,3.34989190102
2019/09/06/14:48:32.845863,3.35029196739
2019/09/06/14:48:32.849959,3.35069203377
2019/09/06/14:48:32.854101,3.35109210014
2019/09/06/14:48:32.857981,3.35149216652
2019/09/06/14:48:32.862174,3.35189223289
2019/09/06/14:48:32.866230,3.35229229927
2019/09/06/14:48:32.870111,3.35269236565
2019/09/06/14:48:32.874105,3.35309243202
2019/09/06/14:48:32.878140,3.3534924984
2019/09/06/14:48:32.882217,3.35389256477
2019/09/06/14:48:32.886092,3.35429263115
2019/09/06/14:48:32.890223,3.35469269753
2019/09/06/14:48:32.894116,3.3550927639
2019/09/06/14:48:32.898251,3.35549283028
2019/09/06/14:48:32.902233,3.35589289665
2019/09/06/14:48:32.906269,3.35629296303
2019/09/06/14:48:32.910134,3.3566930294
2019/09/06/14:48:32.914170,3.35709309578
2019/09/06/14:48:32.918350,3.35749316216
2019/09/06/14:48:32.922087,3.35789322853
2019/09/06/14:48:32.926058,3.35829329491
2019/09/06/14:48:32.929938,3.35869336128
2019/09/06/14:48:32.934092,3.35909342766
2019/09/06/14:48:32.938260,3.35949349403
2019/09/06/14:48:32.942215,3.35989356041
2019/09/06/14:48:32.946065,3.36029362679
2019/09/06/14:48:32.950131,3.36069369316
2019/09/06/14:48:32.954187,3.36109375954
2019/09/06/14:48:32.958282,3.36149382591
2019/09/06/14:48:32.962241,3.36189389229
2019/09/06/14:48:32.966067,3.36229395866
2019/09/06/14:48:32.970104,3.36269402504
2019/09/06/14:48:32.974363,3.36309409142
2019/09/06/14:48:32.978089,3.36349415779
2019/09/06/14:48:32.982040,3.36389422417
2019/09/06/14:48:32.986241,3.36429429054
2019/09/06/14:48:32.990108,3.36469435692
2019/09/06/14:48:32.994215,3.36509442329
2019/09/06/14:48:32.998087,3.36549448967
2019/09/06/14:48:33.002333,3.36589455605
2019/09/06/14:48:33.006161,3.36629462242
2019/09/06/14:48:33.010213,3.3666946888
2019/09/06/14:48:33.014149,3.36709475517
2019/09/06/14:48:33.018181,3.36749482155
2019/09/06/14:48:33.022035,3.36789488792
2019/09/06/14:48:33.026250,3.3682949543
2019/09/06/14:48:33.030113,3.36869502068
2019/09/06/14:48:33.034305,3.36909508705
2019/09/06/14:48:33.038172,3.36949515343
2019/09/06/14:48:33.042029,3.3698952198
2019/09/06/14:48:33.046178,3.37029528618
2019/09/06/14:48:33.050238,3.37069535255
2019/09/06/14:48:33.054021,3.37109541893
2019/09/06/14:48:33.058210,3.37149548531
2019/09/06/14:48:33.062209,3.37189555168
2019/09/06/14:48:33.066064,3.37229561806
2019/09/06/14:48:33.070099,3.37269568443
2019/09/06/14:48:33.074401,3.37309575081
2019/09/06/14:48:33.077938,3.37349581718
2019/09/06/14:48:33.082167,3.37389588356
2019/09/06/14:48:33.086082,3.37429594994
2019/09/06/14:48:33.090140,3.37469601631
2019/09/06/14:48:33.094224,3.37509608269
2019/09/06/14:48:33.098067,3.37549614906
2019/09/06/14:48:33.102161,3.37589621544
2019/09/06/14:48:33.106202,3.37629628181
2019/09/06/14:48:33.110091,3.37669634819
2019/09/06/14:48:33.114105,3.37709641457
2019/09/06/14:48:33.118341,3.37749648094
2019/09/06/14:48:33.122053,3.37789654732
2019/09/06/14:48:33.126203,3.37829661369
2019/09/06/14:48:33.130188,3.37869668007
2019/09/06/14:48:33.134227,3.37909674644
2019/09/06/14:48:33.138182,3.37949681282
2019/09/06/14:48:33.142166,3.3798968792
2019/09/06/14:48:33.146165,3.38029694557
2019/09/06/14:48:33.150088,3.38069701195
2019/09/06/14:48:33.154276,3.38109707832
2019/09/06/14:48:33.158154,3.3814971447
2019/09/06/14:48:33.162400,3.38189721107
2019/09/06/14:48:33.166225,3.38229727745
2019/09/06/14:48:33.170259,3.38269734383
2019/09/06/14:48:33.174273,3.3830974102
2019/09/06/14:48:33.178397,3.38349747658
2019/09/06/14:48:33.182204,3.38389754295
2019/09/06/14:48:33.186099,3.38429760933
2019/09/06/14:48:33.190285,3.3846976757
2019/09/06/14:48:33.193962,3.38509774208
2019/09/06/14:48:33.198000,3.38549780846
2019/09/06/14:48:33.202049,3.38589787483
2019/09/06/14:48:33.206069,3.38629794121
2019/09/06/14:48:33.210006,3.38669800758
2019/09/06/14:48:33.213994,3.38709807396
2019/09/06/14:48:33.218038,3.38749814034
2019/09/06/14:48:33.222142,3.38789820671
2019/09/06/14:48:33.226152,3.38829827309
2019/09/06/14:48:33.229983,3.38869833946
2019/09/06/14:48:33.234014,3.38909840584
2019/09/06/14:48:33.238269,3.38949847221
2019/09/06/14:48:33.242221,3.38989853859
2019/09/06/14:48:33.246063,3.39029860497
2019/09/06/14:48:33.250215,3.39069867134
2019/09/06/14:48:33.254303,3.39109873772
2019/09/06/14:48:33.258248,3.39149880409
2019/09/06/14:48:33.262240,3.39189887047
2019/09/06/14:48:33.266051,3.39229893684
2019/09/06/14:48:33.270511,3.39269900322
2019/09/06/14:48:33.274280,3.3930990696
2019/09/06/14:48:33.278151,3.39349913597
2019/09/06/14:48:33.281881,3.39389920235
2019/09/06/14:48:33.286269,3.39429926872
2019/09/06/14:48:33.290001,3.3946993351
2019/09/06/14:48:33.294126,3.39509940147
2019/09/06/14:48:33.298180,3.39549946785
2019/09/06/14:48:33.302115,3.39589953423
2019/09/06/14:48:33.306239,3.3962996006
2019/09/06/14:48:33.310163,3.39669966698
2019/09/06/14:48:33.314219,3.39709973335
2019/09/06/14:48:33.318626,3.39749979973
2019/09/06/14:48:33.322433,3.3978998661
2019/09/06/14:48:33.326216,3.39829993248
2019/09/06/14:48:33.330078,3.39869999886
2019/09/06/14:48:33.334333,3.39910006523
2019/09/06/14:48:33.338178,3.39950013161
2019/09/06/14:48:33.342117,3.39990019798
2019/09/06/14:48:33.345998,3.40030026436
2019/09/06/14:48:33.350297,3.40070033073
2019/09/06/14:48:33.354122,3.40110039711
2019/09/06/14:48:33.358109,3.40150046349
2019/09/06/14:48:33.362162,3.40190052986
2019/09/06/14:48:33.366116,3.40230059624
2019/09/06/14:48:33.369911,3.40270066261
2019/09/06/14:48:33.373919,3.40310072899
2019/09/06/14:48:33.378138,3.40350079536
2019/09/06/14:48:33.381823,3.40390086174
2019/09/06/14:48:33.386042,3.40430092812
2019/09/06/14:48:33.390223,3.40470099449
2019/09/06/14:48:33.394156,3.40510106087
2019/09/06/14:48:33.398100,3.40550112724
2019/09/06/14:48:33.402068,3.40590119362
2019/09/06/14:48:33.406359,3.40630125999
2019/09/06/14:48:33.410332,3.40670132637
2019/09/06/14:48:33.414342,3.40710139275
2019/09/06/14:48:33.418469,3.40750145912
2019/09/06/14:48:33.422188,3.4079015255
2019/09/06/14:48:33.426230,3.40830159187
2019/09/06/14:48:33.430027,3.40870165825
2019/09/06/14:48:33.434174,3.40910172462
2019/09/06/14:48:33.437928,3.409501791
2019/09/06/14:48:33.442044,3.40990185738
2019/09/06/14:48:33.446224,3.41030192375
2019/09/06/14:48:33.450077,3.41070199013
2019/09/06/14:48:33.454184,3.4111020565
2019/09/06/14:48:33.457982,3.41150212288
2019/09/06/14:48:33.462055,3.41190218925
2019/09/06/14:48:33.466211,3.41230225563
2019/09/06/14:48:33.469990,3.41270232201
2019/09/06/14:48:33.474030,3.41310238838
2019/09/06/14:48:33.478026,3.41350245476
2019/09/06/14:48:33.482438,3.41390252113
2019/09/06/14:48:33.486202,3.41430258751
2019/09/06/14:48:33.490179,3.41470265388
2019/09/06/14:48:33.494178,3.41510272026
2019/09/06/14:48:33.498232,3.41550278664
2019/09/06/14:48:33.502147,3.41590285301
2019/09/06/14:48:33.506269,3.41630291939
2019/09/06/14:48:33.510547,3.41670298576
2019/09/06/14:48:33.514247,3.41710305214
2019/09/06/14:48:33.518329,3.41750311852
2019/09/06/14:48:33.522259,3.41790318489
2019/09/06/14:48:33.526293,3.41830325127
2019/09/06/14:48:33.530251,3.41870331764
2019/09/06/14:48:33.533992,3.41910338402
2019/09/06/14:48:33.537902,3.41950345039
2019/09/06/14:48:33.542027,3.41990351677
2019/09/06/14:48:33.546011,3.42030358315
2019/09/06/14:48:33.550064,3.42070364952
2019/09/06/14:48:33.554137,3.4211037159
2019/09/06/14:48:33.558246,3.42150378227
2019/09/06/14:48:33.562241,3.42190384865
2019/09/06/14:48:33.566281,3.42230391502
2019/09/06/14:48:33.570252,3.4227039814
2019/09/06/14:48:33.574152,3.42310404778
2019/09/06/14:48:33.578122,3.42350411415
2019/09/06/14:48:33.582188,3.42390418053
2019/09/06/14:48:33.586107,3.4243042469
2019/09/06/14:48:33.590209,3.42470431328
2019/09/06/14:48:33.594088,3.42510437965
2019/09/06/14:48:33.598070,3.42550444603
2019/09/06/14:48:33.602175,3.42590451241
2019/09/06/14:48:33.606091,3.42630457878
2019/09/06/14:48:33.610247,3.42670464516
2019/09/06/14:48:33.614150,3.42710471153
2019/09/06/14:48:33.618129,3.42750477791
2019/09/06/14:48:33.622158,3.42790484428
2019/09/06/14:48:33.626183,3.42830491066
2019/09/06/14:48:33.630265,3.42870497704
2019/09/06/14:48:33.634103,3.42910504341
2019/09/06/14:48:33.638309,3.42950510979
2019/09/06/14:48:33.642290,3.42990517616
2019/09/06/14:48:33.646014,3.42990517616
2019/09/06/14:48:33.650035,3.42950510979
2019/09/06/14:48:33.654024,3.42910504341
2019/09/06/14:48:33.658166,3.42870497704
2019/09/06/14:48:33.662103,3.42830491066
2019/09/06/14:48:33.665973,3.42790484428
2019/09/06/14:48:33.670105,3.42750477791
2019/09/06/14:48:33.674150,3.42710471153
2019/09/06/14:48:33.678126,3.42670464516
2019/09/06/14:48:33.682122,3.42630457878
2019/09/06/14:48:33.686044,3.42590451241
2019/09/06/14:48:33.690030,3.42550444603
2019/09/06/14:48:33.694162,3.42510437965
2019/09/06/14:48:33.698161,3.42470431328
2019/09/06/14:48:33.702407,3.4243042469
2019/09/06/14:48:33.706114,3.42390418053
2019/09/06/14:48:33.710234,3.42350411415
2019/09/06/14:48:33.714103,3.42310404778
2019/09/06/14:48:33.718206,3.4227039814
2019/09/06/14:48:33.722146,3.42230391502
2019/09/06/14:48:33.726154,3.42190384865
2019/09/06/14:48:33.730066,3.42150378227
2019/09/06/14:48:33.734072,3.4211037159
2019/09/06/14:48:33.738302,3.42070364952
2019/09/06/14:48:33.742240,3.42070364952
2019/09/06/14:48:33.746211,3.4211037159
2019/09/06/14:48:33.750349,3.42150378227
2019/09/06/14:48:33.754237,3.42190384865
2019/09/06/14:48:33.758196,3.42230391502
2019/09/06/14:48:33.762281,3.4227039814
2019/09/06/14:48:33.766171,3.42310404778
2019/09/06/14:48:33.770243,3.42350411415
2019/09/06/14:48:33.774162,3.42390418053
2019/09/06/14:48:33.778321,3.4243042469
2019/09/06/14:48:33.782251,3.42470431328
2019/09/06/14:48:33.785853,3.42510437965
2019/09/06/14:48:33.790140,3.42550444603
2019/09/06/14:48:33.794188,3.42590451241
2019/09/06/14:48:33.798156,3.42630457878
2019/09/06/14:48:33.802167,3.42670464516
2019/09/06/14:48:33.806311,3.42710471153
2019/09/06/14:48:33.810085,3.42750477791
2019/09/06/14:48:33.814159,3.42790484428
2019/09/06/14:48:33.818242,3.42830491066
2019/09/06/14:48:33.822052,3.42870497704
2019/09/06/14:48:33.826223,3.42910504341
2019/09/06/14:48:33.830303,3.42950510979
2019/09/06/14:48:33.834410,3.42990517616
2019/09/06/14:48:33.838213,3.43030524254
2019/09/06/14:48:33.842207,3.43070530891
2019/09/06/14:48:33.845985,3.43110537529
2019/09/06/14:48:33.850065,3.43150544167
2019/09/06/14:48:33.854074,3.43190550804
2019/09/06/14:48:33.858040,3.43230557442
2019/09/06/14:48:33.862102,3.43270564079
2019/09/06/14:48:33.866188,3.43310570717
2019/09/06/14:48:33.870115,3.43350577354
2019/09/06/14:48:33.874131,3.43390583992
2019/09/06/14:48:33.878046,3.4343059063
2019/09/06/14:48:33.882020,3.43470597267
2019/09/06/14:48:33.886683,3.43510603905
2019/09/06/14:48:33.890054,3.43550610542
2019/09/06/14:48:33.894271,3.4359061718
2019/09/06/14:48:33.898056,3.43630623817
2019/09/06/14:48:33.902170,3.43670630455
2019/09/06/14:48:33.905995,3.43710637093
2019/09/06/14:48:33.910182,3.4375064373
2019/09/06/14:48:33.914237,3.43790650368
2019/09/06/14:48:33.918270,3.43830657005
2019/09/06/14:48:33.922214,3.43870663643
2019/09/06/14:48:33.926088,3.4391067028
2019/09/06/14:48:33.930102,3.43950676918
2019/09/06/14:48:33.934053,3.43990683556
2019/09/06/14:48:33.938268,3.44030690193
2019/09/06/14:48:33.942226,3.44070696831
2019/09/06/14:48:33.946212,3.44110703468
2019/09/06/14:48:33.950160,3.44150710106
2019/09/06/14:48:33.954292,3.44190716743
2019/09/06/14:48:33.958200,3.44230723381
2019/09/06/14:48:33.962148,3.44270730019
2019/09/06/14:48:33.966294,3.44310736656
2019/09/06/14:48:33.970263,3.44350743294
2019/09/06/14:48:33.974216,3.44390749931
2019/09/06/14:48:33.978251,3.44430756569
2019/09/06/14:48:33.982198,3.44470763206
2019/09/06/14:48:33.986221,3.44510769844
2019/09/06/14:48:33.990070,3.44550776482
2019/09/06/14:48:33.994173,3.44590783119
2019/09/06/14:48:33.998122,3.44630789757
2019/09/06/14:48:34.002189,3.44670796394
2019/09/06/14:48:34.006204,3.44710803032
2019/09/06/14:48:34.010429,3.44750809669
2019/09/06/14:48:34.014183,3.44790816307
2019/09/06/14:48:34.018208,3.44830822945
2019/09/06/14:48:34.022299,3.44870829582
2019/09/06/14:48:34.026217,3.4491083622
2019/09/06/14:48:34.030159,3.44950842857
2019/09/06/14:48:34.034447,3.44990849495
2019/09/06/14:48:34.037898,3.45030856133
2019/09/06/14:48:34.042126,3.4507086277
2019/09/06/14:48:34.046204,3.45110869408
2019/09/06/14:48:34.050227,3.45150876045
2019/09/06/14:48:34.054368,3.45190882683
2019/09/06/14:48:34.058168,3.4523088932
2019/09/06/14:48:34.062265,3.45270895958
2019/09/06/14:48:34.066259,3.45310902596
2019/09/06/14:48:34.070244,3.45350909233
2019/09/06/14:48:34.074133,3.45390915871
2019/09/06/14:48:34.078226,3.45430922508
2019/09/06/14:48:34.082280,3.45470929146
2019/09/06/14:48:34.086235,3.45510935783
2019/09/06/14:48:34.090170,3.45550942421
2019/09/06/14:48:34.094176,3.45590949059
2019/09/06/14:48:34.098243,3.45630955696
2019/09/06/14:48:34.102239,3.45670962334
2019/09/06/14:48:34.106046,3.45710968971
2019/09/06/14:48:34.110349,3.45750975609
2019/09/06/14:48:34.114128,3.45790982246
2019/09/06/14:48:34.118099,3.45830988884
2019/09/06/14:48:34.122154,3.45870995522
2019/09/06/14:48:34.126175,3.45911002159
2019/09/06/14:48:34.130141,3.45951008797
2019/09/06/14:48:34.134008,3.45991015434
2019/09/06/14:48:34.138397,3.46031022072
2019/09/06/14:48:34.142148,3.46071028709
2019/09/06/14:48:34.146231,3.46111035347
2019/09/06/14:48:34.150502,3.46151041985
2019/09/06/14:48:34.154310,3.46191048622
2019/09/06/14:48:34.158200,3.4623105526
2019/09/06/14:48:34.162189,3.46271061897
2019/09/06/14:48:34.166461,3.46311068535
2019/09/06/14:48:34.170146,3.46351075172
2019/09/06/14:48:34.174291,3.4639108181
2019/09/06/14:48:34.178144,3.46431088448
2019/09/06/14:48:34.182106,3.46471095085
2019/09/06/14:48:34.185857,3.46511101723
2019/09/06/14:48:34.189858,3.4655110836
2019/09/06/14:48:34.194094,3.46591114998
2019/09/06/14:48:34.198022,3.46631121635
2019/09/06/14:48:34.202185,3.46671128273
2019/09/06/14:48:34.206280,3.46711134911
2019/09/06/14:48:34.210348,3.46751141548
2019/09/06/14:48:34.214229,3.46791148186
2019/09/06/14:48:34.218125,3.46831154823
2019/09/06/14:48:34.222117,3.46871161461
2019/09/06/14:48:34.226178,3.46911168098
2019/09/06/14:48:34.230270,3.46951174736
2019/09/06/14:48:34.234164,3.46991181374
2019/09/06/14:48:34.238113,3.47031188011
2019/09/06/14:48:34.242154,3.47071194649
2019/09/06/14:48:34.246234,3.47111201286
2019/09/06/14:48:34.250182,3.47151207924
2019/09/06/14:48:34.254227,3.47191214561
2019/09/06/14:48:34.258202,3.47231221199
2019/09/06/14:48:34.262185,3.47271227837
2019/09/06/14:48:34.266151,3.47311234474
2019/09/06/14:48:34.270112,3.47351241112
2019/09/06/14:48:34.274052,3.47391247749
2019/09/06/14:48:34.278066,3.47431254387
2019/09/06/14:48:34.282199,3.47471261024
2019/09/06/14:48:34.286403,3.47511267662
2019/09/06/14:48:34.290065,3.475512743
2019/09/06/14:48:34.293954,3.47591280937
2019/09/06/14:48:34.297971,3.47631287575
2019/09/06/14:48:34.302250,3.47671294212
2019/09/06/14:48:34.306125,3.4771130085
2019/09/06/14:48:34.310156,3.47751307487
2019/09/06/14:48:34.314037,3.47791314125
2019/09/06/14:48:34.318084,3.47831320763
2019/09/06/14:48:34.322007,3.478713274
2019/09/06/14:48:34.326137,3.47911334038
2019/09/06/14:48:34.330145,3.47951340675
2019/09/06/14:48:34.334207,3.47991347313
2019/09/06/14:48:34.337982,3.48031353951
2019/09/06/14:48:34.342025,3.48071360588
2019/09/06/14:48:34.346296,3.48111367226
2019/09/06/14:48:34.350447,3.48151373863
2019/09/06/14:48:34.354301,3.48191380501
2019/09/06/14:48:34.357951,3.48231387138
2019/09/06/14:48:34.362256,3.48271393776
2019/09/06/14:48:34.366248,3.48311400414
2019/09/06/14:48:34.370300,3.48351407051
2019/09/06/14:48:34.374214,3.48391413689
2019/09/06/14:48:34.378092,3.48431420326
2019/09/06/14:48:34.382345,3.48471426964
2019/09/06/14:48:34.386155,3.48511433601
2019/09/06/14:48:34.390322,3.48551440239
2019/09/06/14:48:34.394016,3.48591446877
2019/09/06/14:48:34.397990,3.48631453514
2019/09/06/14:48:34.402055,3.48671460152
2019/09/06/14:48:34.406129,3.48711466789
2019/09/06/14:48:34.410112,3.48751473427
2019/09/06/14:48:34.414046,3.48791480064
2019/09/06/14:48:34.417936,3.48831486702
2019/09/06/14:48:34.422166,3.4887149334
2019/09/06/14:48:34.426226,3.48911499977
2019/09/06/14:48:34.430316,3.48951506615
2019/09/06/14:48:34.434119,3.48991513252
2019/09/06/14:48:34.438131,3.4903151989
2019/09/06/14:48:34.442284,3.49071526527
2019/09/06/14:48:34.446188,3.49111533165
2019/09/06/14:48:34.450161,3.49151539803
2019/09/06/14:48:34.454178,3.4919154644
2019/09/06/14:48:34.458383,3.49231553078
2019/09/06/14:48:34.462286,3.49271559715
2019/09/06/14:48:34.466023,3.49311566353
2019/09/06/14:48:34.470385,3.4935157299
2019/09/06/14:48:34.474252,3.49391579628
2019/09/06/14:48:34.478340,3.49431586266
2019/09/06/14:48:34.482215,3.49471592903
2019/09/06/14:48:34.486058,3.49511599541
2019/09/06/14:48:34.490059,3.49551606178
2019/09/06/14:48:34.493903,3.49591612816
2019/09/06/14:48:34.498042,3.49631619453
2019/09/06/14:48:34.502166,3.49671626091
2019/09/06/14:48:34.506133,3.49711632729
2019/09/06/14:48:34.510205,3.49751639366
2019/09/06/14:48:34.514274,3.49791646004
2019/09/06/14:48:34.518332,3.49831652641
2019/09/06/14:48:34.522193,3.49871659279
2019/09/06/14:48:34.526315,3.49911665916
2019/09/06/14:48:34.530167,3.49951672554
2019/09/06/14:48:34.534103,3.49991679192
2019/09/06/14:48:34.537904,3.50031685829
2019/09/06/14:48:34.542292,3.50071692467
2019/09/06/14:48:34.546075,3.50111699104
2019/09/06/14:48:34.549903,3.50151705742
2019/09/06/14:48:34.554223,3.50191712379
2019/09/06/14:48:34.558057,3.50231719017
2019/09/06/14:48:34.561996,3.50271725655
2019/09/06/14:48:34.565919,3.50311732292
2019/09/06/14:48:34.570062,3.5035173893
2019/09/06/14:48:34.574178,3.50391745567
2019/09/06/14:48:34.578312,3.50431752205
2019/09/06/14:48:34.582251,3.50471758842
2019/09/06/14:48:34.585964,3.5051176548
2019/09/06/14:48:34.590082,3.50551772118
2019/09/06/14:48:34.594496,3.50591778755
2019/09/06/14:48:34.598283,3.50631785393
2019/09/06/14:48:34.602214,3.5067179203
2019/09/06/14:48:34.606056,3.50711798668
2019/09/06/14:48:34.610145,3.50751805305
2019/09/06/14:48:34.614147,3.50791811943
2019/09/06/14:48:34.618319,3.50831818581
2019/09/06/14:48:34.622291,3.50871825218
2019/09/06/14:48:34.626089,3.50911831856
2019/09/06/14:48:34.630259,3.50951838493
2019/09/06/14:48:34.634168,3.50991845131
2019/09/06/14:48:34.637721,3.51031851768
2019/09/06/14:48:34.641921,3.51071858406
2019/09/06/14:48:34.646160,3.51111865044
2019/09/06/14:48:34.649915,3.51151871681
2019/09/06/14:48:34.654082,3.51191878319
2019/09/06/14:48:34.658119,3.51231884956
2019/09/06/14:48:34.662160,3.51271891594
2019/09/06/14:48:34.666179,3.51311898232
2019/09/06/14:48:34.670092,3.51351904869
2019/09/06/14:48:34.674047,3.51391911507
2019/09/06/14:48:34.678207,3.51431918144
2019/09/06/14:48:34.682164,3.51471924782
2019/09/06/14:48:34.686203,3.51511931419
2019/09/06/14:48:34.690194,3.51551938057
2019/09/06/14:48:34.694608,3.51591944695
2019/09/06/14:48:34.698108,3.51631951332
2019/09/06/14:48:34.702022,3.5167195797
2019/09/06/14:48:34.706140,3.51711964607
2019/09/06/14:48:34.710101,3.51751971245
2019/09/06/14:48:34.714081,3.51791977882
2019/09/06/14:48:34.718115,3.5183198452
2019/09/06/14:48:34.721976,3.51871991158
2019/09/06/14:48:34.726264,3.51911997795
2019/09/06/14:48:34.730412,3.51952004433
2019/09/06/14:48:34.733818,3.5199201107
2019/09/06/14:48:34.738103,3.52032017708
2019/09/06/14:48:34.741918,3.52072024345
2019/09/06/14:48:34.746196,3.52112030983
2019/09/06/14:48:34.750032,3.52152037621
2019/09/06/14:48:34.754219,3.52192044258
2019/09/06/14:48:34.758172,3.52232050896
2019/09/06/14:48:34.762188,3.52272057533
2019/09/06/14:48:34.766265,3.52312064171
2019/09/06/14:48:34.770113,3.52352070808
2019/09/06/14:48:34.774148,3.52392077446
2019/09/06/14:48:34.778221,3.52432084084
2019/09/06/14:48:34.782104,3.52472090721
2019/09/06/14:48:34.786060,3.52512097359
2019/09/06/14:48:34.790144,3.52552103996
2019/09/06/14:48:34.794163,3.52592110634
2019/09/06/14:48:34.797870,3.52632117271
2019/09/06/14:48:34.802063,3.52672123909
2019/09/06/14:48:34.806170,3.52712130547
2019/09/06/14:48:34.810096,3.52752137184
2019/09/06/14:48:34.814250,3.52792143822
2019/09/06/14:48:34.818113,3.52832150459
2019/09/06/14:48:34.822121,3.52872157097
2019/09/06/14:48:34.826082,3.52912163734
2019/09/06/14:48:34.830133,3.52952170372
2019/09/06/14:48:34.834040,3.5299217701
2019/09/06/14:48:34.838159,3.53032183647
2019/09/06/14:48:34.842025,3.53072190285
2019/09/06/14:48:34.846152,3.53112196922
2019/09/06/14:48:34.850142,3.5315220356
2019/09/06/14:48:34.854230,3.53192210197
2019/09/06/14:48:34.858077,3.53232216835
2019/09/06/14:48:34.862137,3.53272223473
2019/09/06/14:48:34.866313,3.5331223011
2019/09/06/14:48:34.870176,3.53352236748
2019/09/06/14:48:34.874157,3.53392243385
2019/09/06/14:48:34.878273,3.53432250023
2019/09/06/14:48:34.882222,3.5347225666
2019/09/06/14:48:34.886155,3.53512263298
2019/09/06/14:48:34.890204,3.53552269936
2019/09/06/14:48:34.894186,3.53592276573
2019/09/06/14:48:34.898382,3.53632283211
2019/09/06/14:48:34.902177,3.53672289848
2019/09/06/14:48:34.906289,3.53712296486
2019/09/06/14:48:34.909999,3.53752303123
2019/09/06/14:48:34.914092,3.53792309761
2019/09/06/14:48:34.918355,3.53832316399
2019/09/06/14:48:34.922395,3.53872323036
2019/09/06/14:48:34.926194,3.53912329674
2019/09/06/14:48:34.930522,3.53952336311
2019/09/06/14:48:34.934072,3.53992342949
2019/09/06/14:48:34.938285,3.54032349586
2019/09/06/14:48:34.942035,3.54072356224
2019/09/06/14:48:34.946183,3.54112362862
2019/09/06/14:48:34.950051,3.54152369499
2019/09/06/14:48:34.954036,3.54192376137
2019/09/06/14:48:34.958003,3.54232382774
2019/09/06/14:48:34.962125,3.54272389412
2019/09/06/14:48:34.966298,3.54312396049
2019/09/06/14:48:34.970387,3.54352402687
2019/09/06/14:48:34.974303,3.54392409325
2019/09/06/14:48:34.978175,3.54432415962
2019/09/06/14:48:34.982184,3.544724226
2019/09/06/14:48:34.986270,3.54512429237
2019/09/06/14:48:34.990183,3.54552435875
2019/09/06/14:48:34.994229,3.54592442513
2019/09/06/14:48:34.998208,3.5463244915
2019/09/06/14:48:35.002085,3.54672455788
2019/09/06/14:48:35.006136,3.54712462425
2019/09/06/14:48:35.010142,3.54752469063
2019/09/06/14:48:35.014150,3.547924757
2019/09/06/14:48:35.018300,3.54832482338
2019/09/06/14:48:35.022211,3.54872488976
2019/09/06/14:48:35.026255,3.54912495613
2019/09/06/14:48:35.030337,3.54952502251
2019/09/06/14:48:35.034384,3.54992508888
2019/09/06/14:48:35.038243,3.55032515526
2019/09/06/14:48:35.042444,3.55072522163
2019/09/06/14:48:35.046114,3.55112528801
2019/09/06/14:48:35.050232,3.55152535439
2019/09/06/14:48:35.054178,3.55192542076
2019/09/06/14:48:35.058337,3.55232548714
2019/09/06/14:48:35.062241,3.55272555351
2019/09/06/14:48:35.066159,3.55312561989
2019/09/06/14:48:35.070256,3.55352568626
2019/09/06/14:48:35.074187,3.55392575264
2019/09/06/14:48:35.078189,3.55432581902
2019/09/06/14:48:35.082263,3.55472588539
2019/09/06/14:48:35.086175,3.55512595177
2019/09/06/14:48:35.090081,3.55552601814
2019/09/06/14:48:35.094110,3.55592608452
2019/09/06/14:48:35.098090,3.55632615089
2019/09/06/14:48:35.102195,3.55672621727
2019/09/06/14:48:35.106107,3.55712628365
2019/09/06/14:48:35.110093,3.55752635002
2019/09/06/14:48:35.114306,3.5579264164
2019/09/06/14:48:35.118113,3.55832648277
2019/09/06/14:48:35.122192,3.55872654915
2019/09/06/14:48:35.126040,3.55912661552
2019/09/06/14:48:35.130300,3.5595266819
2019/09/06/14:48:35.134216,3.55992674828
2019/09/06/14:48:35.138096,3.56032681465
2019/09/06/14:48:35.142103,3.56072688103
2019/09/06/14:48:35.146111,3.5611269474
2019/09/06/14:48:35.150081,3.56152701378
2019/09/06/14:48:35.154092,3.56192708015
2019/09/06/14:48:35.158222,3.56232714653
2019/09/06/14:48:35.162217,3.56272721291
2019/09/06/14:48:35.166196,3.56312727928
2019/09/06/14:48:35.170405,3.56352734566
2019/09/06/14:48:35.174407,3.56392741203
2019/09/06/14:48:35.178156,3.56432747841
2019/09/06/14:48:35.182399,3.56472754478
2019/09/06/14:48:35.186127,3.56512761116
2019/09/06/14:48:35.190188,3.56552767754
2019/09/06/14:48:35.194097,3.56592774391
2019/09/06/14:48:35.198149,3.56632781029
2019/09/06/14:48:35.202169,3.56672787666
2019/09/06/14:48:35.206263,3.56712794304
2019/09/06/14:48:35.210209,3.56752800941
2019/09/06/14:48:35.214320,3.56792807579
2019/09/06/14:48:35.218293,3.56832814217
2019/09/06/14:48:35.222172,3.56872820854
2019/09/06/14:48:35.226204,3.56912827492
2019/09/06/14:48:35.230208,3.56952834129
2019/09/06/14:48:35.234152,3.56992840767
2019/09/06/14:48:35.238317,3.57032847404
2019/09/06/14:48:35.242217,3.57072854042
2019/09/06/14:48:35.245949,3.5711286068
2019/09/06/14:48:35.250129,3.57152867317
2019/09/06/14:48:35.254111,3.57192873955
2019/09/06/14:48:35.258158,3.57232880592
2019/09/06/14:48:35.262221,3.5727288723
2019/09/06/14:48:35.266297,3.57312893867
2019/09/06/14:48:35.270222,3.57352900505
2019/09/06/14:48:35.274326,3.57392907143
2019/09/06/14:48:35.278202,3.5743291378
2019/09/06/14:48:35.282239,3.57472920418
2019/09/06/14:48:35.286409,3.57512927055
2019/09/06/14:48:35.290222,3.57552933693
2019/09/06/14:48:35.294345,3.57592940331
2019/09/06/14:48:35.298203,3.57632946968
2019/09/06/14:48:35.302396,3.57672953606
2019/09/06/14:48:35.306083,3.57712960243
2019/09/06/14:48:35.310156,3.57752966881
2019/09/06/14:48:35.314290,3.57792973518
2019/09/06/14:48:35.318200,3.57832980156
2019/09/06/14:48:35.322190,3.57872986794
2019/09/06/14:48:35.326159,3.57912993431
2019/09/06/14:48:35.330227,3.57953000069
2019/09/06/14:48:35.334263,3.57993006706
2019/09/06/14:48:35.338308,3.58033013344
2019/09/06/14:48:35.342128,3.58073019981
2019/09/06/14:48:35.346047,3.58113026619
2019/09/06/14:48:35.349999,3.58153033257
2019/09/06/14:48:35.354011,3.58193039894
2019/09/06/14:48:35.358214,3.58233046532
2019/09/06/14:48:35.362303,3.58273053169
2019/09/06/14:48:35.366355,3.58313059807
2019/09/06/14:48:35.370201,3.58353066444
2019/09/06/14:48:35.374190,3.58393073082
2019/09/06/14:48:35.378260,3.5843307972
2019/09/06/14:48:35.382228,3.58473086357
2019/09/06/14:48:35.386200,3.58513092995
2019/09/06/14:48:35.390208,3.58553099632
2019/09/06/14:48:35.394337,3.5859310627
2019/09/06/14:48:35.398411,3.58633112907
2019/09/06/14:48:35.402416,3.58673119545
2019/09/06/14:48:35.406081,3.58713126183
2019/09/06/14:48:35.410229,3.5875313282
2019/09/06/14:48:35.414186,3.58793139458
2019/09/06/14:48:35.418201,3.58833146095
2019/09/06/14:48:35.422003,3.58873152733
2019/09/06/14:48:35.426205,3.5891315937
2019/09/06/14:48:35.430134,3.58953166008
2019/09/06/14:48:35.434183,3.58993172646
2019/09/06/14:48:35.437922,3.59033179283
2019/09/06/14:48:35.441945,3.59073185921
2019/09/06/14:48:35.446168,3.59113192558
2019/09/06/14:48:35.450103,3.59153199196
2019/09/06/14:48:35.454020,3.59193205833
2019/09/06/14:48:35.457921,3.59233212471
2019/09/06/14:48:35.462318,3.59273219109
2019/09/06/14:48:35.466040,3.59313225746
2019/09/06/14:48:35.469989,3.59353232384
2019/09/06/14:48:35.474011,3.59393239021
2019/09/06/14:48:35.478052,3.59433245659
2019/09/06/14:48:35.481982,3.59473252296
2019/09/06/14:48:35.486036,3.59513258934
2019/09/06/14:48:35.489942,3.59553265572
2019/09/06/14:48:35.494011,3.59593272209
2019/09/06/14:48:35.498014,3.59633278847
2019/09/06/14:48:35.502046,3.59673285484
2019/09/06/14:48:35.506200,3.59713292122
2019/09/06/14:48:35.510224,3.59753298759
2019/09/06/14:48:35.514225,3.59793305397
2019/09/06/14:48:35.518204,3.59833312035
2019/09/06/14:48:35.522231,3.59873318672
2019/09/06/14:48:35.526171,3.5991332531
2019/09/06/14:48:35.530123,3.59953331947
2019/09/06/14:48:35.535329,3.59993338585
2019/09/06/14:48:35.538001,3.60033345222
2019/09/06/14:48:35.542242,3.6007335186
2019/09/06/14:48:35.546110,3.60113358498
2019/09/06/14:48:35.550131,3.60153365135
2019/09/06/14:48:35.554195,3.60193371773
2019/09/06/14:48:35.558171,3.6023337841
2019/09/06/14:48:35.562199,3.60273385048
2019/09/06/14:48:35.567813,3.60313391685
2019/09/06/14:48:35.570139,3.60353398323
2019/09/06/14:48:35.574041,3.60393404961
2019/09/06/14:48:35.578308,3.60433411598
2019/09/06/14:48:35.582288,3.60473418236
2019/09/06/14:48:35.586270,3.60513424873
2019/09/06/14:48:35.590088,3.60553431511
2019/09/06/14:48:35.594184,3.60593438148
2019/09/06/14:48:35.598093,3.60633444786
2019/09/06/14:48:35.602130,3.60673451424
2019/09/06/14:48:35.606137,3.60713458061
2019/09/06/14:48:35.610199,3.60753464699
2019/09/06/14:48:35.614384,3.60793471336
2019/09/06/14:48:35.618243,3.60833477974
2019/09/06/14:48:35.622235,3.60873484612
2019/09/06/14:48:35.626169,3.60913491249
2019/09/06/14:48:35.630265,3.60953497887
2019/09/06/14:48:35.634175,3.60993504524
2019/09/06/14:48:35.638202,3.61033511162
2019/09/06/14:48:35.642094,3.61073517799
2019/09/06/14:48:35.646187,3.61113524437
2019/09/06/14:48:35.650267,3.61153531075
2019/09/06/14:48:35.654145,3.61193537712
2019/09/06/14:48:35.658031,3.6123354435
2019/09/06/14:48:35.662110,3.61273550987
2019/09/06/14:48:35.666173,3.61313557625
2019/09/06/14:48:35.670435,3.61353564262
2019/09/06/14:48:35.674196,3.613935709
2019/09/06/14:48:35.677959,3.61433577538
2019/09/06/14:48:35.682059,3.61473584175
2019/09/06/14:48:35.685989,3.61513590813
2019/09/06/14:48:35.690057,3.6155359745
2019/09/06/14:48:35.693949,3.61593604088
2019/09/06/14:48:35.697964,3.61633610725
2019/09/06/14:48:35.701970,3.61673617363
2019/09/06/14:48:35.706084,3.61713624001
2019/09/06/14:48:35.710204,3.61753630638
2019/09/06/14:48:35.714201,3.61793637276
2019/09/06/14:48:35.718385,3.61833643913
2019/09/06/14:48:35.722248,3.61873650551
2019/09/06/14:48:35.726520,3.61913657188
2019/09/06/14:48:35.730095,3.61953663826
2019/09/06/14:48:35.734242,3.61993670464
2019/09/06/14:48:35.737836,3.62033677101
2019/09/06/14:48:35.742215,3.62073683739
2019/09/06/14:48:35.746256,3.62113690376
2019/09/06/14:48:35.750290,3.62153697014
2019/09/06/14:48:35.754041,3.62193703651
2019/09/06/14:48:35.758137,3.62233710289
2019/09/06/14:48:35.762135,3.62273716927
2019/09/06/14:48:35.766340,3.62313723564
2019/09/06/14:48:35.770104,3.62353730202
2019/09/06/14:48:35.774161,3.62393736839
2019/09/06/14:48:35.778461,3.62433743477
2019/09/06/14:48:35.782293,3.62473750114
2019/09/06/14:48:35.786132,3.62513756752
2019/09/06/14:48:35.790168,3.6255376339
2019/09/06/14:48:35.794225,3.62593770027
2019/09/06/14:48:35.798274,3.62633776665
2019/09/06/14:48:35.802370,3.62673783302
2019/09/06/14:48:35.806214,3.6271378994
2019/09/06/14:48:35.809721,3.62753796577
2019/09/06/14:48:35.814114,3.62793803215
2019/09/06/14:48:35.818156,3.62833809853
2019/09/06/14:48:35.822283,3.6287381649
2019/09/06/14:48:35.826149,3.62913823128
2019/09/06/14:48:35.830144,3.62953829765
2019/09/06/14:48:35.833869,3.62993836403
2019/09/06/14:48:35.838244,3.6303384304
2019/09/06/14:48:35.842227,3.63073849678
2019/09/06/14:48:35.846226,3.63113856316
2019/09/06/14:48:35.850047,3.63153862953
2019/09/06/14:48:35.854105,3.63193869591
2019/09/06/14:48:35.858120,3.63233876228
2019/09/06/14:48:35.862190,3.63273882866
2019/09/06/14:48:35.866367,3.63313889503
2019/09/06/14:48:35.870311,3.63353896141
2019/09/06/14:48:35.874123,3.63393902779
2019/09/06/14:48:35.878220,3.63433909416
2019/09/06/14:48:35.882091,3.63473916054
2019/09/06/14:48:35.886132,3.63513922691
2019/09/06/14:48:35.889984,3.63553929329
2019/09/06/14:48:35.894159,3.63593935966
2019/09/06/14:48:35.898415,3.63633942604
2019/09/06/14:48:35.902241,3.63673949242
2019/09/06/14:48:35.906307,3.63713955879
2019/09/06/14:48:35.910319,3.63753962517
2019/09/06/14:48:35.914313,3.63793969154
2019/09/06/14:48:35.918254,3.63833975792
2019/09/06/14:48:35.922203,3.6387398243
2019/09/06/14:48:35.926620,3.63913989067
2019/09/06/14:48:35.930235,3.63953995705
2019/09/06/14:48:35.934053,3.63994002342
2019/09/06/14:48:35.938150,3.6403400898
2019/09/06/14:48:35.942209,3.64074015617
2019/09/06/14:48:35.946382,3.64114022255
2019/09/06/14:48:35.950284,3.64154028893
2019/09/06/14:48:35.954134,3.6419403553
2019/09/06/14:48:35.958339,3.64234042168
2019/09/06/14:48:35.962183,3.64274048805
2019/09/06/14:48:35.966180,3.64314055443
2019/09/06/14:48:35.970080,3.6435406208
2019/09/06/14:48:35.974679,3.64394068718
2019/09/06/14:48:35.978174,3.64434075356
2019/09/06/14:48:35.982291,3.64474081993
2019/09/06/14:48:35.986197,3.64514088631
2019/09/06/14:48:35.990266,3.64554095268
2019/09/06/14:48:35.994213,3.64594101906
2019/09/06/14:48:35.998281,3.64634108543
2019/09/06/14:48:36.002122,3.64674115181
2019/09/06/14:48:36.006236,3.64714121819
2019/09/06/14:48:36.010060,3.64754128456
2019/09/06/14:48:36.014296,3.64794135094
2019/09/06/14:48:36.018285,3.64834141731
2019/09/06/14:48:36.022321,3.64874148369
2019/09/06/14:48:36.026246,3.64914155006
2019/09/06/14:48:36.030131,3.64954161644
2019/09/06/14:48:36.034158,3.64994168282
2019/09/06/14:48:36.038258,3.65034174919
2019/09/06/14:48:36.042144,3.65074181557
2019/09/06/14:48:36.046125,3.65114188194
2019/09/06/14:48:36.050209,3.65154194832
2019/09/06/14:48:36.054039,3.65194201469
2019/09/06/14:48:36.058471,3.65234208107
2019/09/06/14:48:36.062340,3.65274214745
2019/09/06/14:48:36.066350,3.65314221382
2019/09/06/14:48:36.070285,3.6535422802
2019/09/06/14:48:36.074317,3.65394234657
2019/09/06/14:48:36.078012,3.65434241295
2019/09/06/14:48:36.082023,3.65474247932
2019/09/06/14:48:36.086180,3.6551425457
2019/09/06/14:48:36.090300,3.65554261208
2019/09/06/14:48:36.094157,3.65594267845
2019/09/06/14:48:36.098157,3.65634274483
2019/09/06/14:48:36.102136,3.6567428112
2019/09/06/14:48:36.106311,3.65714287758
2019/09/06/14:48:36.110069,3.65754294395
2019/09/06/14:48:36.113960,3.65794301033
2019/09/06/14:48:36.118119,3.65834307671
2019/09/06/14:48:36.122087,3.65874314308
2019/09/06/14:48:36.126089,3.65914320946
2019/09/06/14:48:36.130098,3.65954327583
2019/09/06/14:48:36.134018,3.65994334221
2019/09/06/14:48:36.137961,3.66034340858
2019/09/06/14:48:36.142212,3.66074347496
2019/09/06/14:48:36.146169,3.66114354134
2019/09/06/14:48:36.149940,3.66154360771
2019/09/06/14:48:36.154104,3.66194367409
2019/09/06/14:48:36.157991,3.66234374046
2019/09/06/14:48:36.162046,3.66274380684
2019/09/06/14:48:36.166010,3.66314387321
2019/09/06/14:48:36.170091,3.66354393959
2019/09/06/14:48:36.174087,3.66394400597
2019/09/06/14:48:36.178086,3.66434407234
2019/09/06/14:48:36.181970,3.66474413872
2019/09/06/14:48:36.186246,3.66514420509
2019/09/06/14:48:36.190374,3.66554427147
2019/09/06/14:48:36.194546,3.66594433784
2019/09/06/14:48:36.198064,3.66634440422
2019/09/06/14:48:36.202113,3.6667444706
2019/09/06/14:48:36.206235,3.66714453697
2019/09/06/14:48:36.210010,3.66754460335
2019/09/06/14:48:36.214020,3.66794466972
2019/09/06/14:48:36.218217,3.6683447361
2019/09/06/14:48:36.222047,3.66874480247
2019/09/06/14:48:36.226214,3.66914486885
2019/09/06/14:48:36.230164,3.66954493523
2019/09/06/14:48:36.234095,3.6699450016
2019/09/06/14:48:36.237993,3.67034506798
2019/09/06/14:48:36.241985,3.67074513435
2019/09/06/14:48:36.246014,3.67114520073
2019/09/06/14:48:36.250092,3.67154526711
2019/09/06/14:48:36.254073,3.67194533348
2019/09/06/14:48:36.258444,3.67234539986
2019/09/06/14:48:36.261985,3.67274546623
2019/09/06/14:48:36.265974,3.67314553261
2019/09/06/14:48:36.270245,3.67354559898
2019/09/06/14:48:36.273991,3.67394566536
2019/09/06/14:48:36.278032,3.67434573174
2019/09/06/14:48:36.281966,3.67474579811
2019/09/06/14:48:36.285904,3.67514586449
2019/09/06/14:48:36.290435,3.67554593086
2019/09/06/14:48:36.294112,3.67594599724
2019/09/06/14:48:36.298280,3.67634606361
2019/09/06/14:48:36.301893,3.67674612999
2019/09/06/14:48:36.306011,3.67714619637
2019/09/06/14:48:36.310162,3.67754626274
2019/09/06/14:48:36.314186,3.67794632912
2019/09/06/14:48:36.318138,3.67834639549
2019/09/06/14:48:36.322168,3.67874646187
2019/09/06/14:48:36.326128,3.67914652824
2019/09/06/14:48:36.330118,3.67954659462
2019/09/06/14:48:36.334132,3.679946661
2019/09/06/14:48:36.337873,3.68034672737
2019/09/06/14:48:36.342259,3.68074679375
2019/09/06/14:48:36.346051,3.68114686012
2019/09/06/14:48:36.350183,3.6815469265
2019/09/06/14:48:36.354131,3.68194699287
2019/09/06/14:48:36.358302,3.68234705925
2019/09/06/14:48:36.362273,3.68274712563
2019/09/06/14:48:36.366229,3.683147192
2019/09/06/14:48:36.370054,3.68354725838
2019/09/06/14:48:36.374321,3.68394732475
2019/09/06/14:48:36.378158,3.68434739113
2019/09/06/14:48:36.382025,3.6847474575
2019/09/06/14:48:36.386166,3.68514752388
2019/09/06/14:48:36.390193,3.68554759026
2019/09/06/14:48:36.394164,3.68594765663
2019/09/06/14:48:36.398360,3.68634772301
2019/09/06/14:48:36.402128,3.68674778938
2019/09/06/14:48:36.406271,3.68714785576
2019/09/06/14:48:36.410113,3.68754792213
2019/09/06/14:48:36.414202,3.68794798851
2019/09/06/14:48:36.418000,3.68834805489
2019/09/06/14:48:36.422181,3.68874812126
2019/09/06/14:48:36.426190,3.68914818764
2019/09/06/14:48:36.430003,3.68954825401
2019/09/06/14:48:36.434023,3.68994832039
2019/09/06/14:48:36.438164,3.69034838676
2019/09/06/14:48:36.442261,3.69074845314
2019/09/06/14:48:36.445996,3.69114851952
2019/09/06/14:48:36.450254,3.69154858589
2019/09/06/14:48:36.453972,3.69194865227
2019/09/06/14:48:36.458183,3.69234871864
2019/09/06/14:48:36.462162,3.69274878502
2019/09/06/14:48:36.466268,3.69314885139
2019/09/06/14:48:36.470313,3.69354891777
2019/09/06/14:48:36.473945,3.69394898415
2019/09/06/14:48:36.478201,3.69434905052
2019/09/06/14:48:36.482145,3.6947491169
2019/09/06/14:48:36.486008,3.69514918327
2019/09/06/14:48:36.490261,3.69554924965
2019/09/06/14:48:36.494058,3.69594931602
2019/09/06/14:48:36.498093,3.6963493824
2019/09/06/14:48:36.502092,3.69674944878
2019/09/06/14:48:36.506271,3.69714951515
2019/09/06/14:48:36.510334,3.69754958153
2019/09/06/14:48:36.514354,3.6979496479
2019/09/06/14:48:36.518061,3.69834971428
2019/09/06/14:48:36.522290,3.69874978065
2019/09/06/14:48:36.526159,3.69914984703
2019/09/06/14:48:36.530089,3.69954991341
2019/09/06/14:48:36.534270,3.69994997978
2019/09/06/14:48:36.538302,3.70035004616
2019/09/06/14:48:36.542151,3.70075011253
2019/09/06/14:48:36.546041,3.70115017891
2019/09/06/14:48:36.550143,3.70155024529
2019/09/06/14:48:36.554137,3.70195031166
2019/09/06/14:48:36.558339,3.70235037804
2019/09/06/14:48:36.562283,3.70275044441
2019/09/06/14:48:36.566386,3.70315051079
2019/09/06/14:48:36.570151,3.70355057716
2019/09/06/14:48:36.574213,3.70395064354
2019/09/06/14:48:36.578303,3.70435070992
2019/09/06/14:48:36.582130,3.70475077629
2019/09/06/14:48:36.585875,3.70515084267
2019/09/06/14:48:36.590053,3.70555090904
2019/09/06/14:48:36.594372,3.70595097542
2019/09/06/14:48:36.598085,3.70635104179
2019/09/06/14:48:36.602257,3.70675110817
2019/09/06/14:48:36.606130,3.70715117455
2019/09/06/14:48:36.610324,3.70755124092
2019/09/06/14:48:36.614368,3.7079513073
2019/09/06/14:48:36.618510,3.70835137367
2019/09/06/14:48:36.622145,3.70875144005
2019/09/06/14:48:36.626054,3.70915150642
2019/09/06/14:48:36.630050,3.7095515728
2019/09/06/14:48:36.634283,3.70995163918
2019/09/06/14:48:36.638197,3.71035170555
2019/09/06/14:48:36.642119,3.71075177193
2019/09/06/14:48:36.646054,3.7111518383
2019/09/06/14:48:36.650021,3.71155190468
2019/09/06/14:48:36.653957,3.71195197105
2019/09/06/14:48:36.658313,3.71235203743
2019/09/06/14:48:36.662184,3.71275210381
2019/09/06/14:48:36.666203,3.71315217018
2019/09/06/14:48:36.670232,3.71355223656
2019/09/06/14:48:36.674067,3.71395230293
2019/09/06/14:48:36.678059,3.71435236931
2019/09/06/14:48:36.682154,3.71475243568
2019/09/06/14:48:36.686271,3.71515250206
2019/09/06/14:48:36.690117,3.71555256844
2019/09/06/14:48:36.694286,3.71595263481
2019/09/06/14:48:36.698138,3.71635270119
2019/09/06/14:48:36.701972,3.71675276756
2019/09/06/14:48:36.706071,3.71715283394
2019/09/06/14:48:36.709987,3.71755290031
2019/09/06/14:48:36.714118,3.71795296669
2019/09/06/14:48:36.718177,3.71835303307
2019/09/06/14:48:36.722116,3.71875309944
2019/09/06/14:48:36.725944,3.71915316582
2019/09/06/14:48:36.730197,3.71955323219
2019/09/06/14:48:36.733749,3.71995329857
2019/09/06/14:48:36.738086,3.72035336494
2019/09/06/14:48:36.742152,3.72075343132
2019/09/06/14:48:36.746199,3.7211534977
2019/09/06/14:48:36.750050,3.72155356407
2019/09/06/14:48:36.754037,3.72195363045
2019/09/06/14:48:36.758056,3.72235369682
2019/09/06/14:48:36.762180,3.7227537632
2019/09/06/14:48:36.766168,3.72315382957
2019/09/06/14:48:36.770086,3.72355389595
2019/09/06/14:48:36.774154,3.72395396233
2019/09/06/14:48:36.778117,3.7243540287
2019/09/06/14:48:36.782134,3.72475409508
2019/09/06/14:48:36.786131,3.72515416145
2019/09/06/14:48:36.790388,3.72555422783
2019/09/06/14:48:36.794120,3.7259542942
2019/09/06/14:48:36.798230,3.72635436058
2019/09/06/14:48:36.802171,3.72675442696
2019/09/06/14:48:36.806289,3.72715449333
2019/09/06/14:48:36.810301,3.72755455971
2019/09/06/14:48:36.814178,3.72795462608
2019/09/06/14:48:36.818187,3.72835469246
2019/09/06/14:48:36.822080,3.72875475883
2019/09/06/14:48:36.826136,3.72915482521
2019/09/06/14:48:36.830237,3.72955489159
2019/09/06/14:48:36.834132,3.72995495796
2019/09/06/14:48:36.838144,3.73035502434
2019/09/06/14:48:36.842322,3.73075509071
2019/09/06/14:48:36.846008,3.73115515709
2019/09/06/14:48:36.850008,3.73155522346
2019/09/06/14:48:36.854161,3.73195528984
2019/09/06/14:48:36.858180,3.73235535622
2019/09/06/14:48:36.862121,3.73275542259
2019/09/06/14:48:36.866142,3.73315548897
2019/09/06/14:48:36.870110,3.73355555534
2019/09/06/14:48:36.874195,3.73395562172
2019/09/06/14:48:36.878164,3.7343556881
2019/09/06/14:48:36.882047,3.73475575447
2019/09/06/14:48:36.886114,3.73515582085
2019/09/06/14:48:36.890142,3.73555588722
2019/09/06/14:48:36.894040,3.7359559536
2019/09/06/14:48:36.898169,3.73635601997
2019/09/06/14:48:36.902497,3.73675608635
2019/09/06/14:48:36.906246,3.73715615273
2019/09/06/14:48:36.910117,3.7375562191
2019/09/06/14:48:36.914243,3.73795628548
2019/09/06/14:48:36.918097,3.73835635185
2019/09/06/14:48:36.922362,3.73875641823
2019/09/06/14:48:36.926236,3.7391564846
2019/09/06/14:48:36.930220,3.73955655098
2019/09/06/14:48:36.934110,3.73995661736
2019/09/06/14:48:36.938172,3.74035668373
2019/09/06/14:48:36.942208,3.74075675011
2019/09/06/14:48:36.946167,3.74115681648
2019/09/06/14:48:36.950279,3.74155688286
2019/09/06/14:48:36.954259,3.74195694923
2019/09/06/14:48:36.958185,3.74235701561
2019/09/06/14:48:36.962363,3.74275708199
2019/09/06/14:48:36.966053,3.74315714836
2019/09/06/14:48:36.970155,3.74355721474
2019/09/06/14:48:36.974052,3.74395728111
2019/09/06/14:48:36.978141,3.74435734749
2019/09/06/14:48:36.982242,3.74475741386
2019/09/06/14:48:36.986146,3.74515748024
2019/09/06/14:48:36.990018,3.74555754662
2019/09/06/14:48:36.993975,3.74595761299
2019/09/06/14:48:36.997926,3.74635767937
2019/09/06/14:48:37.002262,3.74675774574
2019/09/06/14:48:37.006179,3.74715781212
2019/09/06/14:48:37.010141,3.74755787849
2019/09/06/14:48:37.014083,3.74795794487
2019/09/06/14:48:37.018080,3.74835801125
2019/09/06/14:48:37.022143,3.74875807762
2019/09/06/14:48:37.026216,3.749158144
2019/09/06/14:48:37.030292,3.74955821037
2019/09/06/14:48:37.034067,3.74995827675
2019/09/06/14:48:37.038078,3.75035834312
2019/09/06/14:48:37.042205,3.7507584095
2019/09/06/14:48:37.046112,3.75115847588
2019/09/06/14:48:37.050202,3.75155854225
2019/09/06/14:48:37.054162,3.75195860863
2019/09/06/14:48:37.058121,3.752358675
2019/09/06/14:48:37.062114,3.75275874138
2019/09/06/14:48:37.066141,3.75315880775
2019/09/06/14:48:37.070159,3.75355887413
2019/09/06/14:48:37.074210,3.75395894051
2019/09/06/14:48:37.078039,3.75435900688
2019/09/06/14:48:37.082212,3.75475907326
2019/09/06/14:48:37.086045,3.75515913963
2019/09/06/14:48:37.090024,3.75555920601
2019/09/06/14:48:37.094074,3.75595927238
2019/09/06/14:48:37.098045,3.75635933876
2019/09/06/14:48:37.102214,3.75675940514
2019/09/06/14:48:37.106163,3.75715947151
2019/09/06/14:48:37.110146,3.75755953789
2019/09/06/14:48:37.113998,3.75795960426
2019/09/06/14:48:37.118158,3.75835967064
2019/09/06/14:48:37.122137,3.75875973701
2019/09/06/14:48:37.125817,3.75915980339
2019/09/06/14:48:37.130101,3.75955986977
2019/09/06/14:48:37.134023,3.75995993614
2019/09/06/14:48:37.138056,3.76036000252
2019/09/06/14:48:37.142109,3.76076006889
2019/09/06/14:48:37.146204,3.76116013527
2019/09/06/14:48:37.150326,3.76156020164
2019/09/06/14:48:37.154320,3.76196026802
2019/09/06/14:48:37.158199,3.7623603344
2019/09/06/14:48:37.162078,3.76276040077
2019/09/06/14:48:37.166096,3.76316046715
2019/09/06/14:48:37.170249,3.76356053352
2019/09/06/14:48:37.174255,3.7639605999
2019/09/06/14:48:37.178194,3.76436066628
2019/09/06/14:48:37.182058,3.76476073265
2019/09/06/14:48:37.186116,3.76516079903
2019/09/06/14:48:37.190165,3.7655608654
2019/09/06/14:48:37.194145,3.76596093178
2019/09/06/14:48:37.198140,3.76636099815
2019/09/06/14:48:37.202212,3.76676106453
2019/09/06/14:48:37.206095,3.76716113091
2019/09/06/14:48:37.210174,3.76756119728
2019/09/06/14:48:37.214267,3.76796126366
2019/09/06/14:48:37.218174,3.76836133003
2019/09/06/14:48:37.222207,3.76876139641
2019/09/06/14:48:37.226137,3.76916146278
2019/09/06/14:48:37.230176,3.76956152916
2019/09/06/14:48:37.233738,3.76996159554
2019/09/06/14:48:37.238104,3.77036166191
2019/09/06/14:48:37.242180,3.77076172829
2019/09/06/14:48:37.246115,3.77116179466
2019/09/06/14:48:37.250284,3.77156186104
2019/09/06/14:48:37.254242,3.77196192741
2019/09/06/14:48:37.258293,3.77236199379
2019/09/06/14:48:37.262198,3.77276206017
2019/09/06/14:48:37.266364,3.77316212654
2019/09/06/14:48:37.270280,3.77356219292
2019/09/06/14:48:37.274261,3.77396225929
2019/09/06/14:48:37.278115,3.77436232567
2019/09/06/14:48:37.282186,3.77476239204
2019/09/06/14:48:37.286051,3.77516245842
2019/09/06/14:48:37.290059,3.7755625248
2019/09/06/14:48:37.294134,3.77596259117
2019/09/06/14:48:37.298305,3.77636265755
2019/09/06/14:48:37.302470,3.77676272392
2019/09/06/14:48:37.306276,3.7771627903
2019/09/06/14:48:37.310184,3.77756285667
2019/09/06/14:48:37.314232,3.77796292305
2019/09/06/14:48:37.318221,3.77836298943
2019/09/06/14:48:37.322313,3.7787630558
2019/09/06/14:48:37.326159,3.77916312218
2019/09/06/14:48:37.330188,3.77956318855
2019/09/06/14:48:37.334012,3.77996325493
2019/09/06/14:48:37.338118,3.7803633213
2019/09/06/14:48:37.342212,3.78076338768
2019/09/06/14:48:37.345969,3.78076338768
2019/09/06/14:48:37.350096,3.7803633213
2019/09/06/14:48:37.354063,3.77996325493
2019/09/06/14:48:37.358130,3.77956318855
2019/09/06/14:48:37.362205,3.77916312218
2019/09/06/14:48:37.366194,3.7787630558
2019/09/06/14:48:37.370212,3.77836298943
2019/09/06/14:48:37.374307,3.77796292305
2019/09/06/14:48:37.378149,3.77756285667
2019/09/06/14:48:37.382030,3.7771627903
2019/09/06/14:48:37.386218,3.77676272392
2019/09/06/14:48:37.390162,3.77636265755
2019/09/06/14:48:37.394266,3.77596259117
2019/09/06/14:48:37.398154,3.7755625248
2019/09/06/14:48:37.402140,3.77516245842
2019/09/06/14:48:37.406130,3.77476239204
2019/09/06/14:48:37.410253,3.77436232567
2019/09/06/14:48:37.414297,3.77396225929
2019/09/06/14:48:37.418365,3.77356219292
2019/09/06/14:48:37.422336,3.77316212654
2019/09/06/14:48:37.426165,3.77276206017
2019/09/06/14:48:37.429922,3.77236199379
2019/09/06/14:48:37.433958,3.77196192741
2019/09/06/14:48:37.438133,3.77156186104
2019/09/06/14:48:37.442245,3.77156186104
2019/09/06/14:48:37.446066,3.77196192741
2019/09/06/14:48:37.450079,3.77236199379
2019/09/06/14:48:37.454355,3.77276206017
2019/09/06/14:48:37.458315,3.77316212654
2019/09/06/14:48:37.462236,3.77356219292
2019/09/06/14:48:37.466141,3.77396225929
2019/09/06/14:48:37.470242,3.77436232567
2019/09/06/14:48:37.474248,3.77476239204
2019/09/06/14:48:37.478153,3.77516245842
2019/09/06/14:48:37.482061,3.7755625248
2019/09/06/14:48:37.486109,3.77596259117
2019/09/06/14:48:37.490190,3.77636265755
2019/09/06/14:48:37.494209,3.77676272392
2019/09/06/14:48:37.498394,3.7771627903
2019/09/06/14:48:37.502299,3.77756285667
2019/09/06/14:48:37.506202,3.77796292305
2019/09/06/14:48:37.510245,3.77836298943
2019/09/06/14:48:37.514222,3.7787630558
2019/09/06/14:48:37.518071,3.77916312218
2019/09/06/14:48:37.522087,3.77956318855
2019/09/06/14:48:37.526038,3.77996325493
2019/09/06/14:48:37.529848,3.7803633213
2019/09/06/14:48:37.534362,3.78076338768
2019/09/06/14:48:37.537946,3.78116345406
2019/09/06/14:48:37.542109,3.78156352043
2019/09/06/14:48:37.546430,3.78196358681
2019/09/06/14:48:37.550170,3.78236365318
2019/09/06/14:48:37.554209,3.78276371956
2019/09/06/14:48:37.558165,3.78316378593
2019/09/06/14:48:37.562380,3.78356385231
2019/09/06/14:48:37.566104,3.78396391869
2019/09/06/14:48:37.570112,3.78436398506
2019/09/06/14:48:37.574178,3.78476405144
2019/09/06/14:48:37.578051,3.78516411781
2019/09/06/14:48:37.583617,3.78556418419
2019/09/06/14:48:37.586391,3.78596425056
2019/09/06/14:48:37.590290,3.78636431694
2019/09/06/14:48:37.594186,3.78676438332
2019/09/06/14:48:37.598081,3.78716444969
2019/09/06/14:48:37.602117,3.78756451607
2019/09/06/14:48:37.606133,3.78796458244
2019/09/06/14:48:37.610218,3.78836464882
2019/09/06/14:48:37.614138,3.78876471519
2019/09/06/14:48:37.618224,3.78916478157
2019/09/06/14:48:37.622029,3.78956484795
2019/09/06/14:48:37.626384,3.78996491432
2019/09/06/14:48:37.630219,3.7903649807
2019/09/06/14:48:37.634031,3.79076504707
2019/09/06/14:48:37.638133,3.79116511345
2019/09/06/14:48:37.642043,3.79156517982
2019/09/06/14:48:37.646259,3.7919652462
2019/09/06/14:48:37.650062,3.79236531258
2019/09/06/14:48:37.654064,3.79276537895
2019/09/06/14:48:37.658074,3.79316544533
2019/09/06/14:48:37.662096,3.7935655117
2019/09/06/14:48:37.666127,3.79396557808
2019/09/06/14:48:37.670125,3.79436564445
2019/09/06/14:48:37.674148,3.79476571083
2019/09/06/14:48:37.678142,3.79516577721
2019/09/06/14:48:37.682046,3.79556584358
2019/09/06/14:48:37.686071,3.79596590996
2019/09/06/14:48:37.690033,3.79636597633
2019/09/06/14:48:37.694142,3.79676604271
2019/09/06/14:48:37.698351,3.79716610909
2019/09/06/14:48:37.702443,3.79756617546
2019/09/06/14:48:37.706202,3.79796624184
2019/09/06/14:48:37.710427,3.79836630821
2019/09/06/14:48:37.714290,3.79876637459
2019/09/06/14:48:37.718335,3.79916644096
2019/09/06/14:48:37.722178,3.79956650734
2019/09/06/14:48:37.726059,3.79996657372
2019/09/06/14:48:37.730154,3.80036664009
2019/09/06/14:48:37.734160,3.80076670647
2019/09/06/14:48:37.738305,3.80116677284
2019/09/06/14:48:37.742094,3.80156683922
2019/09/06/14:48:37.746372,3.80196690559
2019/09/06/14:48:37.750135,3.80236697197
2019/09/06/14:48:37.754251,3.80276703835
2019/09/06/14:48:37.758589,3.80316710472
2019/09/06/14:48:37.762610,3.8035671711
2019/09/06/14:48:37.766286,3.80396723747
2019/09/06/14:48:37.770219,3.80436730385
2019/09/06/14:48:37.774423,3.80476737022
2019/09/06/14:48:37.778090,3.8051674366
2019/09/06/14:48:37.782134,3.80556750298
2019/09/06/14:48:37.785954,3.80596756935
2019/09/06/14:48:37.790139,3.80636763573
2019/09/06/14:48:37.794152,3.8067677021
2019/09/06/14:48:37.798095,3.80716776848
2019/09/06/14:48:37.802257,3.80756783485
2019/09/06/14:48:37.806088,3.80796790123
2019/09/06/14:48:37.810196,3.80836796761
2019/09/06/14:48:37.814166,3.80876803398
2019/09/06/14:48:37.818210,3.80916810036
2019/09/06/14:48:37.822155,3.80956816673
2019/09/06/14:48:37.826378,3.80996823311
2019/09/06/14:48:37.830106,3.81036829948
2019/09/06/14:48:37.834057,3.81076836586
2019/09/06/14:48:37.837966,3.81116843224
2019/09/06/14:48:37.842186,3.81156849861
2019/09/06/14:48:37.846072,3.81196856499
2019/09/06/14:48:37.850151,3.81236863136
2019/09/06/14:48:37.854356,3.81276869774
2019/09/06/14:48:37.858329,3.81316876411
2019/09/06/14:48:37.862228,3.81356883049
2019/09/06/14:48:37.866244,3.81396889687
2019/09/06/14:48:37.870333,3.81436896324
2019/09/06/14:48:37.874304,3.81476902962
2019/09/06/14:48:37.878239,3.81516909599
2019/09/06/14:48:37.882308,3.81556916237
2019/09/06/14:48:37.886192,3.81596922874
2019/09/06/14:48:37.890237,3.81636929512
2019/09/06/14:48:37.894123,3.8167693615
2019/09/06/14:48:37.898197,3.81716942787
2019/09/06/14:48:37.902211,3.81756949425
2019/09/06/14:48:37.906286,3.81796956062
2019/09/06/14:48:37.910272,3.818369627
2019/09/06/14:48:37.914228,3.81876969337
2019/09/06/14:48:37.918121,3.81916975975
2019/09/06/14:48:37.922220,3.81956982613
2019/09/06/14:48:37.926276,3.8199698925
2019/09/06/14:48:37.930108,3.82036995888
2019/09/06/14:48:37.934068,3.82077002525
2019/09/06/14:48:37.938323,3.82117009163
2019/09/06/14:48:37.942194,3.821570158
2019/09/06/14:48:37.946183,3.82197022438
2019/09/06/14:48:37.950063,3.82237029076
2019/09/06/14:48:37.954223,3.82277035713
2019/09/06/14:48:37.958158,3.82317042351
2019/09/06/14:48:37.962333,3.82357048988
2019/09/06/14:48:37.966124,3.82397055626
2019/09/06/14:48:37.970058,3.82437062263
2019/09/06/14:48:37.974260,3.82477068901
2019/09/06/14:48:37.978119,3.82517075539
2019/09/06/14:48:37.982064,3.82557082176
2019/09/06/14:48:37.985950,3.82597088814
2019/09/06/14:48:37.990161,3.82637095451
2019/09/06/14:48:37.994224,3.82677102089
2019/09/06/14:48:37.998149,3.82717108727
2019/09/06/14:48:38.002212,3.82757115364
2019/09/06/14:48:38.006353,3.82797122002
2019/09/06/14:48:38.010194,3.82837128639
2019/09/06/14:48:38.014357,3.82877135277
2019/09/06/14:48:38.018240,3.82917141914
2019/09/06/14:48:38.022358,3.82957148552
2019/09/06/14:48:38.026250,3.8299715519
2019/09/06/14:48:38.030116,3.83037161827
2019/09/06/14:48:38.034635,3.83077168465
2019/09/06/14:48:38.038073,3.83117175102
2019/09/06/14:48:38.042230,3.8315718174
2019/09/06/14:48:38.046227,3.83197188377
2019/09/06/14:48:38.050085,3.83237195015
2019/09/06/14:48:38.054071,3.83277201653
2019/09/06/14:48:38.058118,3.8331720829
2019/09/06/14:48:38.062245,3.83357214928
2019/09/06/14:48:38.066261,3.83397221565
2019/09/06/14:48:38.070202,3.83437228203
2019/09/06/14:48:38.074170,3.8347723484
2019/09/06/14:48:38.078039,3.83517241478
2019/09/06/14:48:38.081980,3.83557248116
2019/09/06/14:48:38.086172,3.83597254753
2019/09/06/14:48:38.090482,3.83637261391
2019/09/06/14:48:38.094088,3.83677268028
2019/09/06/14:48:38.098300,3.83717274666
2019/09/06/14:48:38.102175,3.83757281303
2019/09/06/14:48:38.106210,3.83797287941
2019/09/06/14:48:38.110213,3.83837294579
2019/09/06/14:48:38.114291,3.83877301216
2019/09/06/14:48:38.118074,3.83917307854
2019/09/06/14:48:38.122137,3.83957314491
2019/09/06/14:48:38.126285,3.83997321129
2019/09/06/14:48:38.130204,3.84037327766
2019/09/06/14:48:38.134243,3.84077334404
2019/09/06/14:48:38.138121,3.84117341042
2019/09/06/14:48:38.142204,3.84157347679
2019/09/06/14:48:38.146229,3.84197354317
2019/09/06/14:48:38.150196,3.84237360954
2019/09/06/14:48:38.154086,3.84277367592
2019/09/06/14:48:38.158094,3.84317374229
2019/09/06/14:48:38.162227,3.84357380867
2019/09/06/14:48:38.166194,3.84397387505
2019/09/06/14:48:38.170358,3.84437394142
2019/09/06/14:48:38.174177,3.8447740078
2019/09/06/14:48:38.178461,3.84517407417
2019/09/06/14:48:38.182273,3.84557414055
2019/09/06/14:48:38.186405,3.84597420692
2019/09/06/14:48:38.190257,3.8463742733
2019/09/06/14:48:38.194174,3.84677433968
2019/09/06/14:48:38.198140,3.84717440605
2019/09/06/14:48:38.202172,3.84757447243
2019/09/06/14:48:38.206237,3.8479745388
2019/09/06/14:48:38.210274,3.84837460518
2019/09/06/14:48:38.214202,3.84877467155
2019/09/06/14:48:38.218405,3.84917473793
2019/09/06/14:48:38.222172,3.84957480431
2019/09/06/14:48:38.226293,3.84997487068
2019/09/06/14:48:38.230275,3.85037493706
2019/09/06/14:48:38.234092,3.85077500343
2019/09/06/14:48:38.237737,3.85117506981
2019/09/06/14:48:38.242178,3.85157513618
2019/09/06/14:48:38.246699,3.85197520256
2019/09/06/14:48:38.250124,3.85237526894
2019/09/06/14:48:38.254108,3.85277533531
2019/09/06/14:48:38.258394,3.85317540169
2019/09/06/14:48:38.261987,3.85357546806
2019/09/06/14:48:38.266066,3.85397553444
2019/09/06/14:48:38.270020,3.85437560081
2019/09/06/14:48:38.274065,3.85477566719
2019/09/06/14:48:38.278096,3.85517573357
2019/09/06/14:48:38.282001,3.85557579994
2019/09/06/14:48:38.286191,3.85597586632
2019/09/06/14:48:38.290207,3.85637593269
2019/09/06/14:48:38.294208,3.85677599907
2019/09/06/14:48:38.298182,3.85717606544
2019/09/06/14:48:38.301919,3.85757613182
2019/09/06/14:48:38.305868,3.8579761982
2019/09/06/14:48:38.310089,3.85837626457
2019/09/06/14:48:38.314014,3.85877633095
2019/09/06/14:48:38.318313,3.85917639732
2019/09/06/14:48:38.322193,3.8595764637
2019/09/06/14:48:38.326240,3.85997653008
2019/09/06/14:48:38.330314,3.86037659645
2019/09/06/14:48:38.334128,3.86077666283
2019/09/06/14:48:38.338555,3.8611767292
2019/09/06/14:48:38.342207,3.86157679558
2019/09/06/14:48:38.346155,3.86197686195
2019/09/06/14:48:38.350134,3.86237692833
2019/09/06/14:48:38.354334,3.86277699471
2019/09/06/14:48:38.358228,3.86317706108
2019/09/06/14:48:38.362091,3.86357712746
2019/09/06/14:48:38.366051,3.86397719383
2019/09/06/14:48:38.370266,3.86437726021
2019/09/06/14:48:38.374287,3.86477732658
2019/09/06/14:48:38.378159,3.86517739296
2019/09/06/14:48:38.382486,3.86557745934
2019/09/06/14:48:38.385982,3.86597752571
2019/09/06/14:48:38.390190,3.86637759209
2019/09/06/14:48:38.394072,3.86677765846
2019/09/06/14:48:38.398225,3.86717772484
2019/09/06/14:48:38.402188,3.86757779121
2019/09/06/14:48:38.406089,3.86797785759
2019/09/06/14:48:38.410096,3.86837792397
2019/09/06/14:48:38.414037,3.86877799034
2019/09/06/14:48:38.418432,3.86917805672
2019/09/06/14:48:38.422252,3.86957812309
2019/09/06/14:48:38.426141,3.86997818947
2019/09/06/14:48:38.430120,3.87037825584
2019/09/06/14:48:38.434216,3.87077832222
2019/09/06/14:48:38.438169,3.8711783886
2019/09/06/14:48:38.442118,3.87157845497
2019/09/06/14:48:38.446236,3.87197852135
2019/09/06/14:48:38.450059,3.87237858772
2019/09/06/14:48:38.454050,3.8727786541
2019/09/06/14:48:38.458057,3.87317872047
2019/09/06/14:48:38.462400,3.87357878685
2019/09/06/14:48:38.466504,3.87397885323
2019/09/06/14:48:38.470306,3.8743789196
2019/09/06/14:48:38.474102,3.87477898598
2019/09/06/14:48:38.478206,3.87517905235
2019/09/06/14:48:38.482317,3.87557911873
2019/09/06/14:48:38.486149,3.8759791851
2019/09/06/14:48:38.490269,3.87637925148
2019/09/06/14:48:38.494252,3.87677931786
2019/09/06/14:48:38.498137,3.87717938423
2019/09/06/14:48:38.502127,3.87757945061
2019/09/06/14:48:38.506289,3.87797951698
2019/09/06/14:48:38.510226,3.87837958336
2019/09/06/14:48:38.514269,3.87877964973
2019/09/06/14:48:38.518163,3.87917971611
2019/09/06/14:48:38.522209,3.87957978249
2019/09/06/14:48:38.526221,3.87997984886
2019/09/06/14:48:38.530127,3.88037991524
2019/09/06/14:48:38.534183,3.88077998161
2019/09/06/14:48:38.537925,3.88118004799
2019/09/06/14:48:38.542074,3.88158011436
2019/09/06/14:48:38.546386,3.88198018074
2019/09/06/14:48:38.549877,3.88238024712
2019/09/06/14:48:38.554093,3.88278031349
2019/09/06/14:48:38.558168,3.88318037987
2019/09/06/14:48:38.562188,3.88358044624
2019/09/06/14:48:38.566297,3.88398051262
2019/09/06/14:48:38.570201,3.88438057899
2019/09/06/14:48:38.574136,3.88478064537
2019/09/06/14:48:38.578055,3.88518071175
2019/09/06/14:48:38.582126,3.88558077812
2019/09/06/14:48:38.586111,3.8859808445
2019/09/06/14:48:38.590287,3.88638091087
2019/09/06/14:48:38.594304,3.88678097725
2019/09/06/14:48:38.598163,3.88718104362
2019/09/06/14:48:38.602156,3.88758111
2019/09/06/14:48:38.606098,3.88798117638
2019/09/06/14:48:38.610235,3.88838124275
2019/09/06/14:48:38.614178,3.88878130913
2019/09/06/14:48:38.618370,3.8891813755
2019/09/06/14:48:38.622332,3.88958144188
2019/09/06/14:48:38.626170,3.88998150826
2019/09/06/14:48:38.630101,3.89038157463
2019/09/06/14:48:38.634442,3.89078164101
2019/09/06/14:48:38.638145,3.89118170738
2019/09/06/14:48:38.641887,3.89158177376
2019/09/06/14:48:38.646129,3.89198184013
2019/09/06/14:48:38.649938,3.89238190651
2019/09/06/14:48:38.654109,3.89278197289
2019/09/06/14:48:38.658291,3.89318203926
2019/09/06/14:48:38.662385,3.89358210564
2019/09/06/14:48:38.666231,3.89398217201
2019/09/06/14:48:38.670076,3.89438223839
2019/09/06/14:48:38.674143,3.89478230476
2019/09/06/14:48:38.678215,3.89518237114
2019/09/06/14:48:38.682113,3.89558243752
2019/09/06/14:48:38.686545,3.89598250389
2019/09/06/14:48:38.690155,3.89638257027
2019/09/06/14:48:38.694197,3.89678263664
2019/09/06/14:48:38.698248,3.89718270302
2019/09/06/14:48:38.702058,3.89758276939
2019/09/06/14:48:38.706135,3.89798283577
2019/09/06/14:48:38.710275,3.89838290215
2019/09/06/14:48:38.714571,3.89878296852
2019/09/06/14:48:38.718194,3.8991830349
2019/09/06/14:48:38.722122,3.89958310127
2019/09/06/14:48:38.726458,3.89998316765
2019/09/06/14:48:38.730294,3.90038323402
2019/09/06/14:48:38.734078,3.9007833004
2019/09/06/14:48:38.738214,3.90118336678
2019/09/06/14:48:38.742194,3.90158343315
2019/09/06/14:48:38.746127,3.90198349953
2019/09/06/14:48:38.750105,3.9023835659
2019/09/06/14:48:38.754128,3.90278363228
2019/09/06/14:48:38.758290,3.90318369865
2019/09/06/14:48:38.762346,3.90358376503
2019/09/06/14:48:38.766118,3.90398383141
2019/09/06/14:48:38.770257,3.90438389778
2019/09/06/14:48:38.774517,3.90478396416
2019/09/06/14:48:38.778325,3.90518403053
2019/09/06/14:48:38.782141,3.90558409691
2019/09/06/14:48:38.786061,3.90598416328
2019/09/06/14:48:38.790466,3.90638422966
2019/09/06/14:48:38.794248,3.90678429604
2019/09/06/14:48:38.798186,3.90718436241
2019/09/06/14:48:38.802134,3.90758442879
2019/09/06/14:48:38.806169,3.90798449516
2019/09/06/14:48:38.810166,3.90838456154
2019/09/06/14:48:38.814128,3.90878462791
2019/09/06/14:48:38.818117,3.90918469429
2019/09/06/14:48:38.822417,3.90958476067
2019/09/06/14:48:38.826234,3.90998482704
2019/09/06/14:48:38.830232,3.91038489342
2019/09/06/14:48:38.834192,3.91078495979
2019/09/06/14:48:38.837910,3.91118502617
2019/09/06/14:48:38.842249,3.91158509254
2019/09/06/14:48:38.846115,3.91198515892
2019/09/06/14:48:38.850034,3.9123852253
2019/09/06/14:48:38.854065,3.91278529167
2019/09/06/14:48:38.858184,3.91318535805
2019/09/06/14:48:38.862111,3.91358542442
2019/09/06/14:48:38.866080,3.9139854908
2019/09/06/14:48:38.870243,3.91438555717
2019/09/06/14:48:38.874215,3.91478562355
2019/09/06/14:48:38.878173,3.91518568993
2019/09/06/14:48:38.882204,3.9155857563
2019/09/06/14:48:38.886019,3.91598582268
2019/09/06/14:48:38.890177,3.91638588905
2019/09/06/14:48:38.894212,3.91678595543
2019/09/06/14:48:38.898117,3.9171860218
2019/09/06/14:48:38.902335,3.91758608818
2019/09/06/14:48:38.906372,3.91798615456
2019/09/06/14:48:38.910047,3.91838622093
2019/09/06/14:48:38.914094,3.91878628731
2019/09/06/14:48:38.918303,3.91918635368
2019/09/06/14:48:38.922164,3.91958642006
2019/09/06/14:48:38.926134,3.91998648643
2019/09/06/14:48:38.930150,3.92038655281
2019/09/06/14:48:38.934194,3.92078661919
2019/09/06/14:48:38.938408,3.92118668556
2019/09/06/14:48:38.942133,3.92158675194
2019/09/06/14:48:38.946178,3.92198681831
2019/09/06/14:48:38.950132,3.92238688469
2019/09/06/14:48:38.954216,3.92278695107
2019/09/06/14:48:38.958234,3.92318701744
2019/09/06/14:48:38.962190,3.92358708382
2019/09/06/14:48:38.966254,3.92398715019
2019/09/06/14:48:38.970223,3.92438721657
2019/09/06/14:48:38.974194,3.92478728294
2019/09/06/14:48:38.978156,3.92518734932
2019/09/06/14:48:38.982229,3.9255874157
2019/09/06/14:48:38.985909,3.92598748207
2019/09/06/14:48:38.990087,3.92638754845
2019/09/06/14:48:38.994133,3.92678761482
2019/09/06/14:48:38.998353,3.9271876812
2019/09/06/14:48:39.001976,3.92758774757
2019/09/06/14:48:39.006018,3.92798781395
2019/09/06/14:48:39.010066,3.92838788033
2019/09/06/14:48:39.013894,3.9287879467
2019/09/06/14:48:39.018153,3.92918801308
2019/09/06/14:48:39.022043,3.92958807945
2019/09/06/14:48:39.026062,3.92998814583
2019/09/06/14:48:39.030097,3.9303882122
2019/09/06/14:48:39.033955,3.93078827858
2019/09/06/14:48:39.037986,3.93118834496
2019/09/06/14:48:39.042287,3.93158841133
2019/09/06/14:48:39.045755,3.93198847771
2019/09/06/14:48:39.050334,3.93238854408
2019/09/06/14:48:39.054079,3.93278861046
2019/09/06/14:48:39.058269,3.93318867683
2019/09/06/14:48:39.062281,3.93358874321
2019/09/06/14:48:39.066259,3.93398880959
2019/09/06/14:48:39.070195,3.93438887596
2019/09/06/14:48:39.074331,3.93478894234
2019/09/06/14:48:39.078370,3.93518900871
2019/09/06/14:48:39.082266,3.93558907509
2019/09/06/14:48:39.086149,3.93598914146
2019/09/06/14:48:39.090454,3.93638920784
2019/09/06/14:48:39.094224,3.93678927422
2019/09/06/14:48:39.098246,3.93718934059
2019/09/06/14:48:39.102504,3.93758940697
2019/09/06/14:48:39.106265,3.93798947334
2019/09/06/14:48:39.110258,3.93838953972
2019/09/06/14:48:39.114048,3.93878960609
2019/09/06/14:48:39.118210,3.93918967247
2019/09/06/14:48:39.122190,3.93958973885
2019/09/06/14:48:39.126276,3.93998980522
2019/09/06/14:48:39.130443,3.9403898716
2019/09/06/14:48:39.134162,3.94078993797
2019/09/06/14:48:39.138193,3.94119000435
2019/09/06/14:48:39.142225,3.94159007072
2019/09/06/14:48:39.146069,3.9419901371
2019/09/06/14:48:39.150134,3.94239020348
2019/09/06/14:48:39.154458,3.94279026985
2019/09/06/14:48:39.158063,3.94319033623
2019/09/06/14:48:39.162249,3.9435904026
2019/09/06/14:48:39.166090,3.94399046898
2019/09/06/14:48:39.170090,3.94439053535
2019/09/06/14:48:39.174228,3.94479060173
2019/09/06/14:48:39.178578,3.94519066811
2019/09/06/14:48:39.182322,3.94559073448
2019/09/06/14:48:39.186162,3.94599080086
2019/09/06/14:48:39.190056,3.94639086723
2019/09/06/14:48:39.194196,3.94679093361
2019/09/06/14:48:39.198251,3.94719099998
2019/09/06/14:48:39.202317,3.94759106636
2019/09/06/14:48:39.206103,3.94799113274
2019/09/06/14:48:39.210216,3.94839119911
2019/09/06/14:48:39.214395,3.94879126549
2019/09/06/14:48:39.218228,3.94919133186
2019/09/06/14:48:39.222305,3.94959139824
2019/09/06/14:48:39.226208,3.94999146461
2019/09/06/14:48:39.230278,3.95039153099
2019/09/06/14:48:39.234107,3.95079159737
2019/09/06/14:48:39.238068,3.95119166374
2019/09/06/14:48:39.242027,3.95159173012
2019/09/06/14:48:39.246149,3.95199179649
2019/09/06/14:48:39.250046,3.95239186287
2019/09/06/14:48:39.254148,3.95279192924
2019/09/06/14:48:39.258203,3.95319199562
2019/09/06/14:48:39.262181,3.953592062
2019/09/06/14:48:39.266309,3.95399212837
2019/09/06/14:48:39.270111,3.95439219475
2019/09/06/14:48:39.274088,3.95479226112
2019/09/06/14:48:39.278395,3.9551923275
2019/09/06/14:48:39.282328,3.95559239388
2019/09/06/14:48:39.286536,3.95599246025
2019/09/06/14:48:39.290292,3.95639252663
2019/09/06/14:48:39.294234,3.956792593
2019/09/06/14:48:39.298117,3.95719265938
2019/09/06/14:48:39.302240,3.95759272575
2019/09/06/14:48:39.306143,3.95799279213
2019/09/06/14:48:39.310112,3.95839285851
2019/09/06/14:48:39.314151,3.95879292488
2019/09/06/14:48:39.318148,3.95919299126
2019/09/06/14:48:39.322204,3.95959305763
2019/09/06/14:48:39.326280,3.95999312401
2019/09/06/14:48:39.330292,3.96039319038
2019/09/06/14:48:39.334256,3.96079325676
2019/09/06/14:48:39.338078,3.96119332314
2019/09/06/14:48:39.342020,3.96159338951
2019/09/06/14:48:39.346106,3.96199345589
2019/09/06/14:48:39.350280,3.96239352226
2019/09/06/14:48:39.354277,3.96279358864
2019/09/06/14:48:39.358198,3.96319365501
2019/09/06/14:48:39.362194,3.96359372139
2019/09/06/14:48:39.366142,3.96399378777
2019/09/06/14:48:39.370160,3.96439385414
2019/09/06/14:48:39.374100,3.96479392052
2019/09/06/14:48:39.378180,3.96519398689
2019/09/06/14:48:39.382128,3.96559405327
2019/09/06/14:48:39.386179,3.96599411964
2019/09/06/14:48:39.390166,3.96639418602
2019/09/06/14:48:39.394090,3.9667942524
2019/09/06/14:48:39.398225,3.96719431877
2019/09/06/14:48:39.402197,3.96759438515
2019/09/06/14:48:39.406112,3.96799445152
2019/09/06/14:48:39.410087,3.9683945179
2019/09/06/14:48:39.414040,3.96879458427
2019/09/06/14:48:39.418217,3.96919465065
2019/09/06/14:48:39.422274,3.96959471703
2019/09/06/14:48:39.426224,3.9699947834
2019/09/06/14:48:39.429899,3.97039484978
2019/09/06/14:48:39.434138,3.97079491615
2019/09/06/14:48:39.437901,3.97119498253
2019/09/06/14:48:39.442381,3.9715950489
2019/09/06/14:48:39.446236,3.97199511528
2019/09/06/14:48:39.450129,3.97239518166
2019/09/06/14:48:39.454115,3.97279524803
2019/09/06/14:48:39.458163,3.97319531441
2019/09/06/14:48:39.462075,3.97359538078
2019/09/06/14:48:39.466130,3.97399544716
2019/09/06/14:48:39.470221,3.97439551353
2019/09/06/14:48:39.474331,3.97479557991
2019/09/06/14:48:39.478210,3.97519564629
2019/09/06/14:48:39.482176,3.97559571266
2019/09/06/14:48:39.486204,3.97599577904
2019/09/06/14:48:39.490147,3.97639584541
2019/09/06/14:48:39.494215,3.97679591179
2019/09/06/14:48:39.498160,3.97719597816
2019/09/06/14:48:39.502170,3.97759604454
2019/09/06/14:48:39.506120,3.97799611092
2019/09/06/14:48:39.510113,3.97839617729
2019/09/06/14:48:39.514327,3.97879624367
2019/09/06/14:48:39.518334,3.97919631004
2019/09/06/14:48:39.522201,3.97959637642
2019/09/06/14:48:39.526331,3.97999644279
2019/09/06/14:48:39.530144,3.98039650917
2019/09/06/14:48:39.534109,3.98079657555
2019/09/06/14:48:39.538439,3.98119664192
2019/09/06/14:48:39.542233,3.9815967083
2019/09/06/14:48:39.546165,3.98199677467
2019/09/06/14:48:39.550164,3.98239684105
2019/09/06/14:48:39.553985,3.98279690742
2019/09/06/14:48:39.558219,3.9831969738
2019/09/06/14:48:39.562162,3.98359704018
2019/09/06/14:48:39.566200,3.98399710655
2019/09/06/14:48:39.570249,3.98439717293
2019/09/06/14:48:39.574119,3.9847972393
2019/09/06/14:48:39.578152,3.98519730568
2019/09/06/14:48:39.582191,3.98559737206
2019/09/06/14:48:39.586079,3.98599743843
2019/09/06/14:48:39.590283,3.98639750481
2019/09/06/14:48:39.594172,3.98679757118
2019/09/06/14:48:39.597988,3.98719763756
2019/09/06/14:48:39.602203,3.98759770393
2019/09/06/14:48:39.606176,3.98799777031
2019/09/06/14:48:39.610414,3.98839783669
2019/09/06/14:48:39.614077,3.98879790306
2019/09/06/14:48:39.618366,3.98919796944
2019/09/06/14:48:39.622154,3.98959803581
2019/09/06/14:48:39.626430,3.98999810219
2019/09/06/14:48:39.630179,3.99039816856
2019/09/06/14:48:39.634104,3.99079823494
2019/09/06/14:48:39.638160,3.99119830132
2019/09/06/14:48:39.642128,3.99159836769
2019/09/06/14:48:39.646004,3.99199843407
2019/09/06/14:48:39.650178,3.99239850044
2019/09/06/14:48:39.654047,3.99279856682
2019/09/06/14:48:39.657971,3.99319863319
2019/09/06/14:48:39.661983,3.99359869957
2019/09/06/14:48:39.666238,3.99399876595
2019/09/06/14:48:39.670199,3.99439883232
2019/09/06/14:48:39.674177,3.9947988987
2019/09/06/14:48:39.678312,3.99519896507
2019/09/06/14:48:39.682027,3.99559903145
2019/09/06/14:48:39.686300,3.99599909782
2019/09/06/14:48:39.690104,3.9963991642
2019/09/06/14:48:39.694393,3.99679923058
2019/09/06/14:48:39.698261,3.99719929695
2019/09/06/14:48:39.702051,3.99759936333
2019/09/06/14:48:39.706183,3.9979994297
2019/09/06/14:48:39.710191,3.99839949608
2019/09/06/14:48:39.714375,3.99879956245
2019/09/06/14:48:39.718174,3.99919962883
2019/09/06/14:48:39.722212,3.99959969521
2019/09/06/14:48:39.726195,3.99999976158
2019/09/06/14:48:39.730231,4.00039958954
2019/09/06/14:48:39.734326,4.00079965591
2019/09/06/14:48:39.738366,4.00119972229
2019/09/06/14:48:39.742210,4.00159978867
2019/09/06/14:48:39.746258,4.00199985504
2019/09/06/14:48:39.750053,4.00239992142
2019/09/06/14:48:39.754203,4.00279998779
2019/09/06/14:48:39.758035,4.00320005417
2019/09/06/14:48:39.762002,4.00360012054
2019/09/06/14:48:39.766229,4.00400018692
2019/09/06/14:48:39.770189,4.0044002533
2019/09/06/14:48:39.774361,4.00480031967
2019/09/06/14:48:39.778375,4.00520038605
2019/09/06/14:48:39.782044,4.00560045242
2019/09/06/14:48:39.786057,4.0060005188
2019/09/06/14:48:39.790107,4.00640058517
2019/09/06/14:48:39.794243,4.00680065155
2019/09/06/14:48:39.798246,4.00720071793
2019/09/06/14:48:39.802328,4.0076007843
2019/09/06/14:48:39.806231,4.00800085068
2019/09/06/14:48:39.810210,4.00840091705
2019/09/06/14:48:39.814319,4.00880098343
2019/09/06/14:48:39.818236,4.0092010498
2019/09/06/14:48:39.822210,4.00960111618
2019/09/06/14:48:39.826175,4.01000118256
2019/09/06/14:48:39.830220,4.01040124893
2019/09/06/14:48:39.834454,4.01080131531
2019/09/06/14:48:39.838177,4.01120138168
2019/09/06/14:48:39.842307,4.01160144806
2019/09/06/14:48:39.846082,4.01200151443
2019/09/06/14:48:39.850022,4.01240158081
2019/09/06/14:48:39.854109,4.01280164719
2019/09/06/14:48:39.858058,4.01320171356
2019/09/06/14:48:39.862019,4.01360177994
2019/09/06/14:48:39.866100,4.01400184631
2019/09/06/14:48:39.870275,4.01440191269
2019/09/06/14:48:39.874174,4.01480197906
2019/09/06/14:48:39.878160,4.01520204544
2019/09/06/14:48:39.882370,4.01560211182
2019/09/06/14:48:39.886295,4.01600217819
2019/09/06/14:48:39.890049,4.01640224457
2019/09/06/14:48:39.894271,4.01680231094
2019/09/06/14:48:39.898161,4.01720237732
2019/09/06/14:48:39.902262,4.0176024437
2019/09/06/14:48:39.906187,4.01800251007
2019/09/06/14:48:39.910218,4.01840257645
2019/09/06/14:48:39.914275,4.01880264282
2019/09/06/14:48:39.918263,4.0192027092
2019/09/06/14:48:39.922279,4.01960277557
2019/09/06/14:48:39.926126,4.02000284195
2019/09/06/14:48:39.930015,4.02040290833
2019/09/06/14:48:39.934061,4.0208029747
2019/09/06/14:48:39.937818,4.02120304108
2019/09/06/14:48:39.942314,4.02160310745
2019/09/06/14:48:39.946124,4.02200317383
2019/09/06/14:48:39.950069,4.0224032402
2019/09/06/14:48:39.954057,4.02280330658
2019/09/06/14:48:39.958193,4.02320337296
2019/09/06/14:48:39.962216,4.02360343933
2019/09/06/14:48:39.966438,4.02400350571
2019/09/06/14:48:39.970091,4.02440357208
2019/09/06/14:48:39.974302,4.02480363846
2019/09/06/14:48:39.978008,4.02520370483
2019/09/06/14:48:39.982342,4.02560377121
2019/09/06/14:48:39.986004,4.02600383759
2019/09/06/14:48:39.990208,4.02640390396
2019/09/06/14:48:39.994196,4.02680397034
2019/09/06/14:48:39.998201,4.02720403671
2019/09/06/14:48:40.002163,4.02760410309
2019/09/06/14:48:40.006560,4.02800416946
2019/09/06/14:48:40.010394,4.02840423584
2019/09/06/14:48:40.014164,4.02880430222
2019/09/06/14:48:40.018111,4.02920436859
2019/09/06/14:48:40.022213,4.02960443497
2019/09/06/14:48:40.026206,4.03000450134
2019/09/06/14:48:40.030217,4.03040456772
2019/09/06/14:48:40.034240,4.03080463409
2019/09/06/14:48:40.038157,4.03120470047
2019/09/06/14:48:40.042156,4.03160476685
2019/09/06/14:48:40.046102,4.03200483322
2019/09/06/14:48:40.050146,4.0324048996
2019/09/06/14:48:40.054137,4.03280496597
2019/09/06/14:48:40.058064,4.03320503235
2019/09/06/14:48:40.062012,4.03360509872
2019/09/06/14:48:40.066014,4.0340051651
2019/09/06/14:48:40.070199,4.03440523148
2019/09/06/14:48:40.074113,4.03480529785
2019/09/06/14:48:40.078188,4.03520536423
2019/09/06/14:48:40.082253,4.0356054306
2019/09/06/14:48:40.086158,4.03600549698
2019/09/06/14:48:40.090106,4.03640556335
2019/09/06/14:48:40.094196,4.03680562973
2019/09/06/14:48:40.098060,4.03720569611
2019/09/06/14:48:40.102241,4.03760576248
2019/09/06/14:48:40.106186,4.03800582886
2019/09/06/14:48:40.110197,4.03840589523
2019/09/06/14:48:40.114059,4.03880596161
2019/09/06/14:48:40.118162,4.03920602798
2019/09/06/14:48:40.122172,4.03960609436
2019/09/06/14:48:40.126135,4.04000616074
2019/09/06/14:48:40.130237,4.04040622711
2019/09/06/14:48:40.134180,4.04080629349
2019/09/06/14:48:40.138227,4.04120635986
2019/09/06/14:48:40.142347,4.04160642624
2019/09/06/14:48:40.146300,4.04200649261
2019/09/06/14:48:40.150293,4.04240655899
2019/09/06/14:48:40.154083,4.04280662537
2019/09/06/14:48:40.157956,4.04320669174
2019/09/06/14:48:40.162332,4.04360675812
2019/09/06/14:48:40.166323,4.04400682449
2019/09/06/14:48:40.170113,4.04440689087
2019/09/06/14:48:40.174005,4.04480695724
2019/09/06/14:48:40.178087,4.04520702362
2019/09/06/14:48:40.182003,4.04560709
2019/09/06/14:48:40.186088,4.04600715637
2019/09/06/14:48:40.190099,4.04640722275
2019/09/06/14:48:40.194170,4.04680728912
2019/09/06/14:48:40.198149,4.0472073555
2019/09/06/14:48:40.202349,4.04760742188
2019/09/06/14:48:40.206428,4.04800748825
2019/09/06/14:48:40.210060,4.04840755463
2019/09/06/14:48:40.214136,4.048807621
2019/09/06/14:48:40.218148,4.04920768738
2019/09/06/14:48:40.222219,4.04960775375
2019/09/06/14:48:40.226134,4.05000782013
2019/09/06/14:48:40.230171,4.05040788651
2019/09/06/14:48:40.234202,4.05080795288
2019/09/06/14:48:40.238024,4.05120801926
2019/09/06/14:48:40.242274,4.05160808563
2019/09/06/14:48:40.246097,4.05200815201
2019/09/06/14:48:40.250217,4.05240821838
2019/09/06/14:48:40.254267,4.05280828476
2019/09/06/14:48:40.258097,4.05320835114
2019/09/06/14:48:40.262150,4.05360841751
2019/09/06/14:48:40.266107,4.05400848389
2019/09/06/14:48:40.270257,4.05440855026
2019/09/06/14:48:40.274326,4.05480861664
2019/09/06/14:48:40.278264,4.05520868301
2019/09/06/14:48:40.282607,4.05560874939
2019/09/06/14:48:40.286241,4.05600881577
2019/09/06/14:48:40.290347,4.05640888214
2019/09/06/14:48:40.294286,4.05680894852
2019/09/06/14:48:40.298137,4.05720901489
2019/09/06/14:48:40.302152,4.05760908127
2019/09/06/14:48:40.306055,4.05800914764
2019/09/06/14:48:40.310213,4.05840921402
2019/09/06/14:48:40.314560,4.0588092804
2019/09/06/14:48:40.318234,4.05920934677
2019/09/06/14:48:40.322136,4.05960941315
2019/09/06/14:48:40.326186,4.06000947952
2019/09/06/14:48:40.330157,4.0604095459
2019/09/06/14:48:40.334317,4.06080961227
2019/09/06/14:48:40.338310,4.06120967865
2019/09/06/14:48:40.342165,4.06160974503
2019/09/06/14:48:40.346067,4.0620098114
2019/09/06/14:48:40.350083,4.06240987778
2019/09/06/14:48:40.354090,4.06280994415
2019/09/06/14:48:40.358140,4.06321001053
2019/09/06/14:48:40.362386,4.0636100769
2019/09/06/14:48:40.366135,4.06401014328
2019/09/06/14:48:40.370202,4.06441020966
2019/09/06/14:48:40.374141,4.06481027603
2019/09/06/14:48:40.378305,4.06521034241
2019/09/06/14:48:40.382218,4.06561040878
2019/09/06/14:48:40.386199,4.06601047516
2019/09/06/14:48:40.390455,4.06641054153
2019/09/06/14:48:40.394232,4.06681060791
2019/09/06/14:48:40.398496,4.06721067429
2019/09/06/14:48:40.402142,4.06761074066
2019/09/06/14:48:40.406297,4.06801080704
2019/09/06/14:48:40.410211,4.06841087341
2019/09/06/14:48:40.414321,4.06881093979
2019/09/06/14:48:40.418298,4.06921100616
2019/09/06/14:48:40.422167,4.06961107254
2019/09/06/14:48:40.426130,4.07001113892
2019/09/06/14:48:40.430222,4.07041120529
2019/09/06/14:48:40.434247,4.07081127167
2019/09/06/14:48:40.438200,4.07121133804
2019/09/06/14:48:40.442204,4.07161140442
2019/09/06/14:48:40.446332,4.07201147079
2019/09/06/14:48:40.450382,4.07241153717
2019/09/06/14:48:40.454127,4.07281160355
2019/09/06/14:48:40.458279,4.07321166992
2019/09/06/14:48:40.462077,4.0736117363
2019/09/06/14:48:40.466174,4.07401180267
2019/09/06/14:48:40.470164,4.07441186905
2019/09/06/14:48:40.474030,4.07481193542
2019/09/06/14:48:40.478067,4.0752120018
2019/09/06/14:48:40.482056,4.07561206818
2019/09/06/14:48:40.486027,4.07601213455
2019/09/06/14:48:40.490270,4.07641220093
2019/09/06/14:48:40.494174,4.0768122673
2019/09/06/14:48:40.498210,4.07721233368
2019/09/06/14:48:40.502080,4.07761240005
2019/09/06/14:48:40.506119,4.07801246643
2019/09/06/14:48:40.510143,4.07841253281
2019/09/06/14:48:40.514216,4.07881259918
2019/09/06/14:48:40.518099,4.07921266556
2019/09/06/14:48:40.522281,4.07961273193
2019/09/06/14:48:40.526531,4.08001279831
2019/09/06/14:48:40.530320,4.08041286469
2019/09/06/14:48:40.534152,4.08081293106
2019/09/06/14:48:40.538020,4.08121299744
2019/09/06/14:48:40.541966,4.08161306381
2019/09/06/14:48:40.546040,4.08201313019
2019/09/06/14:48:40.550216,4.08241319656
2019/09/06/14:48:40.554091,4.08281326294
2019/09/06/14:48:40.558104,4.08321332932
2019/09/06/14:48:40.562177,4.08361339569
2019/09/06/14:48:40.566167,4.08401346207
2019/09/06/14:48:40.570146,4.08441352844
2019/09/06/14:48:40.574075,4.08481359482
2019/09/06/14:48:40.578064,4.08521366119
2019/09/06/14:48:40.582147,4.08561372757
2019/09/06/14:48:40.586088,4.08601379395
2019/09/06/14:48:40.590139,4.08641386032
2019/09/06/14:48:40.594191,4.0868139267
2019/09/06/14:48:40.598264,4.08721399307
2019/09/06/14:48:40.602184,4.08761405945
2019/09/06/14:48:40.606212,4.08801412582
2019/09/06/14:48:40.610217,4.0884141922
2019/09/06/14:48:40.614227,4.08881425858
2019/09/06/14:48:40.618152,4.08921432495
2019/09/06/14:48:40.622085,4.08961439133
2019/09/06/14:48:40.626062,4.0900144577
2019/09/06/14:48:40.630158,4.09041452408
2019/09/06/14:48:40.634195,4.09081459045
2019/09/06/14:48:40.638389,4.09121465683
2019/09/06/14:48:40.642273,4.09161472321
2019/09/06/14:48:40.646240,4.09201478958
2019/09/06/14:48:40.650147,4.09241485596
2019/09/06/14:48:40.654011,4.09281492233
2019/09/06/14:48:40.658292,4.09321498871
2019/09/06/14:48:40.662307,4.09361505508
2019/09/06/14:48:40.666181,4.09401512146
2019/09/06/14:48:40.670146,4.09441518784
2019/09/06/14:48:40.674303,4.09481525421
2019/09/06/14:48:40.678144,4.09521532059
2019/09/06/14:48:40.682271,4.09561538696
2019/09/06/14:48:40.686382,4.09601545334
2019/09/06/14:48:40.690105,4.09641551971
2019/09/06/14:48:40.694137,4.09681558609
2019/09/06/14:48:40.698136,4.09721565247
2019/09/06/14:48:40.702186,4.09761571884
2019/09/06/14:48:40.706220,4.09801578522
2019/09/06/14:48:40.710027,4.09841585159
2019/09/06/14:48:40.714007,4.09881591797
2019/09/06/14:48:40.718242,4.09921598434
2019/09/06/14:48:40.722198,4.09961605072
2019/09/06/14:48:40.726306,4.1000161171
2019/09/06/14:48:40.730145,4.10041618347
2019/09/06/14:48:40.734466,4.10081624985
2019/09/06/14:48:40.738222,4.10121631622
2019/09/06/14:48:40.742294,4.1016163826
2019/09/06/14:48:40.746113,4.10201644897
2019/09/06/14:48:40.750160,4.10241651535
2019/09/06/14:48:40.754165,4.10281658173
2019/09/06/14:48:40.758150,4.1032166481
2019/09/06/14:48:40.762181,4.10361671448
2019/09/06/14:48:40.766074,4.10401678085
2019/09/06/14:48:40.770182,4.10441684723
2019/09/06/14:48:40.774107,4.1048169136
2019/09/06/14:48:40.778096,4.10521697998
2019/09/06/14:48:40.782084,4.10561704636
2019/09/06/14:48:40.786163,4.10601711273
2019/09/06/14:48:40.790190,4.10641717911
2019/09/06/14:48:40.794052,4.10681724548
2019/09/06/14:48:40.798117,4.10721731186
2019/09/06/14:48:40.802160,4.10761737823
2019/09/06/14:48:40.806228,4.10801744461
2019/09/06/14:48:40.810167,4.10841751099
2019/09/06/14:48:40.814202,4.10881757736
2019/09/06/14:48:40.818290,4.10921764374
2019/09/06/14:48:40.822192,4.10961771011
2019/09/06/14:48:40.826398,4.11001777649
2019/09/06/14:48:40.830199,4.11041784286
2019/09/06/14:48:40.834144,4.11081790924
2019/09/06/14:48:40.837991,4.11121797562
2019/09/06/14:48:40.842231,4.11161804199
2019/09/06/14:48:40.846051,4.11201810837
2019/09/06/14:48:40.850127,4.11241817474
2019/09/06/14:48:40.854172,4.11281824112
2019/09/06/14:48:40.858216,4.1132183075
2019/09/06/14:48:40.862105,4.11361837387
2019/09/06/14:48:40.866020,4.11401844025
2019/09/06/14:48:40.870193,4.11441850662
2019/09/06/14:48:40.874076,4.114818573
2019/09/06/14:48:40.878155,4.11521863937
2019/09/06/14:48:40.882079,4.11561870575
2019/09/06/14:48:40.886052,4.11601877213
2019/09/06/14:48:40.890153,4.1164188385
2019/09/06/14:48:40.894120,4.11681890488
2019/09/06/14:48:40.897989,4.11721897125
2019/09/06/14:48:40.902071,4.11761903763
2019/09/06/14:48:40.906107,4.118019104
2019/09/06/14:48:40.910273,4.11841917038
2019/09/06/14:48:40.914169,4.11881923676
2019/09/06/14:48:40.918391,4.11921930313
2019/09/06/14:48:40.922248,4.11961936951
2019/09/06/14:48:40.926283,4.12001943588
2019/09/06/14:48:40.930163,4.12041950226
2019/09/06/14:48:40.934137,4.12081956863
2019/09/06/14:48:40.938123,4.12121963501
2019/09/06/14:48:40.942241,4.12161970139
2019/09/06/14:48:40.946337,4.12201976776
2019/09/06/14:48:40.950272,4.12241983414
2019/09/06/14:48:40.954028,4.12281990051
2019/09/06/14:48:40.958267,4.12321996689
2019/09/06/14:48:40.962170,4.12362003326
2019/09/06/14:48:40.966099,4.12402009964
2019/09/06/14:48:40.970135,4.12442016602
2019/09/06/14:48:40.974090,4.12482023239
2019/09/06/14:48:40.978155,4.12522029877
2019/09/06/14:48:40.982278,4.12562036514
2019/09/06/14:48:40.986109,4.12602043152
2019/09/06/14:48:40.990294,4.12642049789
2019/09/06/14:48:40.994163,4.12682056427
2019/09/06/14:48:40.998227,4.12722063065
2019/09/06/14:48:41.002210,4.12762069702
2019/09/06/14:48:41.006287,4.1280207634
2019/09/06/14:48:41.010414,4.12842082977
2019/09/06/14:48:41.014185,4.12882089615
2019/09/06/14:48:41.018090,4.12922096252
2019/09/06/14:48:41.022288,4.1296210289
2019/09/06/14:48:41.026080,4.13002109528
2019/09/06/14:48:41.030277,4.13042116165
2019/09/06/14:48:41.034369,4.13082122803
2019/09/06/14:48:41.038094,4.1312212944
2019/09/06/14:48:41.042148,4.13162136078
2019/09/06/14:48:41.046208,4.13202142715
2019/09/06/14:48:41.050362,4.13242149353
2019/09/06/14:48:41.054095,4.13282155991
2019/09/06/14:48:41.058290,4.13322162628
2019/09/06/14:48:41.062382,4.13362169266
2019/09/06/14:48:41.066186,4.13402175903
2019/09/06/14:48:41.070152,4.13442182541
2019/09/06/14:48:41.074325,4.13482189178
2019/09/06/14:48:41.077954,4.13522195816
2019/09/06/14:48:41.082024,4.13562202454
2019/09/06/14:48:41.086280,4.13602209091
2019/09/06/14:48:41.090075,4.13642215729
2019/09/06/14:48:41.093999,4.13682222366
2019/09/06/14:48:41.098013,4.13722229004
2019/09/06/14:48:41.102025,4.13762235641
2019/09/06/14:48:41.106159,4.13802242279
2019/09/06/14:48:41.110376,4.13842248917
2019/09/06/14:48:41.114005,4.13882255554
2019/09/06/14:48:41.117975,4.13922262192
2019/09/06/14:48:41.121943,4.13962268829
2019/09/06/14:48:41.126117,4.14002275467
2019/09/06/14:48:41.130217,4.14042282104
2019/09/06/14:48:41.133908,4.14082288742
2019/09/06/14:48:41.138038,4.1412229538
2019/09/06/14:48:41.142018,4.14162302017
2019/09/06/14:48:41.146118,4.14202308655
2019/09/06/14:48:41.150327,4.14242315292
2019/09/06/14:48:41.154150,4.1428232193
2019/09/06/14:48:41.158209,4.14322328568
2019/09/06/14:48:41.162118,4.14362335205
2019/09/06/14:48:41.166334,4.14402341843
2019/09/06/14:48:41.170138,4.1444234848
2019/09/06/14:48:41.174144,4.14482355118
2019/09/06/14:48:41.178199,4.14522361755
2019/09/06/14:48:41.182119,4.14562368393
2019/09/06/14:48:41.186246,4.14602375031
2019/09/06/14:48:41.190161,4.14642381668
2019/09/06/14:48:41.194220,4.14682388306
2019/09/06/14:48:41.198252,4.14722394943
2019/09/06/14:48:41.202314,4.14762401581
2019/09/06/14:48:41.206208,4.14802408218
2019/09/06/14:48:41.210392,4.14842414856
2019/09/06/14:48:41.214187,4.14882421494
2019/09/06/14:48:41.218034,4.14922428131
2019/09/06/14:48:41.221971,4.14962434769
2019/09/06/14:48:41.225918,4.15002441406
2019/09/06/14:48:41.229934,4.15042448044
2019/09/06/14:48:41.234058,4.15082454681
2019/09/06/14:48:41.238303,4.15122461319
2019/09/06/14:48:41.242330,4.15162467957
2019/09/06/14:48:41.246175,4.15202474594
2019/09/06/14:48:41.250106,4.15242481232
2019/09/06/14:48:41.254144,4.15282487869
2019/09/06/14:48:41.258157,4.15322494507
2019/09/06/14:48:41.262142,4.15362501144
2019/09/06/14:48:41.266311,4.15402507782
2019/09/06/14:48:41.269910,4.1544251442
2019/09/06/14:48:41.274270,4.15482521057
2019/09/06/14:48:41.278204,4.15522527695
2019/09/06/14:48:41.282109,4.15562534332
2019/09/06/14:48:41.286087,4.1560254097
2019/09/06/14:48:41.290046,4.15642547607
2019/09/06/14:48:41.294110,4.15682554245
2019/09/06/14:48:41.297991,4.15722560883
2019/09/06/14:48:41.302220,4.1576256752
2019/09/06/14:48:41.306202,4.15802574158
2019/09/06/14:48:41.310132,4.15842580795
2019/09/06/14:48:41.313911,4.15882587433
2019/09/06/14:48:41.318083,4.1592259407
2019/09/06/14:48:41.322266,4.15962600708
2019/09/06/14:48:41.326233,4.16002607346
2019/09/06/14:48:41.330211,4.16042613983
2019/09/06/14:48:41.334026,4.16082620621
2019/09/06/14:48:41.338016,4.16122627258
2019/09/06/14:48:41.342022,4.16162633896
2019/09/06/14:48:41.345931,4.16202640533
2019/09/06/14:48:41.350026,4.16242647171
2019/09/06/14:48:41.354036,4.16282653809
2019/09/06/14:48:41.357974,4.16322660446
2019/09/06/14:48:41.362051,4.16362667084
2019/09/06/14:48:41.365977,4.16402673721
2019/09/06/14:48:41.369948,4.16442680359
2019/09/06/14:48:41.373978,4.16482686996
2019/09/06/14:48:41.378226,4.16522693634
2019/09/06/14:48:41.382207,4.16562700272
2019/09/06/14:48:41.386100,4.16602706909
2019/09/06/14:48:41.390250,4.16642713547
2019/09/06/14:48:41.394061,4.16682720184
2019/09/06/14:48:41.398063,4.16722726822
2019/09/06/14:48:41.402124,4.16762733459
2019/09/06/14:48:41.406097,4.16802740097
2019/09/06/14:48:41.410027,4.16842746735
2019/09/06/14:48:41.414415,4.16882753372
2019/09/06/14:48:41.418217,4.1692276001
2019/09/06/14:48:41.422148,4.16962766647
2019/09/06/14:48:41.426353,4.17002773285
2019/09/06/14:48:41.430206,4.17042779922
2019/09/06/14:48:41.434282,4.1708278656
2019/09/06/14:48:41.437994,4.17122793198
2019/09/06/14:48:41.442222,4.17162799835
2019/09/06/14:48:41.446090,4.17202806473
2019/09/06/14:48:41.450239,4.1724281311
2019/09/06/14:48:41.454185,4.17282819748
2019/09/06/14:48:41.458349,4.17322826385
2019/09/06/14:48:41.462204,4.17362833023
2019/09/06/14:48:41.465991,4.17402839661
2019/09/06/14:48:41.470288,4.17442846298
2019/09/06/14:48:41.474078,4.17482852936
2019/09/06/14:48:41.478196,4.17522859573
2019/09/06/14:48:41.482294,4.17562866211
2019/09/06/14:48:41.486331,4.17602872849
2019/09/06/14:48:41.489926,4.17642879486
2019/09/06/14:48:41.494097,4.17682886124
2019/09/06/14:48:41.498346,4.17722892761
2019/09/06/14:48:41.502422,4.17762899399
2019/09/06/14:48:41.506122,4.17802906036
2019/09/06/14:48:41.510234,4.17842912674
2019/09/06/14:48:41.514136,4.17882919312
2019/09/06/14:48:41.518107,4.17922925949
2019/09/06/14:48:41.522170,4.17962932587
2019/09/06/14:48:41.526354,4.18002939224
2019/09/06/14:48:41.530155,4.18042945862
2019/09/06/14:48:41.534112,4.18082952499
2019/09/06/14:48:41.538402,4.18122959137
2019/09/06/14:48:41.542194,4.18162965775
2019/09/06/14:48:41.546087,4.18202972412
2019/09/06/14:48:41.550287,4.1824297905
2019/09/06/14:48:41.554273,4.18282985687
2019/09/06/14:48:41.558242,4.18322992325
2019/09/06/14:48:41.562102,4.18362998962
2019/09/06/14:48:41.566061,4.184030056
2019/09/06/14:48:41.570022,4.18443012238
2019/09/06/14:48:41.573825,4.18483018875
2019/09/06/14:48:41.578162,4.18523025513
2019/09/06/14:48:41.582112,4.1856303215
2019/09/06/14:48:41.586177,4.18603038788
2019/09/06/14:48:41.590104,4.18643045425
2019/09/06/14:48:41.594164,4.18683052063
2019/09/06/14:48:41.598081,4.18723058701
2019/09/06/14:48:41.602232,4.18763065338
2019/09/06/14:48:41.606162,4.18803071976
2019/09/06/14:48:41.609931,4.18843078613
2019/09/06/14:48:41.615677,4.18883085251
2019/09/06/14:48:41.618251,4.18923091888
2019/09/06/14:48:41.622346,4.18963098526
2019/09/06/14:48:41.626492,4.19003105164
2019/09/06/14:48:41.630231,4.19043111801
2019/09/06/14:48:41.634094,4.19083118439
2019/09/06/14:48:41.638166,4.19123125076
2019/09/06/14:48:41.642197,4.19163131714
2019/09/06/14:48:41.646044,4.19203138351
2019/09/06/14:48:41.650116,4.19243144989
2019/09/06/14:48:41.654380,4.19283151627
2019/09/06/14:48:41.658173,4.19323158264
2019/09/06/14:48:41.662287,4.19363164902
2019/09/06/14:48:41.666172,4.19403171539
2019/09/06/14:48:41.670265,4.19443178177
2019/09/06/14:48:41.674023,4.19483184814
2019/09/06/14:48:41.678065,4.19523191452
2019/09/06/14:48:41.682037,4.1956319809
2019/09/06/14:48:41.686043,4.19603204727
2019/09/06/14:48:41.690044,4.19643211365
2019/09/06/14:48:41.693970,4.19683218002
2019/09/06/14:48:41.698014,4.1972322464
2019/09/06/14:48:41.702030,4.19763231277
2019/09/06/14:48:41.706221,4.19803237915
2019/09/06/14:48:41.710297,4.19843244553
2019/09/06/14:48:41.714216,4.1988325119
2019/09/06/14:48:41.718413,4.19923257828
2019/09/06/14:48:41.722269,4.19963264465
2019/09/06/14:48:41.726556,4.20003271103
2019/09/06/14:48:41.730170,4.2004327774
2019/09/06/14:48:41.734318,4.20083284378
2019/09/06/14:48:41.738116,4.20123291016
2019/09/06/14:48:41.742183,4.20163297653
2019/09/06/14:48:41.746329,4.20203304291
2019/09/06/14:48:41.750263,4.20243310928
2019/09/06/14:48:41.754087,4.20283317566
2019/09/06/14:48:41.758134,4.20323324203
2019/09/06/14:48:41.762298,4.20363330841
2019/09/06/14:48:41.766285,4.20403337479
2019/09/06/14:48:41.770288,4.20443344116
2019/09/06/14:48:41.774129,4.20483350754
2019/09/06/14:48:41.778111,4.20523357391
2019/09/06/14:48:41.782010,4.20563364029
2019/09/06/14:48:41.786126,4.20603370667
2019/09/06/14:48:41.790157,4.20643377304
2019/09/06/14:48:41.794463,4.20683383942
2019/09/06/14:48:41.798348,4.20723390579
2019/09/06/14:48:41.802208,4.20763397217
2019/09/06/14:48:41.806374,4.20803403854
2019/09/06/14:48:41.810194,4.20843410492
2019/09/06/14:48:41.814129,4.2088341713
2019/09/06/14:48:41.818131,4.20923423767
2019/09/06/14:48:41.822127,4.20963430405
2019/09/06/14:48:41.826284,4.21003437042
2019/09/06/14:48:41.830316,4.2104344368
2019/09/06/14:48:41.834234,4.21083450317
2019/09/06/14:48:41.838177,4.21123456955
2019/09/06/14:48:41.842283,4.21163463593
2019/09/06/14:48:41.846255,4.2120347023
2019/09/06/14:48:41.849940,4.21243476868
2019/09/06/14:48:41.854076,4.21283483505
2019/09/06/14:48:41.858228,4.21323490143
2019/09/06/14:48:41.862050,4.2136349678
2019/09/06/14:48:41.866272,4.21403503418
2019/09/06/14:48:41.870247,4.21443510056
2019/09/06/14:48:41.874242,4.21483516693
2019/09/06/14:48:41.878096,4.21523523331
2019/09/06/14:48:41.882271,4.21563529968
2019/09/06/14:48:41.886160,4.21603536606
2019/09/06/14:48:41.890018,4.21643543243
2019/09/06/14:48:41.894252,4.21683549881
2019/09/06/14:48:41.898093,4.21723556519
2019/09/06/14:48:41.901993,4.21763563156
2019/09/06/14:48:41.906165,4.21803569794
2019/09/06/14:48:41.910118,4.21843576431
2019/09/06/14:48:41.914326,4.21883583069
2019/09/06/14:48:41.918345,4.21923589706
2019/09/06/14:48:41.922095,4.21963596344
2019/09/06/14:48:41.926125,4.22003602982
2019/09/06/14:48:41.930037,4.22043609619
2019/09/06/14:48:41.934403,4.22083616257
2019/09/06/14:48:41.937895,4.22123622894
2019/09/06/14:48:41.942025,4.22163629532
2019/09/06/14:48:41.946265,4.22203636169
2019/09/06/14:48:41.950436,4.22243642807
2019/09/06/14:48:41.954271,4.22283649445
2019/09/06/14:48:41.958132,4.22323656082
2019/09/06/14:48:41.962143,4.2236366272
2019/09/06/14:48:41.966200,4.22403669357
2019/09/06/14:48:41.970163,4.22443675995
2019/09/06/14:48:41.974189,4.22483682632
2019/09/06/14:48:41.977950,4.2252368927
2019/09/06/14:48:41.982099,4.22563695908
2019/09/06/14:48:41.986185,4.22603702545
2019/09/06/14:48:41.990244,4.22643709183
2019/09/06/14:48:41.994134,4.2268371582
2019/09/06/14:48:41.998158,4.22723722458
2019/09/06/14:48:42.002031,4.22763729095
2019/09/06/14:48:42.006171,4.22803735733
2019/09/06/14:48:42.009983,4.22843742371
2019/09/06/14:48:42.014073,4.22883749008
2019/09/06/14:48:42.018039,4.22923755646
2019/09/06/14:48:42.021948,4.22963762283
2019/09/06/14:48:42.026026,4.23003768921
2019/09/06/14:48:42.030160,4.23043775558
2019/09/06/14:48:42.034033,4.23083782196
2019/09/06/14:48:42.038202,4.23123788834
2019/09/06/14:48:42.042150,4.23163795471
2019/09/06/14:48:42.046129,4.23203802109
2019/09/06/14:48:42.050366,4.23243808746
2019/09/06/14:48:42.054117,4.23283815384
2019/09/06/14:48:42.058115,4.23323822021
2019/09/06/14:48:42.062110,4.23363828659
2019/09/06/14:48:42.066058,4.23403835297
2019/09/06/14:48:42.070147,4.23443841934
2019/09/06/14:48:42.074101,4.23483848572
2019/09/06/14:48:42.078068,4.23523855209
2019/09/06/14:48:42.082199,4.23563861847
2019/09/06/14:48:42.086130,4.23603868484
2019/09/06/14:48:42.090206,4.23643875122
2019/09/06/14:48:42.094124,4.2368388176
2019/09/06/14:48:42.098120,4.23723888397
2019/09/06/14:48:42.102286,4.23763895035
2019/09/06/14:48:42.106076,4.23803901672
2019/09/06/14:48:42.110127,4.2384390831
2019/09/06/14:48:42.114130,4.23883914948
2019/09/06/14:48:42.118039,4.23923921585
2019/09/06/14:48:42.122259,4.23963928223
2019/09/06/14:48:42.126313,4.2400393486
2019/09/06/14:48:42.130312,4.24043941498
2019/09/06/14:48:42.134086,4.24083948135
2019/09/06/14:48:42.138176,4.24123954773
2019/09/06/14:48:42.142082,4.24163961411
2019/09/06/14:48:42.146205,4.24203968048
2019/09/06/14:48:42.150151,4.24243974686
2019/09/06/14:48:42.154177,4.24283981323
2019/09/06/14:48:42.158090,4.24323987961
2019/09/06/14:48:42.162331,4.24363994598
2019/09/06/14:48:42.166203,4.24404001236
2019/09/06/14:48:42.170211,4.24444007874
2019/09/06/14:48:42.174155,4.24484014511
2019/09/06/14:48:42.178124,4.24524021149
2019/09/06/14:48:42.182288,4.24564027786
2019/09/06/14:48:42.186175,4.24604034424
2019/09/06/14:48:42.190328,4.24644041061
2019/09/06/14:48:42.194128,4.24684047699
2019/09/06/14:48:42.198211,4.24724054337
2019/09/06/14:48:42.202126,4.24764060974
2019/09/06/14:48:42.206305,4.24804067612
2019/09/06/14:48:42.210261,4.24844074249
2019/09/06/14:48:42.214242,4.24884080887
2019/09/06/14:48:42.218143,4.24924087524
2019/09/06/14:48:42.222147,4.24964094162
2019/09/06/14:48:42.226336,4.250041008
2019/09/06/14:48:42.230340,4.25044107437
2019/09/06/14:48:42.234152,4.25084114075
2019/09/06/14:48:42.238170,4.25124120712
2019/09/06/14:48:42.242262,4.2516412735
2019/09/06/14:48:42.246207,4.25204133987
2019/09/06/14:48:42.250171,4.25244140625
2019/09/06/14:48:42.254281,4.25284147263
2019/09/06/14:48:42.258110,4.253241539
2019/09/06/14:48:42.262156,4.25364160538
2019/09/06/14:48:42.266300,4.25404167175
2019/09/06/14:48:42.270129,4.25444173813
2019/09/06/14:48:42.274273,4.2548418045
2019/09/06/14:48:42.278485,4.25524187088
2019/09/06/14:48:42.282093,4.25564193726
2019/09/06/14:48:42.286326,4.25604200363
2019/09/06/14:48:42.290101,4.25644207001
2019/09/06/14:48:42.294121,4.25684213638
2019/09/06/14:48:42.298017,4.25724220276
2019/09/06/14:48:42.301943,4.25764226913
2019/09/06/14:48:42.306022,4.25804233551
2019/09/06/14:48:42.310242,4.25844240189
2019/09/06/14:48:42.314342,4.25884246826
2019/09/06/14:48:42.318227,4.25924253464
2019/09/06/14:48:42.322224,4.25964260101
2019/09/06/14:48:42.326149,4.26004266739
2019/09/06/14:48:42.330200,4.26044273376
2019/09/06/14:48:42.335050,4.26084280014
2019/09/06/14:48:42.338224,4.26124286652
2019/09/06/14:48:42.342226,4.26164293289
2019/09/06/14:48:42.346003,4.26204299927
2019/09/06/14:48:42.349941,4.26244306564
2019/09/06/14:48:42.354155,4.26284313202
2019/09/06/14:48:42.358117,4.26324319839
2019/09/06/14:48:42.362207,4.26364326477
2019/09/06/14:48:42.365986,4.26404333115
2019/09/06/14:48:42.370225,4.26444339752
2019/09/06/14:48:42.374174,4.2648434639
2019/09/06/14:48:42.378071,4.26524353027
2019/09/06/14:48:42.382400,4.26564359665
2019/09/06/14:48:42.386338,4.26604366302
2019/09/06/14:48:42.390259,4.2664437294
2019/09/06/14:48:42.394275,4.26684379578
2019/09/06/14:48:42.398072,4.26724386215
2019/09/06/14:48:42.402148,4.26764392853
2019/09/06/14:48:42.406064,4.2680439949
2019/09/06/14:48:42.410097,4.26844406128
2019/09/06/14:48:42.414081,4.26884412766
2019/09/06/14:48:42.418009,4.26924419403
2019/09/06/14:48:42.422217,4.26964426041
2019/09/06/14:48:42.426244,4.27004432678
2019/09/06/14:48:42.430012,4.27044439316
2019/09/06/14:48:42.434230,4.27084445953
2019/09/06/14:48:42.437896,4.27124452591
2019/09/06/14:48:42.442106,4.27164459229
2019/09/06/14:48:42.446008,4.27204465866
2019/09/06/14:48:42.450143,4.27244472504
2019/09/06/14:48:42.454211,4.27284479141
2019/09/06/14:48:42.458237,4.27324485779
2019/09/06/14:48:42.462193,4.27364492416
2019/09/06/14:48:42.466447,4.27404499054
2019/09/06/14:48:42.470345,4.27444505692
2019/09/06/14:48:42.474166,4.27484512329
2019/09/06/14:48:42.478135,4.27524518967
2019/09/06/14:48:42.482203,4.27564525604
2019/09/06/14:48:42.486498,4.27604532242
2019/09/06/14:48:42.490257,4.27644538879
2019/09/06/14:48:42.494108,4.27684545517
2019/09/06/14:48:42.498100,4.27724552155
2019/09/06/14:48:42.502139,4.27764558792
2019/09/06/14:48:42.506338,4.2780456543
2019/09/06/14:48:42.510235,4.27844572067
2019/09/06/14:48:42.514204,4.27884578705
2019/09/06/14:48:42.518116,4.27924585342
2019/09/06/14:48:42.522219,4.2796459198
2019/09/06/14:48:42.526064,4.28004598618
2019/09/06/14:48:42.530126,4.28044605255
2019/09/06/14:48:42.534212,4.28084611893
2019/09/06/14:48:42.538478,4.2812461853
2019/09/06/14:48:42.541804,4.28164625168
2019/09/06/14:48:42.545923,4.28204631805
2019/09/06/14:48:42.550054,4.28244638443
2019/09/06/14:48:42.554284,4.28284645081
2019/09/06/14:48:42.558071,4.28324651718
2019/09/06/14:48:42.562084,4.28364658356
2019/09/06/14:48:42.566099,4.28404664993
2019/09/06/14:48:42.570341,4.28444671631
2019/09/06/14:48:42.574120,4.28484678268
2019/09/06/14:48:42.578163,4.28524684906
2019/09/06/14:48:42.582147,4.28564691544
2019/09/06/14:48:42.585927,4.28604698181
2019/09/06/14:48:42.590036,4.28644704819
2019/09/06/14:48:42.594125,4.28684711456
2019/09/06/14:48:42.598151,4.28724718094
2019/09/06/14:48:42.602165,4.28764724731
2019/09/06/14:48:42.605930,4.28804731369
2019/09/06/14:48:42.610159,4.28844738007
2019/09/06/14:48:42.614238,4.28884744644
2019/09/06/14:48:42.618131,4.28924751282
2019/09/06/14:48:42.622195,4.28964757919
2019/09/06/14:48:42.626191,4.29004764557
2019/09/06/14:48:42.630352,4.29044771194
2019/09/06/14:48:42.634216,4.29084777832
2019/09/06/14:48:42.638038,4.2912478447
2019/09/06/14:48:42.642265,4.29164791107
2019/09/06/14:48:42.646101,4.29204797745
2019/09/06/14:48:42.650092,4.29244804382
2019/09/06/14:48:42.654114,4.2928481102
2019/09/06/14:48:42.658138,4.29324817657
2019/09/06/14:48:42.661945,4.29364824295
2019/09/06/14:48:42.666395,4.29404830933
2019/09/06/14:48:42.670344,4.2944483757
2019/09/06/14:48:42.674215,4.29484844208
2019/09/06/14:48:42.678350,4.29524850845
2019/09/06/14:48:42.682240,4.29564857483
2019/09/06/14:48:42.686271,4.2960486412
2019/09/06/14:48:42.690162,4.29644870758
2019/09/06/14:48:42.693986,4.29684877396
2019/09/06/14:48:42.698212,4.29724884033
2019/09/06/14:48:42.702133,4.29764890671
2019/09/06/14:48:42.706336,4.29804897308
2019/09/06/14:48:42.710395,4.29844903946
2019/09/06/14:48:42.714301,4.29884910583
2019/09/06/14:48:42.718062,4.29924917221
2019/09/06/14:48:42.722172,4.29964923859
2019/09/06/14:48:42.726273,4.30004930496
2019/09/06/14:48:42.730159,4.30044937134
2019/09/06/14:48:42.734053,4.30084943771
2019/09/06/14:48:42.738268,4.30124950409
2019/09/06/14:48:42.742203,4.30164957047
2019/09/06/14:48:42.746239,4.30204963684
2019/09/06/14:48:42.750182,4.30244970322
2019/09/06/14:48:42.754236,4.30284976959
2019/09/06/14:48:42.758092,4.30324983597
2019/09/06/14:48:42.762233,4.30364990234
2019/09/06/14:48:42.766155,4.30404996872
2019/09/06/14:48:42.770189,4.3044500351
2019/09/06/14:48:42.774329,4.30485010147
2019/09/06/14:48:42.778215,4.30525016785
2019/09/06/14:48:42.782133,4.30565023422
2019/09/06/14:48:42.786709,4.3060503006
2019/09/06/14:48:42.790246,4.30645036697
2019/09/06/14:48:42.794211,4.30685043335
2019/09/06/14:48:42.798175,4.30725049973
2019/09/06/14:48:42.802127,4.3076505661
2019/09/06/14:48:42.806276,4.30805063248
2019/09/06/14:48:42.810234,4.30845069885
2019/09/06/14:48:42.814116,4.30885076523
2019/09/06/14:48:42.818319,4.3092508316
2019/09/06/14:48:42.822069,4.30965089798
2019/09/06/14:48:42.826265,4.31005096436
2019/09/06/14:48:42.830060,4.31045103073
2019/09/06/14:48:42.833934,4.31085109711
2019/09/06/14:48:42.838163,4.31125116348
2019/09/06/14:48:42.842150,4.31165122986
2019/09/06/14:48:42.846244,4.31205129623
2019/09/06/14:48:42.850289,4.31245136261
2019/09/06/14:48:42.854154,4.31285142899
2019/09/06/14:48:42.858252,4.31325149536
2019/09/06/14:48:42.862229,4.31365156174
2019/09/06/14:48:42.866207,4.31405162811
2019/09/06/14:48:42.870332,4.31445169449
2019/09/06/14:48:42.874405,4.31485176086
2019/09/06/14:48:42.878029,4.31525182724
2019/09/06/14:48:42.881925,4.31565189362
2019/09/06/14:48:42.885969,4.31605195999
2019/09/06/14:48:42.890011,4.31645202637
2019/09/06/14:48:42.894104,4.31685209274
2019/09/06/14:48:42.898119,4.31725215912
2019/09/06/14:48:42.902122,4.31765222549
2019/09/06/14:48:42.906126,4.31805229187
2019/09/06/14:48:42.909970,4.31845235825
2019/09/06/14:48:42.914106,4.31885242462
2019/09/06/14:48:42.918290,4.319252491
2019/09/06/14:48:42.922061,4.31965255737
2019/09/06/14:48:42.926122,4.32005262375
2019/09/06/14:48:42.930055,4.32045269012
2019/09/06/14:48:42.933959,4.3208527565
2019/09/06/14:48:42.938118,4.32125282288
2019/09/06/14:48:42.942289,4.32165288925
2019/09/06/14:48:42.946170,4.32205295563
2019/09/06/14:48:42.950120,4.322453022
2019/09/06/14:48:42.954211,4.32285308838
2019/09/06/14:48:42.958135,4.32325315475
2019/09/06/14:48:42.962170,4.32365322113
2019/09/06/14:48:42.966133,4.32405328751
2019/09/06/14:48:42.970237,4.32445335388
2019/09/06/14:48:42.974038,4.32485342026
2019/09/06/14:48:42.978249,4.32525348663
2019/09/06/14:48:42.982260,4.32565355301
2019/09/06/14:48:42.986143,4.32605361938
2019/09/06/14:48:42.989928,4.32645368576
2019/09/06/14:48:42.994124,4.32685375214
2019/09/06/14:48:42.998160,4.32725381851
2019/09/06/14:48:43.002304,4.32765388489
2019/09/06/14:48:43.006071,4.32805395126
2019/09/06/14:48:43.010193,4.32845401764
2019/09/06/14:48:43.014150,4.32885408401
2019/09/06/14:48:43.018142,4.32925415039
2019/09/06/14:48:43.022119,4.32965421677
2019/09/06/14:48:43.026396,4.33005428314
2019/09/06/14:48:43.030297,4.33045434952
2019/09/06/14:48:43.034121,4.33085441589
2019/09/06/14:48:43.037981,4.33125448227
2019/09/06/14:48:43.042259,4.33165454865
2019/09/06/14:48:43.046132,4.33205461502
2019/09/06/14:48:43.050174,4.3324546814
2019/09/06/14:48:43.054030,4.33285474777
2019/09/06/14:48:43.058131,4.33325481415
2019/09/06/14:48:43.062394,4.33365488052
2019/09/06/14:48:43.066142,4.3340549469
2019/09/06/14:48:43.070012,4.33445501328
2019/09/06/14:48:43.074220,4.33485507965
2019/09/06/14:48:43.078308,4.33525514603
2019/09/06/14:48:43.082304,4.3356552124
2019/09/06/14:48:43.086114,4.33605527878
2019/09/06/14:48:43.090103,4.33645534515
2019/09/06/14:48:43.094390,4.33685541153
2019/09/06/14:48:43.098156,4.33725547791
2019/09/06/14:48:43.102026,4.33765554428
2019/09/06/14:48:43.106216,4.33805561066
2019/09/06/14:48:43.110177,4.33845567703
2019/09/06/14:48:43.114031,4.33885574341
2019/09/06/14:48:43.118032,4.33925580978
2019/09/06/14:48:43.122087,4.33965587616
2019/09/06/14:48:43.126150,4.34005594254
2019/09/06/14:48:43.130052,4.34045600891
2019/09/06/14:48:43.134028,4.34085607529
2019/09/06/14:48:43.138126,4.34125614166
2019/09/06/14:48:43.142510,4.34165620804
2019/09/06/14:48:43.146308,4.34205627441
2019/09/06/14:48:43.150372,4.34245634079
2019/09/06/14:48:43.154285,4.34285640717
2019/09/06/14:48:43.158433,4.34325647354
2019/09/06/14:48:43.162182,4.34365653992
2019/09/06/14:48:43.166245,4.34405660629
2019/09/06/14:48:43.170111,4.34445667267
2019/09/06/14:48:43.174049,4.34485673904
2019/09/06/14:48:43.178107,4.34525680542
2019/09/06/14:48:43.182063,4.3456568718
2019/09/06/14:48:43.186120,4.34605693817
2019/09/06/14:48:43.190018,4.34645700455
2019/09/06/14:48:43.194056,4.34685707092
2019/09/06/14:48:43.198024,4.3472571373
2019/09/06/14:48:43.202149,4.34765720367
2019/09/06/14:48:43.206071,4.34805727005
2019/09/06/14:48:43.210087,4.34845733643
2019/09/06/14:48:43.214170,4.3488574028
2019/09/06/14:48:43.218187,4.34925746918
2019/09/06/14:48:43.222211,4.34965753555
2019/09/06/14:48:43.226112,4.35005760193
2019/09/06/14:48:43.230066,4.3504576683
2019/09/06/14:48:43.233885,4.35085773468
2019/09/06/14:48:43.238106,4.35125780106
2019/09/06/14:48:43.242140,4.35165786743
2019/09/06/14:48:43.246116,4.35205793381
2019/09/06/14:48:43.250033,4.35245800018
2019/09/06/14:48:43.254185,4.35285806656
2019/09/06/14:48:43.258164,4.35325813293
2019/09/06/14:48:43.262043,4.35365819931
2019/09/06/14:48:43.266325,4.35405826569
2019/09/06/14:48:43.270033,4.35445833206
2019/09/06/14:48:43.274050,4.35485839844
2019/09/06/14:48:43.278170,4.35525846481
2019/09/06/14:48:43.282199,4.35565853119
2019/09/06/14:48:43.286228,4.35605859756
2019/09/06/14:48:43.290271,4.35645866394
2019/09/06/14:48:43.293754,4.35685873032
2019/09/06/14:48:43.298009,4.35725879669
2019/09/06/14:48:43.302240,4.35765886307
2019/09/06/14:48:43.306053,4.35805892944
2019/09/06/14:48:43.310369,4.35845899582
2019/09/06/14:48:43.314171,4.35885906219
2019/09/06/14:48:43.318062,4.35925912857
2019/09/06/14:48:43.322157,4.35965919495
2019/09/06/14:48:43.326191,4.36005926132
2019/09/06/14:48:43.330237,4.3604593277
2019/09/06/14:48:43.333980,4.36085939407
2019/09/06/14:48:43.338055,4.36125946045
2019/09/06/14:48:43.342084,4.36165952682
2019/09/06/14:48:43.346166,4.3620595932
2019/09/06/14:48:43.350182,4.36245965958
2019/09/06/14:48:43.354087,4.36285972595
2019/09/06/14:48:43.358095,4.36325979233
2019/09/06/14:48:43.362156,4.3636598587
2019/09/06/14:48:43.366154,4.36405992508
2019/09/06/14:48:43.370239,4.36445999146
2019/09/06/14:48:43.374084,4.36486005783
2019/09/06/14:48:43.378110,4.36526012421
2019/09/06/14:48:43.382133,4.36566019058
2019/09/06/14:48:43.386199,4.36606025696
2019/09/06/14:48:43.390310,4.36646032333
2019/09/06/14:48:43.394261,4.36686038971
2019/09/06/14:48:43.398149,4.36726045609
2019/09/06/14:48:43.402156,4.36766052246
2019/09/06/14:48:43.406163,4.36806058884
2019/09/06/14:48:43.410144,4.36846065521
2019/09/06/14:48:43.414138,4.36886072159
2019/09/06/14:48:43.418192,4.36926078796
2019/09/06/14:48:43.422067,4.36966085434
2019/09/06/14:48:43.426065,4.37006092072
2019/09/06/14:48:43.430248,4.37046098709
2019/09/06/14:48:43.434307,4.37086105347
2019/09/06/14:48:43.438194,4.37126111984
2019/09/06/14:48:43.442120,4.37166118622
2019/09/06/14:48:43.446097,4.37206125259
2019/09/06/14:48:43.450073,4.37246131897
2019/09/06/14:48:43.453956,4.37286138535
2019/09/06/14:48:43.458034,4.37326145172
2019/09/06/14:48:43.462067,4.3736615181
2019/09/06/14:48:43.466030,4.37406158447
2019/09/06/14:48:43.470233,4.37446165085
2019/09/06/14:48:43.474214,4.37486171722
2019/09/06/14:48:43.478286,4.3752617836
2019/09/06/14:48:43.482140,4.37566184998
2019/09/06/14:48:43.485956,4.37606191635
2019/09/06/14:48:43.490160,4.37646198273
2019/09/06/14:48:43.494214,4.3768620491
2019/09/06/14:48:43.498104,4.37726211548
2019/09/06/14:48:43.502079,4.37766218185
2019/09/06/14:48:43.506080,4.37806224823
2019/09/06/14:48:43.510215,4.37846231461
2019/09/06/14:48:43.514295,4.37886238098
2019/09/06/14:48:43.517984,4.37926244736
2019/09/06/14:48:43.522085,4.37966251373
2019/09/06/14:48:43.526018,4.38006258011
2019/09/06/14:48:43.530071,4.38046264648
2019/09/06/14:48:43.534009,4.38086271286
2019/09/06/14:48:43.538375,4.38126277924
2019/09/06/14:48:43.542300,4.38166284561
2019/09/06/14:48:43.545989,4.38206291199
2019/09/06/14:48:43.550071,4.38246297836
2019/09/06/14:48:43.554208,4.38286304474
2019/09/06/14:48:43.558127,4.38326311111
2019/09/06/14:48:43.562362,4.38366317749
2019/09/06/14:48:43.565969,4.38406324387
2019/09/06/14:48:43.570029,4.38446331024
2019/09/06/14:48:43.573929,4.38486337662
2019/09/06/14:48:43.578121,4.38526344299
2019/09/06/14:48:43.581922,4.38566350937
2019/09/06/14:48:43.585947,4.38606357574
2019/09/06/14:48:43.590074,4.38646364212
2019/09/06/14:48:43.594104,4.3868637085
2019/09/06/14:48:43.598056,4.38726377487
2019/09/06/14:48:43.602183,4.38766384125
2019/09/06/14:48:43.606236,4.38806390762
2019/09/06/14:48:43.610471,4.388463974
2019/09/06/14:48:43.614200,4.38886404037
2019/09/06/14:48:43.618314,4.38926410675
2019/09/06/14:48:43.622351,4.38966417313
2019/09/06/14:48:43.626417,4.3900642395
2019/09/06/14:48:43.629972,4.39046430588
2019/09/06/14:48:43.634169,4.39086437225
2019/09/06/14:48:43.638156,4.39126443863
2019/09/06/14:48:43.642201,4.391664505
2019/09/06/14:48:43.646032,4.39206457138
2019/09/06/14:48:43.650063,4.39246463776
2019/09/06/14:48:43.654112,4.39286470413
2019/09/06/14:48:43.658252,4.39326477051
2019/09/06/14:48:43.662214,4.39366483688
2019/09/06/14:48:43.666270,4.39406490326
2019/09/06/14:48:43.670158,4.39446496964
2019/09/06/14:48:43.674234,4.39486503601
2019/09/06/14:48:43.678109,4.39526510239
2019/09/06/14:48:43.682154,4.39566516876
2019/09/06/14:48:43.686139,4.39606523514
2019/09/06/14:48:43.690165,4.39646530151
2019/09/06/14:48:43.694057,4.39686536789
2019/09/06/14:48:43.697956,4.39726543427
2019/09/06/14:48:43.702151,4.39766550064
2019/09/06/14:48:43.706115,4.39806556702
2019/09/06/14:48:43.710088,4.39846563339
2019/09/06/14:48:43.714149,4.39886569977
2019/09/06/14:48:43.718078,4.39926576614
2019/09/06/14:48:43.722078,4.39966583252
2019/09/06/14:48:43.726054,4.4000658989
2019/09/06/14:48:43.730203,4.40046596527
2019/09/06/14:48:43.734229,4.40086603165
2019/09/06/14:48:43.738378,4.40126609802
2019/09/06/14:48:43.742180,4.4016661644
2019/09/06/14:48:43.745914,4.40206623077
2019/09/06/14:48:43.750284,4.40246629715
2019/09/06/14:48:43.754247,4.40286636353
2019/09/06/14:48:43.757846,4.4032664299
2019/09/06/14:48:43.762138,4.40366649628
2019/09/06/14:48:43.765950,4.40406656265
2019/09/06/14:48:43.770118,4.40446662903
2019/09/06/14:48:43.774068,4.4048666954
2019/09/06/14:48:43.778275,4.40526676178
2019/09/06/14:48:43.782044,4.40566682816
2019/09/06/14:48:43.785879,4.40606689453
2019/09/06/14:48:43.789964,4.40646696091
2019/09/06/14:48:43.794128,4.40686702728
2019/09/06/14:48:43.797930,4.40726709366
2019/09/06/14:48:43.802113,4.40766716003
2019/09/06/14:48:43.805940,4.40806722641
2019/09/06/14:48:43.810194,4.40846729279
2019/09/06/14:48:43.814033,4.40886735916
2019/09/06/14:48:43.818170,4.40926742554
2019/09/06/14:48:43.822209,4.40966749191
2019/09/06/14:48:43.826061,4.41006755829
2019/09/06/14:48:43.830134,4.41046762466
2019/09/06/14:48:43.834165,4.41086769104
2019/09/06/14:48:43.837822,4.41126775742
2019/09/06/14:48:43.842047,4.41166782379
2019/09/06/14:48:43.846363,4.41206789017
2019/09/06/14:48:43.849994,4.41246795654
2019/09/06/14:48:43.853940,4.41286802292
2019/09/06/14:48:43.858066,4.41326808929
2019/09/06/14:48:43.862015,4.41366815567
2019/09/06/14:48:43.865972,4.41406822205
2019/09/06/14:48:43.869957,4.41446828842
2019/09/06/14:48:43.874243,4.4148683548
2019/09/06/14:48:43.878205,4.41526842117
2019/09/06/14:48:43.881977,4.41566848755
2019/09/06/14:48:43.885911,4.41606855392
2019/09/06/14:48:43.890211,4.4164686203
2019/09/06/14:48:43.894028,4.41686868668
2019/09/06/14:48:43.898046,4.41726875305
2019/09/06/14:48:43.902133,4.41766881943
2019/09/06/14:48:43.906241,4.4180688858
2019/09/06/14:48:43.910033,4.41846895218
2019/09/06/14:48:43.914103,4.41886901855
2019/09/06/14:48:43.918003,4.41926908493
2019/09/06/14:48:43.922122,4.41966915131
2019/09/06/14:48:43.926229,4.42006921768
2019/09/06/14:48:43.930148,4.42046928406
2019/09/06/14:48:43.934195,4.42086935043
2019/09/06/14:48:43.938134,4.42126941681
2019/09/06/14:48:43.942150,4.42166948318
2019/09/06/14:48:43.946214,4.42206954956
2019/09/06/14:48:43.949945,4.42246961594
2019/09/06/14:48:43.954190,4.42286968231
2019/09/06/14:48:43.958392,4.42326974869
2019/09/06/14:48:43.962225,4.42366981506
2019/09/06/14:48:43.966072,4.42406988144
2019/09/06/14:48:43.970339,4.42446994781
2019/09/06/14:48:43.974275,4.42487001419
2019/09/06/14:48:43.978241,4.42527008057
2019/09/06/14:48:43.982081,4.42567014694
2019/09/06/14:48:43.986277,4.42607021332
2019/09/06/14:48:43.990309,4.42647027969
2019/09/06/14:48:43.994292,4.42687034607
2019/09/06/14:48:43.998128,4.42727041245
2019/09/06/14:48:44.001821,4.42767047882
2019/09/06/14:48:44.006084,4.4280705452
2019/09/06/14:48:44.010184,4.42847061157
2019/09/06/14:48:44.014058,4.42887067795
2019/09/06/14:48:44.018204,4.42927074432
2019/09/06/14:48:44.022002,4.4296708107
2019/09/06/14:48:44.026147,4.43007087708
2019/09/06/14:48:44.030121,4.43047094345
2019/09/06/14:48:44.034435,4.43087100983
2019/09/06/14:48:44.038274,4.4312710762
2019/09/06/14:48:44.042162,4.43167114258
2019/09/06/14:48:44.045962,4.43207120895
2019/09/06/14:48:44.050115,4.43247127533
2019/09/06/14:48:44.053926,4.43287134171
2019/09/06/14:48:44.057984,4.43327140808
2019/09/06/14:48:44.062049,4.43367147446
2019/09/06/14:48:44.065970,4.43407154083
2019/09/06/14:48:44.070034,4.43447160721
2019/09/06/14:48:44.074229,4.43487167358
2019/09/06/14:48:44.078102,4.43527173996
2019/09/06/14:48:44.082051,4.43567180634
2019/09/06/14:48:44.086276,4.43607187271
2019/09/06/14:48:44.090214,4.43647193909
2019/09/06/14:48:44.094009,4.43687200546
2019/09/06/14:48:44.098164,4.43727207184
2019/09/06/14:48:44.102051,4.43767213821
2019/09/06/14:48:44.106250,4.43807220459
2019/09/06/14:48:44.109929,4.43847227097
2019/09/06/14:48:44.114052,4.43887233734
2019/09/06/14:48:44.117991,4.43927240372
2019/09/06/14:48:44.122077,4.43967247009
2019/09/06/14:48:44.125952,4.44007253647
2019/09/06/14:48:44.130233,4.44047260284
2019/09/06/14:48:44.134084,4.44087266922
2019/09/06/14:48:44.138181,4.4412727356
2019/09/06/14:48:44.142367,4.44167280197
2019/09/06/14:48:44.146364,4.44207286835
2019/09/06/14:48:44.149962,4.44247293472
2019/09/06/14:48:44.154121,4.4428730011
2019/09/06/14:48:44.158150,4.44327306747
2019/09/06/14:48:44.162270,4.44367313385
2019/09/06/14:48:44.166263,4.44407320023
2019/09/06/14:48:44.170085,4.4444732666
2019/09/06/14:48:44.174121,4.44487333298
2019/09/06/14:48:44.178149,4.44527339935
2019/09/06/14:48:44.182384,4.44567346573
2019/09/06/14:48:44.186161,4.4460735321
2019/09/06/14:48:44.190179,4.44647359848
2019/09/06/14:48:44.194262,4.44687366486
2019/09/06/14:48:44.198197,4.44727373123
2019/09/06/14:48:44.202254,4.44767379761
2019/09/06/14:48:44.205940,4.44807386398
2019/09/06/14:48:44.210093,4.44847393036
2019/09/06/14:48:44.214185,4.44887399673
2019/09/06/14:48:44.218113,4.44927406311
2019/09/06/14:48:44.222102,4.44967412949
2019/09/06/14:48:44.226168,4.45007419586
2019/09/06/14:48:44.230247,4.45047426224
2019/09/06/14:48:44.234135,4.45087432861
2019/09/06/14:48:44.237846,4.45127439499
2019/09/06/14:48:44.242110,4.45167446136
2019/09/06/14:48:44.246242,4.45207452774
2019/09/06/14:48:44.250127,4.45247459412
2019/09/06/14:48:44.253971,4.45287466049
2019/09/06/14:48:44.258133,4.45327472687
2019/09/06/14:48:44.262176,4.45367479324
2019/09/06/14:48:44.266156,4.45407485962
2019/09/06/14:48:44.270018,4.45447492599
2019/09/06/14:48:44.274333,4.45487499237
2019/09/06/14:48:44.278258,4.45527505875
2019/09/06/14:48:44.282149,4.45567512512
2019/09/06/14:48:44.286047,4.4560751915
2019/09/06/14:48:44.290082,4.45647525787
2019/09/06/14:48:44.294007,4.45687532425
2019/09/06/14:48:44.298260,4.45727539062
2019/09/06/14:48:44.302353,4.457675457
2019/09/06/14:48:44.305871,4.45807552338
2019/09/06/14:48:44.310177,4.45847558975
2019/09/06/14:48:44.314189,4.45887565613
2019/09/06/14:48:44.317910,4.4592757225
2019/09/06/14:48:44.322072,4.45967578888
2019/09/06/14:48:44.325962,4.46007585526
2019/09/06/14:48:44.330233,4.46047592163
2019/09/06/14:48:44.333886,4.46087598801
2019/09/06/14:48:44.338410,4.46127605438
2019/09/06/14:48:44.342201,4.46167612076
2019/09/06/14:48:44.346253,4.46207618713
2019/09/06/14:48:44.350068,4.46247625351
2019/09/06/14:48:44.354193,4.46287631989
2019/09/06/14:48:44.358062,4.46327638626
2019/09/06/14:48:44.362254,4.46367645264
2019/09/06/14:48:44.366123,4.46407651901
2019/09/06/14:48:44.370154,4.46447658539
2019/09/06/14:48:44.374171,4.46487665176
2019/09/06/14:48:44.378363,4.46527671814
2019/09/06/14:48:44.382257,4.46567678452
2019/09/06/14:48:44.386013,4.46607685089
2019/09/06/14:48:44.390342,4.46647691727
2019/09/06/14:48:44.394281,4.46687698364
2019/09/06/14:48:44.398097,4.46727705002
2019/09/06/14:48:44.402266,4.46767711639
2019/09/06/14:48:44.406368,4.46807718277
2019/09/06/14:48:44.410242,4.46847724915
2019/09/06/14:48:44.414029,4.46887731552
2019/09/06/14:48:44.418110,4.4692773819
2019/09/06/14:48:44.422192,4.46967744827
2019/09/06/14:48:44.426298,4.47007751465
2019/09/06/14:48:44.430485,4.47047758102
2019/09/06/14:48:44.434040,4.4708776474
2019/09/06/14:48:44.437866,4.47127771378
2019/09/06/14:48:44.442018,4.47167778015
2019/09/06/14:48:44.446015,4.47207784653
2019/09/06/14:48:44.450065,4.4724779129
2019/09/06/14:48:44.454142,4.47287797928
2019/09/06/14:48:44.458319,4.47327804565
2019/09/06/14:48:44.461974,4.47367811203
2019/09/06/14:48:44.466280,4.47407817841
2019/09/06/14:48:44.470310,4.47447824478
2019/09/06/14:48:44.474154,4.47487831116
2019/09/06/14:48:44.478173,4.47527837753
2019/09/06/14:48:44.482432,4.47567844391
2019/09/06/14:48:44.486190,4.47607851028
2019/09/06/14:48:44.490068,4.47647857666
2019/09/06/14:48:44.494381,4.47687864304
2019/09/06/14:48:44.498039,4.47727870941
2019/09/06/14:48:44.502246,4.47767877579
2019/09/06/14:48:44.506342,4.47807884216
2019/09/06/14:48:44.510090,4.47847890854
2019/09/06/14:48:44.514115,4.47887897491
2019/09/06/14:48:44.518205,4.47927904129
2019/09/06/14:48:44.522345,4.47967910767
2019/09/06/14:48:44.526250,4.48007917404
2019/09/06/14:48:44.530283,4.48047924042
2019/09/06/14:48:44.534223,4.48087930679
2019/09/06/14:48:44.538733,4.48127937317
2019/09/06/14:48:44.542007,4.48167943954
2019/09/06/14:48:44.545979,4.48207950592
2019/09/06/14:48:44.550206,4.4824795723
2019/09/06/14:48:44.554123,4.48287963867
2019/09/06/14:48:44.558003,4.48327970505
2019/09/06/14:48:44.562059,4.48367977142
2019/09/06/14:48:44.566206,4.4840798378
2019/09/06/14:48:44.570060,4.48447990417
2019/09/06/14:48:44.574018,4.48487997055
2019/09/06/14:48:44.578421,4.48528003693
2019/09/06/14:48:44.582130,4.4856801033
2019/09/06/14:48:44.586087,4.48608016968
2019/09/06/14:48:44.590232,4.48648023605
2019/09/06/14:48:44.594385,4.48688030243
2019/09/06/14:48:44.598191,4.4872803688
2019/09/06/14:48:44.602293,4.48768043518
2019/09/06/14:48:44.606380,4.48808050156
2019/09/06/14:48:44.610078,4.48848056793
2019/09/06/14:48:44.614422,4.48888063431
2019/09/06/14:48:44.617964,4.48928070068
2019/09/06/14:48:44.621922,4.48968076706
2019/09/06/14:48:44.625998,4.49008083344
2019/09/06/14:48:44.629970,4.49048089981
2019/09/06/14:48:44.633948,4.49088096619
2019/09/06/14:48:44.638053,4.49128103256
2019/09/06/14:48:44.642337,4.49168109894
2019/09/06/14:48:44.645854,4.49208116531
2019/09/06/14:48:44.650522,4.49248123169
2019/09/06/14:48:44.654258,4.49288129807
2019/09/06/14:48:44.658392,4.49328136444
2019/09/06/14:48:44.662040,4.49368143082
2019/09/06/14:48:44.666246,4.49408149719
2019/09/06/14:48:44.670201,4.49448156357
2019/09/06/14:48:44.674194,4.49488162994
2019/09/06/14:48:44.678325,4.49528169632
2019/09/06/14:48:44.682338,4.4956817627
2019/09/06/14:48:44.686075,4.49608182907
2019/09/06/14:48:44.690064,4.49648189545
2019/09/06/14:48:44.694074,4.49688196182
2019/09/06/14:48:44.698204,4.4972820282
2019/09/06/14:48:44.702212,4.49768209457
2019/09/06/14:48:44.706268,4.49808216095
2019/09/06/14:48:44.709979,4.49848222733
2019/09/06/14:48:44.714268,4.4988822937
2019/09/06/14:48:44.718251,4.49928236008
2019/09/06/14:48:44.722106,4.49968242645
2019/09/06/14:48:44.726007,4.50008249283
2019/09/06/14:48:44.730060,4.5004825592
2019/09/06/14:48:44.734165,4.50088262558
2019/09/06/14:48:44.737791,4.50128269196
2019/09/06/14:48:44.742077,4.50168275833
2019/09/06/14:48:44.746062,4.50208282471
2019/09/06/14:48:44.750099,4.50248289108
2019/09/06/14:48:44.754186,4.50288295746
2019/09/06/14:48:44.758131,4.50328302383
2019/09/06/14:48:44.762058,4.50368309021
2019/09/06/14:48:44.766209,4.50408315659
2019/09/06/14:48:44.770232,4.50448322296
2019/09/06/14:48:44.774348,4.50488328934
2019/09/06/14:48:44.778337,4.50528335571
2019/09/06/14:48:44.782159,4.50568342209
2019/09/06/14:48:44.786099,4.50608348846
2019/09/06/14:48:44.790028,4.50648355484
2019/09/06/14:48:44.794191,4.50688362122
2019/09/06/14:48:44.798182,4.50728368759
2019/09/06/14:48:44.802245,4.50768375397
2019/09/06/14:48:44.806031,4.50808382034
2019/09/06/14:48:44.810098,4.50848388672
2019/09/06/14:48:44.814080,4.50888395309
2019/09/06/14:48:44.818267,4.50928401947
2019/09/06/14:48:44.822121,4.50968408585
2019/09/06/14:48:44.826111,4.51008415222
2019/09/06/14:48:44.830276,4.5104842186
2019/09/06/14:48:44.834366,4.51088428497
2019/09/06/14:48:44.838164,4.51128435135
2019/09/06/14:48:44.842049,4.51168441772
2019/09/06/14:48:44.846047,4.5120844841
2019/09/06/14:48:44.850029,4.51248455048
2019/09/06/14:48:44.854289,4.51288461685
2019/09/06/14:48:44.858063,4.51328468323
2019/09/06/14:48:44.862108,4.5136847496
2019/09/06/14:48:44.866143,4.51408481598
2019/09/06/14:48:44.869994,4.51448488235
2019/09/06/14:48:44.874214,4.51488494873
2019/09/06/14:48:44.878392,4.51528501511
2019/09/06/14:48:44.882110,4.51568508148
2019/09/06/14:48:44.885915,4.51608514786
2019/09/06/14:48:44.890107,4.51648521423
2019/09/06/14:48:44.893892,4.51688528061
2019/09/06/14:48:44.898050,4.51728534698
2019/09/06/14:48:44.902083,4.51768541336
2019/09/06/14:48:44.906190,4.51808547974
2019/09/06/14:48:44.910577,4.51848554611
2019/09/06/14:48:44.914037,4.51888561249
2019/09/06/14:48:44.918140,4.51928567886
2019/09/06/14:48:44.922034,4.51968574524
2019/09/06/14:48:44.926048,4.52008581161
2019/09/06/14:48:44.930066,4.52048587799
2019/09/06/14:48:44.934052,4.52088594437
2019/09/06/14:48:44.938085,4.52128601074
2019/09/06/14:48:44.942181,4.52168607712
2019/09/06/14:48:44.945983,4.52208614349
2019/09/06/14:48:44.950065,4.52248620987
2019/09/06/14:48:44.954395,4.52288627625
2019/09/06/14:48:44.958074,4.52328634262
2019/09/06/14:48:44.962181,4.523686409
2019/09/06/14:48:44.965884,4.52408647537
2019/09/06/14:48:44.969993,4.52448654175
2019/09/06/14:48:44.974013,4.52488660812
2019/09/06/14:48:44.977965,4.5252866745
2019/09/06/14:48:44.982166,4.52568674088
2019/09/06/14:48:44.986014,4.52608680725
2019/09/06/14:48:44.989943,4.52648687363
2019/09/06/14:48:44.994009,4.52688694
2019/09/06/14:48:44.998230,4.52728700638
2019/09/06/14:48:45.001984,4.52768707275
2019/09/06/14:48:45.006012,4.52808713913
2019/09/06/14:48:45.010027,4.52848720551
2019/09/06/14:48:45.014352,4.52888727188
2019/09/06/14:48:45.018244,4.52928733826
2019/09/06/14:48:45.022186,4.52968740463
2019/09/06/14:48:45.026207,4.53008747101
2019/09/06/14:48:45.030262,4.53048753738
2019/09/06/14:48:45.034340,4.53088760376
2019/09/06/14:48:45.038070,4.53128767014
2019/09/06/14:48:45.042323,4.53168773651
2019/09/06/14:48:45.046093,4.53208780289
2019/09/06/14:48:45.050111,4.53248786926
2019/09/06/14:48:45.054291,4.53288793564
2019/09/06/14:48:45.058181,4.53328800201
2019/09/06/14:48:45.062346,4.53368806839
2019/09/06/14:48:45.066404,4.53408813477
2019/09/06/14:48:45.070296,4.53448820114
2019/09/06/14:48:45.074212,4.53488826752
2019/09/06/14:48:45.078128,4.53528833389
2019/09/06/14:48:45.082017,4.53568840027
2019/09/06/14:48:45.086290,4.53608846664
2019/09/06/14:48:45.090268,4.53648853302
2019/09/06/14:48:45.094301,4.5368885994
2019/09/06/14:48:45.098303,4.53728866577
2019/09/06/14:48:45.102303,4.53768873215
2019/09/06/14:48:45.106143,4.53808879852
2019/09/06/14:48:45.110122,4.5384888649
2019/09/06/14:48:45.113835,4.53888893127
2019/09/06/14:48:45.118174,4.53928899765
2019/09/06/14:48:45.122061,4.53968906403
2019/09/06/14:48:45.126143,4.5400891304
2019/09/06/14:48:45.130183,4.54048919678
2019/09/06/14:48:45.134103,4.54088926315
2019/09/06/14:48:45.138152,4.54128932953
2019/09/06/14:48:45.142090,4.5416893959
2019/09/06/14:48:45.146210,4.54208946228
2019/09/06/14:48:45.150225,4.54248952866
2019/09/06/14:48:45.154206,4.54288959503
2019/09/06/14:48:45.158071,4.54328966141
2019/09/06/14:48:45.161982,4.54368972778
2019/09/06/14:48:45.166074,4.54408979416
2019/09/06/14:48:45.170090,4.54448986053
2019/09/06/14:48:45.174072,4.54488992691
2019/09/06/14:48:45.177985,4.54528999329
2019/09/06/14:48:45.182153,4.54569005966
2019/09/06/14:48:45.186042,4.54609012604
2019/09/06/14:48:45.190116,4.54649019241
2019/09/06/14:48:45.194120,4.54689025879
2019/09/06/14:48:45.198113,4.54729032516
2019/09/06/14:48:45.202166,4.54769039154
2019/09/06/14:48:45.206333,4.54809045792
2019/09/06/14:48:45.210097,4.54849052429
2019/09/06/14:48:45.213966,4.54889059067
2019/09/06/14:48:45.218200,4.54929065704
2019/09/06/14:48:45.222111,4.54969072342
2019/09/06/14:48:45.226413,4.55009078979
2019/09/06/14:48:45.230044,4.55049085617
2019/09/06/14:48:45.234047,4.55089092255
2019/09/06/14:48:45.237948,4.55129098892
2019/09/06/14:48:45.242116,4.5516910553
2019/09/06/14:48:45.246077,4.55209112167
2019/09/06/14:48:45.250328,4.55249118805
2019/09/06/14:48:45.254329,4.55289125443
2019/09/06/14:48:45.258184,4.5532913208
2019/09/06/14:48:45.262079,4.55369138718
2019/09/06/14:48:45.266317,4.55409145355
2019/09/06/14:48:45.270176,4.55449151993
2019/09/06/14:48:45.274008,4.5548915863
2019/09/06/14:48:45.278304,4.55529165268
2019/09/06/14:48:45.282338,4.55569171906
2019/09/06/14:48:45.285965,4.55609178543
2019/09/06/14:48:45.290132,4.55649185181
2019/09/06/14:48:45.294080,4.55689191818
2019/09/06/14:48:45.298193,4.55729198456
2019/09/06/14:48:45.302097,4.55769205093
2019/09/06/14:48:45.306128,4.55809211731
2019/09/06/14:48:45.310265,4.55849218369
2019/09/06/14:48:45.314141,4.55889225006
2019/09/06/14:48:45.318110,4.55929231644
2019/09/06/14:48:45.322168,4.55969238281
2019/09/06/14:48:45.325935,4.56009244919
2019/09/06/14:48:45.330090,4.56049251556
2019/09/06/14:48:45.334385,4.56089258194
2019/09/06/14:48:45.338467,4.56129264832
2019/09/06/14:48:45.342115,4.56169271469
2019/09/06/14:48:45.346357,4.56209278107
2019/09/06/14:48:45.350101,4.56249284744
2019/09/06/14:48:45.354141,4.56289291382
2019/09/06/14:48:45.358094,4.56329298019
2019/09/06/14:48:45.362097,4.56369304657
2019/09/06/14:48:45.366112,4.56409311295
2019/09/06/14:48:45.370369,4.56449317932
2019/09/06/14:48:45.373892,4.5648932457
2019/09/06/14:48:45.377996,4.56529331207
2019/09/06/14:48:45.382224,4.56569337845
2019/09/06/14:48:45.385917,4.56609344482
2019/09/06/14:48:45.390051,4.5664935112
2019/09/06/14:48:45.394222,4.56689357758
2019/09/06/14:48:45.398187,4.56729364395
2019/09/06/14:48:45.402108,4.56769371033
2019/09/06/14:48:45.405972,4.5680937767
2019/09/06/14:48:45.410203,4.56849384308
2019/09/06/14:48:45.414194,4.56889390945
2019/09/06/14:48:45.418120,4.56929397583
2019/09/06/14:48:45.422238,4.56969404221
2019/09/06/14:48:45.426006,4.57009410858
2019/09/06/14:48:45.430233,4.57049417496
2019/09/06/14:48:45.434289,4.57089424133
2019/09/06/14:48:45.438115,4.57129430771
2019/09/06/14:48:45.441965,4.57169437408
2019/09/06/14:48:45.446086,4.57209444046
2019/09/06/14:48:45.450114,4.57249450684
2019/09/06/14:48:45.454345,4.57289457321
2019/09/06/14:48:45.458074,4.57329463959
2019/09/06/14:48:45.462080,4.57369470596
2019/09/06/14:48:45.466263,4.57409477234
2019/09/06/14:48:45.470150,4.57449483871
2019/09/06/14:48:45.474084,4.57489490509
2019/09/06/14:48:45.478120,4.57529497147
2019/09/06/14:48:45.481927,4.57569503784
2019/09/06/14:48:45.485947,4.57609510422
2019/09/06/14:48:45.490050,4.57649517059
2019/09/06/14:48:45.494137,4.57689523697
2019/09/06/14:48:45.498146,4.57729530334
2019/09/06/14:48:45.502118,4.57769536972
2019/09/06/14:48:45.506225,4.5780954361
2019/09/06/14:48:45.510263,4.57849550247
2019/09/06/14:48:45.514153,4.57889556885
2019/09/06/14:48:45.518017,4.57929563522
2019/09/06/14:48:45.522105,4.5796957016
2019/09/06/14:48:45.526083,4.58009576797
2019/09/06/14:48:45.530210,4.58049583435
2019/09/06/14:48:45.534053,4.58089590073
2019/09/06/14:48:45.537995,4.5812959671
2019/09/06/14:48:45.542243,4.58169603348
2019/09/06/14:48:45.546130,4.58209609985
2019/09/06/14:48:45.550004,4.58249616623
2019/09/06/14:48:45.554176,4.5828962326
2019/09/06/14:48:45.558142,4.58329629898
2019/09/06/14:48:45.562264,4.58369636536
2019/09/06/14:48:45.566198,4.58409643173
2019/09/06/14:48:45.570007,4.58449649811
2019/09/06/14:48:45.574003,4.58489656448
2019/09/06/14:48:45.578018,4.58529663086
2019/09/06/14:48:45.581971,4.58569669724
2019/09/06/14:48:45.586308,4.58609676361
2019/09/06/14:48:45.590342,4.58649682999
2019/09/06/14:48:45.594370,4.58689689636
2019/09/06/14:48:45.598056,4.58729696274
2019/09/06/14:48:45.602180,4.58769702911
2019/09/06/14:48:45.606114,4.58809709549
2019/09/06/14:48:45.610303,4.58849716187
2019/09/06/14:48:45.614276,4.58889722824
2019/09/06/14:48:45.618712,4.58929729462
2019/09/06/14:48:45.622217,4.58969736099
2019/09/06/14:48:45.626321,4.59009742737
2019/09/06/14:48:45.630131,4.59049749374
2019/09/06/14:48:45.634158,4.59089756012
2019/09/06/14:48:45.637897,4.5912976265
2019/09/06/14:48:45.642264,4.59169769287
2019/09/06/14:48:45.647633,4.59209775925
2019/09/06/14:48:45.650295,4.59249782562
2019/09/06/14:48:45.654236,4.592897892
2019/09/06/14:48:45.658245,4.59329795837
2019/09/06/14:48:45.662195,4.59369802475
2019/09/06/14:48:45.666099,4.59409809113
2019/09/06/14:48:45.670344,4.5944981575
2019/09/06/14:48:45.674177,4.59489822388
2019/09/06/14:48:45.678241,4.59529829025
2019/09/06/14:48:45.682351,4.59569835663
2019/09/06/14:48:45.686166,4.596098423
2019/09/06/14:48:45.689989,4.59649848938
2019/09/06/14:48:45.694343,4.59689855576
2019/09/06/14:48:45.698052,4.59729862213
2019/09/06/14:48:45.701982,4.59769868851
2019/09/06/14:48:45.706448,4.59809875488
2019/09/06/14:48:45.710208,4.59849882126
2019/09/06/14:48:45.714136,4.59889888763
2019/09/06/14:48:45.718265,4.59929895401
2019/09/06/14:48:45.722081,4.59969902039
2019/09/06/14:48:45.726137,4.60009908676
2019/09/06/14:48:45.730133,4.60049915314
2019/09/06/14:48:45.734050,4.60089921951
2019/09/06/14:48:45.738081,4.60129928589
2019/09/06/14:48:45.742025,4.60169935226
2019/09/06/14:48:45.746164,4.60209941864
2019/09/06/14:48:45.750233,4.60249948502
2019/09/06/14:48:45.754246,4.60289955139
2019/09/06/14:48:45.758165,4.60329961777
2019/09/06/14:48:45.762333,4.60369968414
2019/09/06/14:48:45.766191,4.60409975052
2019/09/06/14:48:45.770229,4.60449981689
2019/09/06/14:48:45.774215,4.60489988327
2019/09/06/14:48:45.778264,4.60529994965
2019/09/06/14:48:45.782181,4.60570001602
2019/09/06/14:48:45.786252,4.6061000824
2019/09/06/14:48:45.790162,4.60650014877
2019/09/06/14:48:45.794152,4.60690021515
2019/09/06/14:48:45.798178,4.60730028152
2019/09/06/14:48:45.802247,4.6077003479
2019/09/06/14:48:45.806156,4.60810041428
2019/09/06/14:48:45.810116,4.60850048065
2019/09/06/14:48:45.814204,4.60890054703
2019/09/06/14:48:45.818169,4.6093006134
2019/09/06/14:48:45.822184,4.60970067978
2019/09/06/14:48:45.826110,4.61010074615
2019/09/06/14:48:45.829930,4.61050081253
2019/09/06/14:48:45.834057,4.61090087891
2019/09/06/14:48:45.838541,4.61130094528
2019/09/06/14:48:45.842242,4.61170101166
2019/09/06/14:48:45.846157,4.61210107803
2019/09/06/14:48:45.850036,4.61250114441
2019/09/06/14:48:45.854214,4.61290121078
2019/09/06/14:48:45.858245,4.61330127716
2019/09/06/14:48:45.862221,4.61370134354
2019/09/06/14:48:45.866149,4.61410140991
2019/09/06/14:48:45.870189,4.61450147629
2019/09/06/14:48:45.874397,4.61490154266
2019/09/06/14:48:45.878303,4.61530160904
2019/09/06/14:48:45.882181,4.61570167542
2019/09/06/14:48:45.886098,4.61610174179
2019/09/06/14:48:45.890187,4.61650180817
2019/09/06/14:48:45.894095,4.61690187454
2019/09/06/14:48:45.898164,4.61730194092
2019/09/06/14:48:45.902294,4.61770200729
2019/09/06/14:48:45.906361,4.61810207367
2019/09/06/14:48:45.910118,4.61850214005
2019/09/06/14:48:45.914443,4.61890220642
2019/09/06/14:48:45.918251,4.6193022728
2019/09/06/14:48:45.922325,4.61970233917
2019/09/06/14:48:45.926137,4.62010240555
2019/09/06/14:48:45.929826,4.62050247192
2019/09/06/14:48:45.934046,4.6209025383
2019/09/06/14:48:45.937963,4.62130260468
2019/09/06/14:48:45.942116,4.62170267105
2019/09/06/14:48:45.946099,4.62210273743
2019/09/06/14:48:45.950156,4.6225028038
2019/09/06/14:48:45.954224,4.62290287018
2019/09/06/14:48:45.958066,4.62330293655
2019/09/06/14:48:45.962117,4.62370300293
2019/09/06/14:48:45.966059,4.62410306931
2019/09/06/14:48:45.970178,4.62450313568
2019/09/06/14:48:45.974108,4.62490320206
2019/09/06/14:48:45.978091,4.62530326843
2019/09/06/14:48:45.982024,4.62570333481
2019/09/06/14:48:45.986317,4.62610340118
2019/09/06/14:48:45.990289,4.62650346756
2019/09/06/14:48:45.994293,4.62690353394
2019/09/06/14:48:45.998230,4.62730360031
2019/09/06/14:48:46.002285,4.62770366669
2019/09/06/14:48:46.006169,4.62810373306
2019/09/06/14:48:46.010044,4.62850379944
2019/09/06/14:48:46.014192,4.62890386581
2019/09/06/14:48:46.017948,4.62930393219
2019/09/06/14:48:46.022154,4.62970399857
2019/09/06/14:48:46.026200,4.63010406494
2019/09/06/14:48:46.030141,4.63050413132
2019/09/06/14:48:46.034365,4.63090419769
2019/09/06/14:48:46.038152,4.63130426407
2019/09/06/14:48:46.042282,4.63170433044
2019/09/06/14:48:46.046074,4.63210439682
2019/09/06/14:48:46.050087,4.6325044632
2019/09/06/14:48:46.054041,4.63290452957
2019/09/06/14:48:46.058316,4.63330459595
2019/09/06/14:48:46.062322,4.63370466232
2019/09/06/14:48:46.066159,4.6341047287
2019/09/06/14:48:46.070123,4.63450479507
2019/09/06/14:48:46.074102,4.63490486145
2019/09/06/14:48:46.078246,4.63530492783
2019/09/06/14:48:46.082124,4.6357049942
2019/09/06/14:48:46.086090,4.63610506058
2019/09/06/14:48:46.090337,4.63650512695
2019/09/06/14:48:46.094136,4.63690519333
2019/09/06/14:48:46.098081,4.6373052597
2019/09/06/14:48:46.102352,4.63770532608
2019/09/06/14:48:46.106297,4.63810539246
2019/09/06/14:48:46.110289,4.63850545883
2019/09/06/14:48:46.114182,4.63890552521
2019/09/06/14:48:46.118287,4.63930559158
2019/09/06/14:48:46.122211,4.63970565796
2019/09/06/14:48:46.126025,4.64010572433
2019/09/06/14:48:46.130128,4.64050579071
2019/09/06/14:48:46.134208,4.64090585709
2019/09/06/14:48:46.138126,4.64130592346
2019/09/06/14:48:46.142217,4.64170598984
2019/09/06/14:48:46.146203,4.64210605621
2019/09/06/14:48:46.150176,4.64250612259
2019/09/06/14:48:46.154083,4.64290618896
2019/09/06/14:48:46.158098,4.64330625534
2019/09/06/14:48:46.162147,4.64370632172
2019/09/06/14:48:46.166376,4.64410638809
2019/09/06/14:48:46.170325,4.64450645447
2019/09/06/14:48:46.174109,4.64490652084
2019/09/06/14:48:46.178222,4.64530658722
2019/09/06/14:48:46.182552,4.64570665359
2019/09/06/14:48:46.186346,4.64610671997
2019/09/06/14:48:46.190114,4.64650678635
2019/09/06/14:48:46.194166,4.64690685272
2019/09/06/14:48:46.198139,4.6473069191
2019/09/06/14:48:46.202106,4.64770698547
2019/09/06/14:48:46.206027,4.64810705185
2019/09/06/14:48:46.210210,4.64850711823
2019/09/06/14:48:46.214194,4.6489071846
2019/09/06/14:48:46.218232,4.64930725098
2019/09/06/14:48:46.222247,4.64970731735
2019/09/06/14:48:46.226326,4.65010738373
2019/09/06/14:48:46.230323,4.6505074501
2019/09/06/14:48:46.234124,4.65090751648
2019/09/06/14:48:46.238088,4.65130758286
2019/09/06/14:48:46.242117,4.65170764923
2019/09/06/14:48:46.246040,4.65210771561
2019/09/06/14:48:46.250129,4.65250778198
2019/09/06/14:48:46.254086,4.65290784836
2019/09/06/14:48:46.258212,4.65330791473
2019/09/06/14:48:46.262163,4.65370798111
2019/09/06/14:48:46.266023,4.65410804749
2019/09/06/14:48:46.270025,4.65450811386
2019/09/06/14:48:46.274076,4.65490818024
2019/09/06/14:48:46.277928,4.65530824661
2019/09/06/14:48:46.282057,4.65570831299
2019/09/06/14:48:46.285954,4.65610837936
2019/09/06/14:48:46.290112,4.65650844574
2019/09/06/14:48:46.294157,4.65690851212
2019/09/06/14:48:46.298236,4.65730857849
2019/09/06/14:48:46.302051,4.65770864487
2019/09/06/14:48:46.306040,4.65810871124
2019/09/06/14:48:46.310119,4.65850877762
2019/09/06/14:48:46.314025,4.65890884399
2019/09/06/14:48:46.318184,4.65930891037
2019/09/06/14:48:46.322141,4.65970897675
2019/09/06/14:48:46.326030,4.66010904312
2019/09/06/14:48:46.330200,4.6605091095
2019/09/06/14:48:46.334186,4.66090917587
2019/09/06/14:48:46.337766,4.66130924225
2019/09/06/14:48:46.342216,4.66170930862
2019/09/06/14:48:46.346190,4.662109375
2019/09/06/14:48:46.350320,4.66250944138
2019/09/06/14:48:46.354215,4.66290950775
2019/09/06/14:48:46.358194,4.66330957413
2019/09/06/14:48:46.362122,4.6637096405
2019/09/06/14:48:46.365992,4.66410970688
2019/09/06/14:48:46.370024,4.66450977325
2019/09/06/14:48:46.374281,4.66490983963
2019/09/06/14:48:46.378073,4.66530990601
2019/09/06/14:48:46.382182,4.66570997238
2019/09/06/14:48:46.386090,4.66611003876
2019/09/06/14:48:46.390184,4.66651010513
2019/09/06/14:48:46.394371,4.66691017151
2019/09/06/14:48:46.398208,4.66731023788
2019/09/06/14:48:46.402266,4.66771030426
2019/09/06/14:48:46.406256,4.66811037064
2019/09/06/14:48:46.410597,4.66851043701
2019/09/06/14:48:46.414056,4.66891050339
2019/09/06/14:48:46.418320,4.66931056976
2019/09/06/14:48:46.422211,4.66971063614
2019/09/06/14:48:46.426206,4.67011070251
2019/09/06/14:48:46.430206,4.67051076889
2019/09/06/14:48:46.433805,4.67091083527
2019/09/06/14:48:46.438119,4.67131090164
2019/09/06/14:48:46.442137,4.67171096802
2019/09/06/14:48:46.446147,4.67211103439
2019/09/06/14:48:46.450219,4.67251110077
2019/09/06/14:48:46.454587,4.67291116714
2019/09/06/14:48:46.458224,4.67331123352
2019/09/06/14:48:46.462477,4.6737112999
2019/09/06/14:48:46.465960,4.67411136627
2019/09/06/14:48:46.470173,4.67451143265
2019/09/06/14:48:46.474603,4.67491149902
2019/09/06/14:48:46.478328,4.6753115654
2019/09/06/14:48:46.482220,4.67571163177
2019/09/06/14:48:46.486146,4.67611169815
2019/09/06/14:48:46.490235,4.67651176453
2019/09/06/14:48:46.494322,4.6769118309
2019/09/06/14:48:46.498057,4.67731189728
2019/09/06/14:48:46.502120,4.67771196365
2019/09/06/14:48:46.506093,4.67811203003
2019/09/06/14:48:46.510212,4.67851209641
2019/09/06/14:48:46.514055,4.67891216278
2019/09/06/14:48:46.518086,4.67931222916
2019/09/06/14:48:46.522117,4.67971229553
2019/09/06/14:48:46.526182,4.68011236191
2019/09/06/14:48:46.530106,4.68051242828
2019/09/06/14:48:46.534073,4.68091249466
2019/09/06/14:48:46.538352,4.68131256104
2019/09/06/14:48:46.542085,4.68171262741
2019/09/06/14:48:46.546168,4.68211269379
2019/09/06/14:48:46.550160,4.68251276016
2019/09/06/14:48:46.554254,4.68291282654
2019/09/06/14:48:46.558208,4.68331289291
2019/09/06/14:48:46.562187,4.68371295929
2019/09/06/14:48:46.566181,4.68411302567
2019/09/06/14:48:46.570365,4.68451309204
2019/09/06/14:48:46.574217,4.68491315842
2019/09/06/14:48:46.578331,4.68531322479
2019/09/06/14:48:46.582212,4.68571329117
2019/09/06/14:48:46.586244,4.68611335754
2019/09/06/14:48:46.590163,4.68651342392
2019/09/06/14:48:46.594365,4.6869134903
2019/09/06/14:48:46.598402,4.68731355667
2019/09/06/14:48:46.602399,4.68771362305
2019/09/06/14:48:46.606055,4.68811368942
2019/09/06/14:48:46.610246,4.6885137558
2019/09/06/14:48:46.614220,4.68891382217
2019/09/06/14:48:46.618197,4.68931388855
2019/09/06/14:48:46.622097,4.68971395493
2019/09/06/14:48:46.626468,4.6901140213
2019/09/06/14:48:46.630530,4.69051408768
2019/09/06/14:48:46.634200,4.69091415405
2019/09/06/14:48:46.638184,4.69131422043
2019/09/06/14:48:46.641996,4.6917142868
2019/09/06/14:48:46.646100,4.69211435318
2019/09/06/14:48:46.650132,4.69251441956
2019/09/06/14:48:46.654106,4.69291448593
2019/09/06/14:48:46.658140,4.69331455231
2019/09/06/14:48:46.662192,4.69371461868
2019/09/06/14:48:46.666224,4.69411468506
2019/09/06/14:48:46.670041,4.69451475143
2019/09/06/14:48:46.674217,4.69491481781
2019/09/06/14:48:46.678253,4.69531488419
2019/09/06/14:48:46.682098,4.69571495056
2019/09/06/14:48:46.686131,4.69611501694
2019/09/06/14:48:46.690205,4.69651508331
2019/09/06/14:48:46.694562,4.69691514969
2019/09/06/14:48:46.698198,4.69731521606
2019/09/06/14:48:46.702093,4.69771528244
2019/09/06/14:48:46.706151,4.69811534882
2019/09/06/14:48:46.710490,4.69851541519
2019/09/06/14:48:46.714168,4.69891548157
2019/09/06/14:48:46.718184,4.69931554794
2019/09/06/14:48:46.722278,4.69971561432
2019/09/06/14:48:46.726139,4.70011568069
2019/09/06/14:48:46.730079,4.70051574707
2019/09/06/14:48:46.734000,4.70091581345
2019/09/06/14:48:46.737774,4.70131587982
2019/09/06/14:48:46.742179,4.7017159462
2019/09/06/14:48:46.746021,4.70211601257
2019/09/06/14:48:46.750121,4.70251607895
2019/09/06/14:48:46.754268,4.70291614532
2019/09/06/14:48:46.758252,4.7033162117
2019/09/06/14:48:46.762121,4.70371627808
2019/09/06/14:48:46.766215,4.70411634445
2019/09/06/14:48:46.770362,4.70451641083
2019/09/06/14:48:46.774137,4.7049164772
2019/09/06/14:48:46.778336,4.70531654358
2019/09/06/14:48:46.782136,4.70571660995
2019/09/06/14:48:46.786140,4.70611667633
2019/09/06/14:48:46.790109,4.70651674271
2019/09/06/14:48:46.794187,4.70691680908
2019/09/06/14:48:46.798089,4.70731687546
2019/09/06/14:48:46.802178,4.70771694183
2019/09/06/14:48:46.806149,4.70811700821
2019/09/06/14:48:46.810136,4.70851707458
2019/09/06/14:48:46.814215,4.70891714096
2019/09/06/14:48:46.818186,4.70931720734
2019/09/06/14:48:46.822067,4.70971727371
2019/09/06/14:48:46.826117,4.71011734009
2019/09/06/14:48:46.830214,4.71051740646
2019/09/06/14:48:46.834043,4.71091747284
2019/09/06/14:48:46.838167,4.71131753922
2019/09/06/14:48:46.842217,4.71171760559
2019/09/06/14:48:46.846282,4.71211767197
2019/09/06/14:48:46.850192,4.71251773834
2019/09/06/14:48:46.854309,4.71291780472
2019/09/06/14:48:46.858280,4.71331787109
2019/09/06/14:48:46.862227,4.71371793747
2019/09/06/14:48:46.866259,4.71411800385
2019/09/06/14:48:46.870240,4.71451807022
2019/09/06/14:48:46.874096,4.7149181366
2019/09/06/14:48:46.878167,4.71531820297
2019/09/06/14:48:46.882104,4.71571826935
2019/09/06/14:48:46.886006,4.71611833572
2019/09/06/14:48:46.890362,4.7165184021
2019/09/06/14:48:46.894301,4.71691846848
2019/09/06/14:48:46.898170,4.71731853485
2019/09/06/14:48:46.902209,4.71771860123
2019/09/06/14:48:46.906144,4.7181186676
2019/09/06/14:48:46.910258,4.71851873398
2019/09/06/14:48:46.914162,4.71891880035
2019/09/06/14:48:46.918211,4.71931886673
2019/09/06/14:48:46.922111,4.71971893311
2019/09/06/14:48:46.926164,4.72011899948
2019/09/06/14:48:46.930179,4.72051906586
2019/09/06/14:48:46.934115,4.72091913223
2019/09/06/14:48:46.938136,4.72131919861
2019/09/06/14:48:46.942205,4.72171926498
2019/09/06/14:48:46.946186,4.72211933136
2019/09/06/14:48:46.950187,4.72251939774
2019/09/06/14:48:46.954227,4.72291946411
2019/09/06/14:48:46.958136,4.72331953049
2019/09/06/14:48:46.962075,4.72371959686
2019/09/06/14:48:46.966276,4.72411966324
2019/09/06/14:48:46.970216,4.72451972961
2019/09/06/14:48:46.974151,4.72491979599
2019/09/06/14:48:46.978074,4.72531986237
2019/09/06/14:48:46.982150,4.72571992874
2019/09/06/14:48:46.986473,4.72611999512
2019/09/06/14:48:46.990248,4.72652006149
2019/09/06/14:48:46.994379,4.72692012787
2019/09/06/14:48:46.998131,4.72732019424
2019/09/06/14:48:47.002075,4.72772026062
2019/09/06/14:48:47.006111,4.728120327
2019/09/06/14:48:47.010106,4.72852039337
2019/09/06/14:48:47.014068,4.72892045975
2019/09/06/14:48:47.018084,4.72932052612
2019/09/06/14:48:47.022273,4.7297205925
2019/09/06/14:48:47.026187,4.73012065887
2019/09/06/14:48:47.030152,4.73052072525
2019/09/06/14:48:47.034380,4.73092079163
2019/09/06/14:48:47.038046,4.731320858
2019/09/06/14:48:47.041950,4.73172092438
2019/09/06/14:48:47.045975,4.73212099075
2019/09/06/14:48:47.049968,4.73252105713
2019/09/06/14:48:47.054250,4.7329211235
2019/09/06/14:48:47.058226,4.73332118988
2019/09/06/14:48:47.062218,4.73372125626
2019/09/06/14:48:47.066049,4.73412132263
2019/09/06/14:48:47.070242,4.73452138901
2019/09/06/14:48:47.074080,4.73492145538
2019/09/06/14:48:47.078427,4.73532152176
2019/09/06/14:48:47.082391,4.73572158813
2019/09/06/14:48:47.086321,4.73612165451
2019/09/06/14:48:47.090234,4.73652172089
2019/09/06/14:48:47.094271,4.73692178726
2019/09/06/14:48:47.098519,4.73732185364
2019/09/06/14:48:47.102101,4.73772192001
2019/09/06/14:48:47.106191,4.73812198639
2019/09/06/14:48:47.110195,4.73852205276
2019/09/06/14:48:47.114233,4.73892211914
2019/09/06/14:48:47.118398,4.73932218552
2019/09/06/14:48:47.122203,4.73972225189
2019/09/06/14:48:47.126113,4.74012231827
2019/09/06/14:48:47.130235,4.74052238464
2019/09/06/14:48:47.134202,4.74092245102
2019/09/06/14:48:47.137860,4.7413225174
2019/09/06/14:48:47.141830,4.74172258377
2019/09/06/14:48:47.146197,4.74212265015
2019/09/06/14:48:47.150099,4.74252271652
2019/09/06/14:48:47.154178,4.7429227829
2019/09/06/14:48:47.158129,4.74332284927
2019/09/06/14:48:47.162174,4.74372291565
2019/09/06/14:48:47.166202,4.74412298203
2019/09/06/14:48:47.170223,4.7445230484
2019/09/06/14:48:47.174243,4.74492311478
2019/09/06/14:48:47.178348,4.74532318115
2019/09/06/14:48:47.182327,4.74572324753
2019/09/06/14:48:47.186180,4.7461233139
2019/09/06/14:48:47.190176,4.74652338028
2019/09/06/14:48:47.194046,4.74692344666
2019/09/06/14:48:47.198057,4.74732351303
2019/09/06/14:48:47.201922,4.74772357941
2019/09/06/14:48:47.206172,4.74812364578
2019/09/06/14:48:47.210098,4.74852371216
2019/09/06/14:48:47.214117,4.74892377853
2019/09/06/14:48:47.218096,4.74932384491
2019/09/06/14:48:47.222302,4.74972391129
2019/09/06/14:48:47.226025,4.75012397766
2019/09/06/14:48:47.230140,4.75052404404
2019/09/06/14:48:47.234015,4.75092411041
2019/09/06/14:48:47.238099,4.75132417679
2019/09/06/14:48:47.242181,4.75172424316
2019/09/06/14:48:47.246059,4.75212430954
2019/09/06/14:48:47.250064,4.75252437592
2019/09/06/14:48:47.254200,4.75292444229
2019/09/06/14:48:47.258091,4.75332450867
2019/09/06/14:48:47.262270,4.75372457504
2019/09/06/14:48:47.266483,4.75412464142
2019/09/06/14:48:47.270637,4.75452470779
2019/09/06/14:48:47.274330,4.75492477417
2019/09/06/14:48:47.278114,4.75532484055
2019/09/06/14:48:47.282084,4.75572490692
2019/09/06/14:48:47.286191,4.7561249733
2019/09/06/14:48:47.290003,4.75652503967
2019/09/06/14:48:47.294208,4.75692510605
2019/09/06/14:48:47.298144,4.75732517242
2019/09/06/14:48:47.302235,4.7577252388
2019/09/06/14:48:47.306254,4.75812530518
2019/09/06/14:48:47.310448,4.75852537155
2019/09/06/14:48:47.314314,4.75892543793
2019/09/06/14:48:47.318444,4.7593255043
2019/09/06/14:48:47.322525,4.75972557068
2019/09/06/14:48:47.326228,4.76012563705
2019/09/06/14:48:47.330174,4.76052570343
2019/09/06/14:48:47.334122,4.76092576981
2019/09/06/14:48:47.337903,4.76132583618
2019/09/06/14:48:47.342127,4.76172590256
2019/09/06/14:48:47.346190,4.76212596893
2019/09/06/14:48:47.350093,4.76252603531
2019/09/06/14:48:47.354059,4.76292610168
2019/09/06/14:48:47.358072,4.76332616806
2019/09/06/14:48:47.362090,4.76372623444
2019/09/06/14:48:47.366061,4.76412630081
2019/09/06/14:48:47.370182,4.76452636719
2019/09/06/14:48:47.374116,4.76492643356
2019/09/06/14:48:47.378252,4.76532649994
2019/09/06/14:48:47.382319,4.76572656631
2019/09/06/14:48:47.385942,4.76612663269
2019/09/06/14:48:47.390016,4.76652669907
2019/09/06/14:48:47.394000,4.76692676544
2019/09/06/14:48:47.398039,4.76732683182
2019/09/06/14:48:47.402079,4.76772689819
2019/09/06/14:48:47.406465,4.76812696457
2019/09/06/14:48:47.410297,4.76852703094
2019/09/06/14:48:47.414231,4.76892709732
2019/09/06/14:48:47.418247,4.7693271637
2019/09/06/14:48:47.422265,4.76972723007
2019/09/06/14:48:47.426110,4.77012729645
2019/09/06/14:48:47.430155,4.77052736282
2019/09/06/14:48:47.434144,4.7709274292
2019/09/06/14:48:47.438449,4.77132749557
2019/09/06/14:48:47.442152,4.77172756195
2019/09/06/14:48:47.446143,4.77212762833
2019/09/06/14:48:47.450238,4.7725276947
2019/09/06/14:48:47.454243,4.77292776108
2019/09/06/14:48:47.458314,4.77332782745
2019/09/06/14:48:47.462213,4.77372789383
2019/09/06/14:48:47.466328,4.77412796021
2019/09/06/14:48:47.470187,4.77452802658
2019/09/06/14:48:47.474239,4.77492809296
2019/09/06/14:48:47.478147,4.77532815933
2019/09/06/14:48:47.482294,4.77572822571
2019/09/06/14:48:47.486230,4.77612829208
2019/09/06/14:48:47.490165,4.77652835846
2019/09/06/14:48:47.494432,4.77692842484
2019/09/06/14:48:47.498145,4.77732849121
2019/09/06/14:48:47.502434,4.77772855759
2019/09/06/14:48:47.506373,4.77812862396
2019/09/06/14:48:47.510553,4.77852869034
2019/09/06/14:48:47.514458,4.77892875671
2019/09/06/14:48:47.518234,4.77932882309
2019/09/06/14:48:47.522250,4.77972888947
2019/09/06/14:48:47.526196,4.78012895584
2019/09/06/14:48:47.530142,4.78052902222
2019/09/06/14:48:47.534284,4.78092908859
2019/09/06/14:48:47.538247,4.78132915497
2019/09/06/14:48:47.541790,4.78172922134
2019/09/06/14:48:47.546039,4.78212928772
2019/09/06/14:48:47.550135,4.7825293541
2019/09/06/14:48:47.554219,4.78292942047
2019/09/06/14:48:47.558190,4.78332948685
2019/09/06/14:48:47.562394,4.78372955322
2019/09/06/14:48:47.566105,4.7841296196
2019/09/06/14:48:47.570132,4.78452968597
2019/09/06/14:48:47.574125,4.78492975235
2019/09/06/14:48:47.578095,4.78532981873
2019/09/06/14:48:47.582144,4.7857298851
2019/09/06/14:48:47.586167,4.78612995148
2019/09/06/14:48:47.590066,4.78653001785
2019/09/06/14:48:47.594252,4.78693008423
2019/09/06/14:48:47.598152,4.7873301506
2019/09/06/14:48:47.602196,4.78773021698
2019/09/06/14:48:47.606209,4.78813028336
2019/09/06/14:48:47.610167,4.78853034973
2019/09/06/14:48:47.614145,4.78893041611
2019/09/06/14:48:47.618153,4.78933048248
2019/09/06/14:48:47.622002,4.78973054886
2019/09/06/14:48:47.626257,4.79013061523
2019/09/06/14:48:47.630079,4.79053068161
2019/09/06/14:48:47.633969,4.79093074799
2019/09/06/14:48:47.637963,4.79133081436
2019/09/06/14:48:47.642322,4.79173088074
2019/09/06/14:48:47.646131,4.79213094711
2019/09/06/14:48:47.650187,4.79253101349
2019/09/06/14:48:47.654168,4.79293107986
2019/09/06/14:48:47.658152,4.79333114624
2019/09/06/14:48:47.663622,4.79373121262
2019/09/06/14:48:47.666136,4.79413127899
2019/09/06/14:48:47.670142,4.79453134537
2019/09/06/14:48:47.674196,4.79493141174
2019/09/06/14:48:47.678120,4.79533147812
2019/09/06/14:48:47.682046,4.79573154449
2019/09/06/14:48:47.686160,4.79613161087
2019/09/06/14:48:47.690149,4.79653167725
2019/09/06/14:48:47.694193,4.79693174362
2019/09/06/14:48:47.698012,4.79733181
2019/09/06/14:48:47.702005,4.79773187637
2019/09/06/14:48:47.706044,4.79813194275
2019/09/06/14:48:47.709956,4.79853200912
2019/09/06/14:48:47.714074,4.7989320755
2019/09/06/14:48:47.718026,4.79933214188
2019/09/06/14:48:47.721934,4.79973220825
2019/09/06/14:48:47.726340,4.80013227463
2019/09/06/14:48:47.730237,4.800532341
2019/09/06/14:48:47.734459,4.80093240738
2019/09/06/14:48:47.738356,4.80133247375
2019/09/06/14:48:47.742034,4.80173254013
2019/09/06/14:48:47.746202,4.80213260651
2019/09/06/14:48:47.750197,4.80253267288
2019/09/06/14:48:47.754237,4.80293273926
2019/09/06/14:48:47.758256,4.80333280563
2019/09/06/14:48:47.762213,4.80373287201
2019/09/06/14:48:47.766130,4.80413293839
2019/09/06/14:48:47.770191,4.80453300476
2019/09/06/14:48:47.774298,4.80493307114
2019/09/06/14:48:47.778049,4.80533313751
2019/09/06/14:48:47.782414,4.80573320389
2019/09/06/14:48:47.786385,4.80613327026
2019/09/06/14:48:47.790221,4.80653333664
2019/09/06/14:48:47.794259,4.80693340302
2019/09/06/14:48:47.798159,4.80733346939
2019/09/06/14:48:47.802228,4.80773353577
2019/09/06/14:48:47.806224,4.80813360214
2019/09/06/14:48:47.810192,4.80853366852
2019/09/06/14:48:47.814075,4.80893373489
2019/09/06/14:48:47.818226,4.80933380127
2019/09/06/14:48:47.822207,4.80973386765
2019/09/06/14:48:47.826186,4.81013393402
2019/09/06/14:48:47.830301,4.8105340004
2019/09/06/14:48:47.834165,4.81093406677
2019/09/06/14:48:47.838159,4.81133413315
2019/09/06/14:48:47.842086,4.81173419952
2019/09/06/14:48:47.845817,4.8121342659
2019/09/06/14:48:47.850058,4.81253433228
2019/09/06/14:48:47.854034,4.81293439865
2019/09/06/14:48:47.858084,4.81333446503
2019/09/06/14:48:47.862129,4.8137345314
2019/09/06/14:48:47.866209,4.81413459778
2019/09/06/14:48:47.870085,4.81453466415
2019/09/06/14:48:47.874287,4.81493473053
2019/09/06/14:48:47.878150,4.81533479691
2019/09/06/14:48:47.881952,4.81573486328
2019/09/06/14:48:47.886105,4.81613492966
2019/09/06/14:48:47.890012,4.81653499603
2019/09/06/14:48:47.894073,4.81693506241
2019/09/06/14:48:47.898187,4.81733512878
2019/09/06/14:48:47.902056,4.81773519516
2019/09/06/14:48:47.906239,4.81813526154
2019/09/06/14:48:47.910097,4.81853532791
2019/09/06/14:48:47.913933,4.81893539429
2019/09/06/14:48:47.918112,4.81933546066
2019/09/06/14:48:47.922080,4.81973552704
2019/09/06/14:48:47.926322,4.82013559341
2019/09/06/14:48:47.930191,4.82053565979
2019/09/06/14:48:47.934022,4.82093572617
2019/09/06/14:48:47.937975,4.82133579254
2019/09/06/14:48:47.942256,4.82173585892
2019/09/06/14:48:47.946280,4.82213592529
2019/09/06/14:48:47.950188,4.82253599167
2019/09/06/14:48:47.954340,4.82293605804
2019/09/06/14:48:47.958379,4.82333612442
2019/09/06/14:48:47.962125,4.8237361908
2019/09/06/14:48:47.966225,4.82413625717
2019/09/06/14:48:47.970111,4.82453632355
2019/09/06/14:48:47.974358,4.82493638992
2019/09/06/14:48:47.977960,4.8253364563
2019/09/06/14:48:47.982089,4.82573652267
2019/09/06/14:48:47.986110,4.82613658905
2019/09/06/14:48:47.990332,4.82653665543
2019/09/06/14:48:47.994222,4.8269367218
2019/09/06/14:48:47.998262,4.82733678818
2019/09/06/14:48:48.002340,4.82773685455
2019/09/06/14:48:48.006246,4.82813692093
2019/09/06/14:48:48.010484,4.8285369873
2019/09/06/14:48:48.014260,4.82893705368
2019/09/06/14:48:48.018161,4.82933712006
2019/09/06/14:48:48.022155,4.82973718643
2019/09/06/14:48:48.026288,4.83013725281
2019/09/06/14:48:48.030280,4.83053731918
2019/09/06/14:48:48.034517,4.83093738556
2019/09/06/14:48:48.038136,4.83133745193
2019/09/06/14:48:48.042320,4.83173751831
2019/09/06/14:48:48.046240,4.83213758469
2019/09/06/14:48:48.050039,4.83253765106
2019/09/06/14:48:48.054141,4.83293771744
2019/09/06/14:48:48.058199,4.83333778381
2019/09/06/14:48:48.062155,4.83373785019
2019/09/06/14:48:48.066397,4.83413791656
2019/09/06/14:48:48.070113,4.83453798294
2019/09/06/14:48:48.074187,4.83493804932
2019/09/06/14:48:48.078173,4.83533811569
2019/09/06/14:48:48.082228,4.83573818207
2019/09/06/14:48:48.086079,4.83613824844
2019/09/06/14:48:48.090040,4.83653831482
2019/09/06/14:48:48.094256,4.8369383812
2019/09/06/14:48:48.098397,4.83733844757
2019/09/06/14:48:48.102182,4.83773851395
2019/09/06/14:48:48.106148,4.83813858032
2019/09/06/14:48:48.110240,4.8385386467
2019/09/06/14:48:48.114101,4.83893871307
2019/09/06/14:48:48.118128,4.83933877945
2019/09/06/14:48:48.122147,4.83973884583
2019/09/06/14:48:48.126354,4.8401389122
2019/09/06/14:48:48.130316,4.84053897858
2019/09/06/14:48:48.133838,4.84093904495
2019/09/06/14:48:48.138186,4.84133911133
2019/09/06/14:48:48.142152,4.8417391777
2019/09/06/14:48:48.146223,4.84213924408
2019/09/06/14:48:48.150087,4.84253931046
2019/09/06/14:48:48.154080,4.84293937683
2019/09/06/14:48:48.158194,4.84333944321
2019/09/06/14:48:48.162081,4.84373950958
2019/09/06/14:48:48.166210,4.84413957596
2019/09/06/14:48:48.170185,4.84453964233
2019/09/06/14:48:48.174053,4.84493970871
2019/09/06/14:48:48.178082,4.84533977509
2019/09/06/14:48:48.182007,4.84573984146
2019/09/06/14:48:48.186270,4.84613990784
2019/09/06/14:48:48.190281,4.84653997421
2019/09/06/14:48:48.194329,4.84694004059
2019/09/06/14:48:48.198236,4.84734010696
2019/09/06/14:48:48.202277,4.84774017334
2019/09/06/14:48:48.206227,4.84814023972
2019/09/06/14:48:48.210123,4.84854030609
2019/09/06/14:48:48.214173,4.84894037247
2019/09/06/14:48:48.218369,4.84934043884
2019/09/06/14:48:48.222161,4.84974050522
2019/09/06/14:48:48.226161,4.85014057159
2019/09/06/14:48:48.230157,4.85054063797
2019/09/06/14:48:48.234141,4.85094070435
2019/09/06/14:48:48.238381,4.85134077072
2019/09/06/14:48:48.242146,4.8517408371
2019/09/06/14:48:48.246216,4.85214090347
2019/09/06/14:48:48.249839,4.85254096985
2019/09/06/14:48:48.254287,4.85294103622
2019/09/06/14:48:48.258206,4.8533411026
2019/09/06/14:48:48.262250,4.85374116898
2019/09/06/14:48:48.266154,4.85414123535
2019/09/06/14:48:48.270074,4.85454130173
2019/09/06/14:48:48.274101,4.8549413681
2019/09/06/14:48:48.278277,4.85534143448
2019/09/06/14:48:48.282230,4.85574150085
2019/09/06/14:48:48.286126,4.85614156723
2019/09/06/14:48:48.290220,4.85654163361
2019/09/06/14:48:48.294151,4.85694169998
2019/09/06/14:48:48.298136,4.85734176636
2019/09/06/14:48:48.302161,4.85774183273
2019/09/06/14:48:48.306126,4.85814189911
2019/09/06/14:48:48.310160,4.85854196548
2019/09/06/14:48:48.314227,4.85894203186
2019/09/06/14:48:48.318294,4.85934209824
2019/09/06/14:48:48.322210,4.85974216461
2019/09/06/14:48:48.326154,4.86014223099
2019/09/06/14:48:48.330126,4.86054229736
2019/09/06/14:48:48.334134,4.86094236374
2019/09/06/14:48:48.338253,4.86134243011
2019/09/06/14:48:48.341869,4.86174249649
2019/09/06/14:48:48.346133,4.86214256287
2019/09/06/14:48:48.349970,4.86254262924
2019/09/06/14:48:48.353972,4.86294269562
2019/09/06/14:48:48.357948,4.86334276199
2019/09/06/14:48:48.361912,4.86374282837
2019/09/06/14:48:48.366258,4.86414289474
2019/09/06/14:48:48.370035,4.86454296112
2019/09/06/14:48:48.374251,4.8649430275
2019/09/06/14:48:48.377922,4.86534309387
2019/09/06/14:48:48.382095,4.86574316025
2019/09/06/14:48:48.386153,4.86614322662
2019/09/06/14:48:48.390056,4.866543293
2019/09/06/14:48:48.393940,4.86694335938
2019/09/06/14:48:48.398099,4.86734342575
2019/09/06/14:48:48.402025,4.86774349213
2019/09/06/14:48:48.406088,4.8681435585
2019/09/06/14:48:48.410031,4.86854362488
2019/09/06/14:48:48.414027,4.86894369125
2019/09/06/14:48:48.418086,4.86934375763
2019/09/06/14:48:48.421982,4.86974382401
2019/09/06/14:48:48.426059,4.87014389038
2019/09/06/14:48:48.430019,4.87054395676
2019/09/06/14:48:48.434032,4.87094402313
2019/09/06/14:48:48.438037,4.87134408951
2019/09/06/14:48:48.442324,4.87174415588
2019/09/06/14:48:48.446221,4.87214422226
2019/09/06/14:48:48.450141,4.87254428864
2019/09/06/14:48:48.454297,4.87294435501
2019/09/06/14:48:48.458120,4.87334442139
2019/09/06/14:48:48.462004,4.87374448776
2019/09/06/14:48:48.466161,4.87414455414
2019/09/06/14:48:48.470126,4.87454462051
2019/09/06/14:48:48.474200,4.87494468689
2019/09/06/14:48:48.478040,4.87534475327
2019/09/06/14:48:48.482196,4.87574481964
2019/09/06/14:48:48.486167,4.87614488602
2019/09/06/14:48:48.490098,4.87654495239
2019/09/06/14:48:48.493980,4.87694501877
2019/09/06/14:48:48.498135,4.87734508514
2019/09/06/14:48:48.502328,4.87774515152
2019/09/06/14:48:48.506143,4.8781452179
2019/09/06/14:48:48.510340,4.87854528427
2019/09/06/14:48:48.513990,4.87894535065
2019/09/06/14:48:48.518144,4.87934541702
2019/09/06/14:48:48.522434,4.8797454834
2019/09/06/14:48:48.526258,4.88014554977
2019/09/06/14:48:48.530211,4.88054561615
2019/09/06/14:48:48.534041,4.88094568253
2019/09/06/14:48:48.537872,4.8813457489
2019/09/06/14:48:48.542114,4.88174581528
2019/09/06/14:48:48.545992,4.88214588165
2019/09/06/14:48:48.549983,4.88254594803
2019/09/06/14:48:48.553790,4.8829460144
2019/09/06/14:48:48.558253,4.88334608078
2019/09/06/14:48:48.562057,4.88374614716
2019/09/06/14:48:48.566126,4.88414621353
2019/09/06/14:48:48.570138,4.88454627991
2019/09/06/14:48:48.574174,4.88494634628
2019/09/06/14:48:48.578165,4.88534641266
2019/09/06/14:48:48.582098,4.88574647903
2019/09/06/14:48:48.586146,4.88614654541
2019/09/06/14:48:48.590095,4.88654661179
2019/09/06/14:48:48.594108,4.88694667816
2019/09/06/14:48:48.598073,4.88734674454
2019/09/06/14:48:48.602101,4.88774681091
2019/09/06/14:48:48.606186,4.88814687729
2019/09/06/14:48:48.610233,4.88854694366
2019/09/06/14:48:48.614128,4.88894701004
2019/09/06/14:48:48.618039,4.88934707642
2019/09/06/14:48:48.622156,4.88974714279
2019/09/06/14:48:48.626187,4.89014720917
2019/09/06/14:48:48.630157,4.89054727554
2019/09/06/14:48:48.634111,4.89094734192
2019/09/06/14:48:48.638282,4.89134740829
2019/09/06/14:48:48.642103,4.89174747467
2019/09/06/14:48:48.646105,4.89214754105
2019/09/06/14:48:48.650095,4.89254760742
2019/09/06/14:48:48.653921,4.8929476738
2019/09/06/14:48:48.658044,4.89334774017
2019/09/06/14:48:48.662182,4.89374780655
2019/09/06/14:48:48.666272,4.89414787292
2019/09/06/14:48:48.670219,4.8945479393
2019/09/06/14:48:48.674114,4.89494800568
2019/09/06/14:48:48.678097,4.89534807205
2019/09/06/14:48:48.682330,4.89574813843
2019/09/06/14:48:48.686241,4.8961482048
2019/09/06/14:48:48.690198,4.89654827118
2019/09/06/14:48:48.694265,4.89694833755
2019/09/06/14:48:48.698244,4.89734840393
2019/09/06/14:48:48.702266,4.89774847031
2019/09/06/14:48:48.706344,4.89814853668
2019/09/06/14:48:48.710051,4.89854860306
2019/09/06/14:48:48.714273,4.89894866943
2019/09/06/14:48:48.718100,4.89934873581
2019/09/06/14:48:48.722365,4.89974880219
2019/09/06/14:48:48.726300,4.90014886856
2019/09/06/14:48:48.730290,4.90054893494
2019/09/06/14:48:48.734252,4.90094900131
2019/09/06/14:48:48.738388,4.90134906769
2019/09/06/14:48:48.742130,4.90174913406
2019/09/06/14:48:48.746256,4.90214920044
2019/09/06/14:48:48.750065,4.90254926682
2019/09/06/14:48:48.754264,4.90294933319
2019/09/06/14:48:48.758011,4.90334939957
2019/09/06/14:48:48.762107,4.90374946594
2019/09/06/14:48:48.766023,4.90414953232
2019/09/06/14:48:48.770102,4.90454959869
2019/09/06/14:48:48.774130,4.90494966507
2019/09/06/14:48:48.778322,4.90534973145
2019/09/06/14:48:48.782141,4.90574979782
2019/09/06/14:48:48.786171,4.9061498642
2019/09/06/14:48:48.790075,4.90654993057
2019/09/06/14:48:48.794026,4.90694999695
2019/09/06/14:48:48.798028,4.90735006332
2019/09/06/14:48:48.802111,4.9077501297
2019/09/06/14:48:48.806046,4.90815019608
2019/09/06/14:48:48.810133,4.90855026245
2019/09/06/14:48:48.814073,4.90895032883
2019/09/06/14:48:48.818132,4.9093503952
2019/09/06/14:48:48.822040,4.90975046158
2019/09/06/14:48:48.826180,4.91015052795
2019/09/06/14:48:48.830138,4.91055059433
2019/09/06/14:48:48.834155,4.91095066071
2019/09/06/14:48:48.838141,4.91135072708
2019/09/06/14:48:48.842094,4.91175079346
2019/09/06/14:48:48.846000,4.91215085983
2019/09/06/14:48:48.849992,4.91255092621
2019/09/06/14:48:48.854017,4.91295099258
2019/09/06/14:48:48.858047,4.91335105896
2019/09/06/14:48:48.862091,4.91375112534
2019/09/06/14:48:48.866046,4.91415119171
2019/09/06/14:48:48.870107,4.91455125809
2019/09/06/14:48:48.874122,4.91495132446
2019/09/06/14:48:48.878106,4.91535139084
2019/09/06/14:48:48.882131,4.91575145721
2019/09/06/14:48:48.886118,4.91615152359
2019/09/06/14:48:48.890174,4.91655158997
2019/09/06/14:48:48.894097,4.91695165634
2019/09/06/14:48:48.898143,4.91735172272
2019/09/06/14:48:48.902222,4.91775178909
2019/09/06/14:48:48.906212,4.91815185547
2019/09/06/14:48:48.910105,4.91855192184
2019/09/06/14:48:48.914091,4.91895198822
2019/09/06/14:48:48.917967,4.9193520546
2019/09/06/14:48:48.922101,4.91975212097
2019/09/06/14:48:48.926078,4.92015218735
2019/09/06/14:48:48.930008,4.92055225372
2019/09/06/14:48:48.934227,4.9209523201
2019/09/06/14:48:48.938131,4.92135238647
2019/09/06/14:48:48.942158,4.92175245285
2019/09/06/14:48:48.946245,4.92215251923
2019/09/06/14:48:48.950359,4.9225525856
2019/09/06/14:48:48.954131,4.92295265198
2019/09/06/14:48:48.957941,4.92335271835
2019/09/06/14:48:48.962071,4.92375278473
2019/09/06/14:48:48.966368,4.9241528511
2019/09/06/14:48:48.970090,4.92455291748
2019/09/06/14:48:48.974157,4.92495298386
2019/09/06/14:48:48.978245,4.92535305023
2019/09/06/14:48:48.982741,4.92575311661
2019/09/06/14:48:48.986232,4.92615318298
2019/09/06/14:48:48.990229,4.92655324936
2019/09/06/14:48:48.994040,4.92695331573
2019/09/06/14:48:48.998092,4.92735338211
2019/09/06/14:48:49.002125,4.92775344849
2019/09/06/14:48:49.006229,4.92815351486
2019/09/06/14:48:49.010271,4.92855358124
2019/09/06/14:48:49.014136,4.92895364761
2019/09/06/14:48:49.018103,4.92935371399
2019/09/06/14:48:49.022127,4.92975378036
2019/09/06/14:48:49.026108,4.93015384674
2019/09/06/14:48:49.030280,4.93055391312
2019/09/06/14:48:49.034060,4.93095397949
2019/09/06/14:48:49.038173,4.93135404587
2019/09/06/14:48:49.042028,4.93175411224
2019/09/06/14:48:49.046037,4.93215417862
2019/09/06/14:48:49.050036,4.932554245
2019/09/06/14:48:49.054137,4.93295431137
2019/09/06/14:48:49.058027,4.93335437775
2019/09/06/14:48:49.062037,4.93375444412
2019/09/06/14:48:49.066205,4.9341545105
2019/09/06/14:48:49.070056,4.93455457687
2019/09/06/14:48:49.074251,4.93495464325
2019/09/06/14:48:49.078243,4.93535470963
2019/09/06/14:48:49.082163,4.935754776
2019/09/06/14:48:49.086093,4.93615484238
2019/09/06/14:48:49.090289,4.93655490875
2019/09/06/14:48:49.094234,4.93695497513
2019/09/06/14:48:49.098145,4.9373550415
2019/09/06/14:48:49.102129,4.93775510788
2019/09/06/14:48:49.106179,4.93815517426
2019/09/06/14:48:49.110131,4.93855524063
2019/09/06/14:48:49.114103,4.93895530701
2019/09/06/14:48:49.118233,4.93935537338
2019/09/06/14:48:49.122186,4.93975543976
2019/09/06/14:48:49.126200,4.94015550613
2019/09/06/14:48:49.130307,4.94055557251
2019/09/06/14:48:49.134333,4.94095563889
2019/09/06/14:48:49.138034,4.94135570526
2019/09/06/14:48:49.142208,4.94175577164
2019/09/06/14:48:49.146172,4.94215583801
2019/09/06/14:48:49.150153,4.94255590439
2019/09/06/14:48:49.154117,4.94295597076
2019/09/06/14:48:49.158181,4.94335603714
2019/09/06/14:48:49.162229,4.94375610352
2019/09/06/14:48:49.166053,4.94415616989
2019/09/06/14:48:49.169945,4.94455623627
2019/09/06/14:48:49.174031,4.94495630264
2019/09/06/14:48:49.178115,4.94535636902
2019/09/06/14:48:49.182139,4.94575643539
2019/09/06/14:48:49.186081,4.94615650177
2019/09/06/14:48:49.190483,4.94655656815
2019/09/06/14:48:49.194243,4.94695663452
2019/09/06/14:48:49.198247,4.9473567009
2019/09/06/14:48:49.202027,4.94775676727
2019/09/06/14:48:49.206062,4.94815683365
2019/09/06/14:48:49.210084,4.94855690002
2019/09/06/14:48:49.214128,4.9489569664
2019/09/06/14:48:49.218328,4.94935703278
2019/09/06/14:48:49.222202,4.94975709915
2019/09/06/14:48:49.226265,4.95015716553
2019/09/06/14:48:49.229997,4.9505572319
2019/09/06/14:48:49.234120,4.95095729828
2019/09/06/14:48:49.238449,4.95135736465
2019/09/06/14:48:49.242145,4.95175743103
2019/09/06/14:48:49.246162,4.95215749741
2019/09/06/14:48:49.250076,4.95255756378
2019/09/06/14:48:49.254014,4.95295763016
2019/09/06/14:48:49.258173,4.95335769653
2019/09/06/14:48:49.262006,4.95375776291
2019/09/06/14:48:49.266097,4.95415782928
2019/09/06/14:48:49.270261,4.95455789566
2019/09/06/14:48:49.274230,4.95495796204
2019/09/06/14:48:49.277987,4.95535802841
2019/09/06/14:48:49.282026,4.95575809479
2019/09/06/14:48:49.286293,4.95615816116
2019/09/06/14:48:49.290093,4.95655822754
2019/09/06/14:48:49.294180,4.95695829391
2019/09/06/14:48:49.298330,4.95735836029
2019/09/06/14:48:49.302186,4.95775842667
2019/09/06/14:48:49.306221,4.95815849304
2019/09/06/14:48:49.310282,4.95855855942
2019/09/06/14:48:49.314382,4.95895862579
2019/09/06/14:48:49.318250,4.95935869217
2019/09/06/14:48:49.322329,4.95975875854
2019/09/06/14:48:49.326278,4.96015882492
2019/09/06/14:48:49.330203,4.9605588913
2019/09/06/14:48:49.334231,4.96095895767
2019/09/06/14:48:49.338187,4.96135902405
2019/09/06/14:48:49.342154,4.96175909042
2019/09/06/14:48:49.346202,4.9621591568
2019/09/06/14:48:49.350434,4.96255922318
2019/09/06/14:48:49.354141,4.96295928955
2019/09/06/14:48:49.358215,4.96335935593
2019/09/06/14:48:49.361941,4.9637594223
2019/09/06/14:48:49.366145,4.96415948868
2019/09/06/14:48:49.369996,4.96455955505
2019/09/06/14:48:49.374228,4.96495962143
2019/09/06/14:48:49.378295,4.96535968781
2019/09/06/14:48:49.382277,4.96575975418
2019/09/06/14:48:49.386090,4.96615982056
2019/09/06/14:48:49.390289,4.96655988693
2019/09/06/14:48:49.394269,4.96695995331
2019/09/06/14:48:49.398253,4.96736001968
2019/09/06/14:48:49.402147,4.96776008606
2019/09/06/14:48:49.406234,4.96816015244
2019/09/06/14:48:49.410310,4.96856021881
2019/09/06/14:48:49.414422,4.96896028519
2019/09/06/14:48:49.418389,4.96936035156
2019/09/06/14:48:49.422300,4.96976041794
2019/09/06/14:48:49.426161,4.97016048431
2019/09/06/14:48:49.430103,4.97056055069
2019/09/06/14:48:49.434171,4.97096061707
2019/09/06/14:48:49.438113,4.97136068344
2019/09/06/14:48:49.442413,4.97176074982
2019/09/06/14:48:49.446393,4.97216081619
2019/09/06/14:48:49.450187,4.97256088257
2019/09/06/14:48:49.454132,4.97296094894
2019/09/06/14:48:49.458259,4.97336101532
2019/09/06/14:48:49.462346,4.9737610817
2019/09/06/14:48:49.466240,4.97416114807
2019/09/06/14:48:49.470220,4.97456121445
2019/09/06/14:48:49.474227,4.97496128082
2019/09/06/14:48:49.478261,4.9753613472
2019/09/06/14:48:49.482080,4.97576141357
2019/09/06/14:48:49.486381,4.97616147995
2019/09/06/14:48:49.490441,4.97656154633
2019/09/06/14:48:49.494171,4.9769616127
2019/09/06/14:48:49.498101,4.97736167908
2019/09/06/14:48:49.502191,4.97776174545
2019/09/06/14:48:49.506193,4.97816181183
2019/09/06/14:48:49.510092,4.9785618782
2019/09/06/14:48:49.514097,4.97896194458
2019/09/06/14:48:49.518041,4.97936201096
2019/09/06/14:48:49.522233,4.97976207733
2019/09/06/14:48:49.526511,4.98016214371
2019/09/06/14:48:49.530182,4.98056221008
2019/09/06/14:48:49.534161,4.98096227646
2019/09/06/14:48:49.538039,4.98136234283
2019/09/06/14:48:49.542015,4.98176240921
2019/09/06/14:48:49.546185,4.98216247559
2019/09/06/14:48:49.550330,4.98256254196
2019/09/06/14:48:49.554137,4.98296260834
2019/09/06/14:48:49.558188,4.98336267471
2019/09/06/14:48:49.562294,4.98376274109
2019/09/06/14:48:49.566189,4.98416280746
2019/09/06/14:48:49.570096,4.98456287384
2019/09/06/14:48:49.574064,4.98496294022
2019/09/06/14:48:49.578181,4.98536300659
2019/09/06/14:48:49.582048,4.98576307297
2019/09/06/14:48:49.586104,4.98616313934
2019/09/06/14:48:49.590167,4.98656320572
2019/09/06/14:48:49.594091,4.98696327209
2019/09/06/14:48:49.598166,4.98736333847
2019/09/06/14:48:49.602226,4.98776340485
2019/09/06/14:48:49.606313,4.98816347122
2019/09/06/14:48:49.610137,4.9885635376
2019/09/06/14:48:49.614152,4.98896360397
2019/09/06/14:48:49.618193,4.98936367035
2019/09/06/14:48:49.622237,4.98976373672
2019/09/06/14:48:49.626286,4.9901638031
2019/09/06/14:48:49.630247,4.99056386948
2019/09/06/14:48:49.634270,4.99096393585
2019/09/06/14:48:49.638322,4.99136400223
2019/09/06/14:48:49.642139,4.9917640686
2019/09/06/14:48:49.646270,4.99216413498
2019/09/06/14:48:49.650151,4.99256420135
2019/09/06/14:48:49.653893,4.99296426773
2019/09/06/14:48:49.658167,4.99336433411
2019/09/06/14:48:49.662206,4.99376440048
2019/09/06/14:48:49.666289,4.99416446686
2019/09/06/14:48:49.670104,4.99456453323
2019/09/06/14:48:49.674092,4.99496459961
2019/09/06/14:48:49.678044,4.99536466599
2019/09/06/14:48:49.682187,4.99576473236
2019/09/06/14:48:49.686237,4.99616479874
2019/09/06/14:48:49.690103,4.99656486511
2019/09/06/14:48:49.694241,4.99696493149
2019/09/06/14:48:49.698107,4.99736499786
2019/09/06/14:48:49.702297,4.99776506424
2019/09/06/14:48:49.706274,4.99816513062
2019/09/06/14:48:49.710323,4.99856519699
2019/09/06/14:48:49.714127,4.99896526337
2019/09/06/14:48:49.718153,4.99936532974
2019/09/06/14:48:49.722296,4.99976539612
2019/09/06/14:48:49.726020,5.00016546249
2019/09/06/14:48:49.730251,5.00056552887
2019/09/06/14:48:49.734256,5.00096559525
2019/09/06/14:48:49.738071,5.00136566162
2019/09/06/14:48:49.742344,5.001765728
2019/09/06/14:48:49.746163,5.00216579437
2019/09/06/14:48:49.750071,5.00256586075
2019/09/06/14:48:49.754123,5.00296592712
2019/09/06/14:48:49.758217,5.0033659935
2019/09/06/14:48:49.762159,5.00376605988
2019/09/06/14:48:49.766192,5.00416612625
2019/09/06/14:48:49.770311,5.00456619263
2019/09/06/14:48:49.774259,5.004966259
2019/09/06/14:48:49.778136,5.00536632538
2019/09/06/14:48:49.782172,5.00576639175
2019/09/06/14:48:49.786357,5.00616645813
2019/09/06/14:48:49.790143,5.00656652451
2019/09/06/14:48:49.794109,5.00696659088
2019/09/06/14:48:49.798290,5.00736665726
2019/09/06/14:48:49.802336,5.00776672363
2019/09/06/14:48:49.806258,5.00816679001
2019/09/06/14:48:49.810186,5.00856685638
2019/09/06/14:48:49.814193,5.00896692276
2019/09/06/14:48:49.818084,5.00936698914
2019/09/06/14:48:49.822193,5.00976705551
2019/09/06/14:48:49.826197,5.01016712189
2019/09/06/14:48:49.830352,5.01056718826
2019/09/06/14:48:49.834130,5.01096725464
2019/09/06/14:48:49.838375,5.01136732101
2019/09/06/14:48:49.842336,5.01176738739
2019/09/06/14:48:49.846133,5.01216745377
2019/09/06/14:48:49.850303,5.01256752014
2019/09/06/14:48:49.854170,5.01296758652
2019/09/06/14:48:49.858109,5.01336765289
2019/09/06/14:48:49.862289,5.01376771927
2019/09/06/14:48:49.866019,5.01416778564
2019/09/06/14:48:49.870142,5.01456785202
2019/09/06/14:48:49.874145,5.0149679184
2019/09/06/14:48:49.878199,5.01536798477
2019/09/06/14:48:49.882268,5.01576805115
2019/09/06/14:48:49.886370,5.01616811752
2019/09/06/14:48:49.890313,5.0165681839
2019/09/06/14:48:49.894397,5.01696825027
2019/09/06/14:48:49.898307,5.01736831665
2019/09/06/14:48:49.902455,5.01776838303
2019/09/06/14:48:49.906289,5.0181684494
2019/09/06/14:48:49.910093,5.01856851578
2019/09/06/14:48:49.914169,5.01896858215
2019/09/06/14:48:49.918126,5.01936864853
2019/09/06/14:48:49.922263,5.0197687149
2019/09/06/14:48:49.926167,5.02016878128
2019/09/06/14:48:49.930236,5.02056884766
2019/09/06/14:48:49.934201,5.02096891403
2019/09/06/14:48:49.938275,5.02136898041
2019/09/06/14:48:49.942059,5.02176904678
2019/09/06/14:48:49.946089,5.02216911316
2019/09/06/14:48:49.950178,5.02256917953
2019/09/06/14:48:49.954345,5.02296924591
2019/09/06/14:48:49.958316,5.02336931229
2019/09/06/14:48:49.962272,5.02376937866
2019/09/06/14:48:49.966048,5.02416944504
2019/09/06/14:48:49.969986,5.02456951141
2019/09/06/14:48:49.974139,5.02496957779
2019/09/06/14:48:49.978115,5.02536964417
2019/09/06/14:48:49.982239,5.02576971054
2019/09/06/14:48:49.986143,5.02616977692
2019/09/06/14:48:49.990259,5.02656984329
2019/09/06/14:48:49.994238,5.02696990967
2019/09/06/14:48:49.998210,5.02736997604
2019/09/06/14:48:50.002120,5.02777004242
2019/09/06/14:48:50.006303,5.0281701088
2019/09/06/14:48:50.010070,5.02857017517
2019/09/06/14:48:50.014105,5.02897024155
2019/09/06/14:48:50.018172,5.02937030792
2019/09/06/14:48:50.022044,5.0297703743
2019/09/06/14:48:50.026147,5.03017044067
2019/09/06/14:48:50.030254,5.03057050705
2019/09/06/14:48:50.034207,5.03097057343
2019/09/06/14:48:50.038097,5.0313706398
2019/09/06/14:48:50.042086,5.03177070618
2019/09/06/14:48:50.046238,5.03217077255
2019/09/06/14:48:50.050111,5.03257083893
2019/09/06/14:48:50.054297,5.0329709053
2019/09/06/14:48:50.058037,5.03337097168
2019/09/06/14:48:50.062465,5.03377103806
2019/09/06/14:48:50.066232,5.03417110443
2019/09/06/14:48:50.069886,5.03457117081
2019/09/06/14:48:50.074197,5.03497123718
2019/09/06/14:48:50.078250,5.03537130356
2019/09/06/14:48:50.082199,5.03577136993
2019/09/06/14:48:50.086101,5.03617143631
2019/09/06/14:48:50.090177,5.03657150269
2019/09/06/14:48:50.094240,5.03697156906
2019/09/06/14:48:50.098159,5.03737163544
2019/09/06/14:48:50.102271,5.03777170181
2019/09/06/14:48:50.106321,5.03817176819
2019/09/06/14:48:50.110295,5.03857183456
2019/09/06/14:48:50.114278,5.03897190094
2019/09/06/14:48:50.118141,5.03937196732
2019/09/06/14:48:50.122161,5.03977203369
2019/09/06/14:48:50.126241,5.04017210007
2019/09/06/14:48:50.130075,5.04057216644
2019/09/06/14:48:50.134271,5.04097223282
2019/09/06/14:48:50.138511,5.04137229919
2019/09/06/14:48:50.142256,5.04177236557
2019/09/06/14:48:50.146148,5.04217243195
2019/09/06/14:48:50.150337,5.04257249832
2019/09/06/14:48:50.154153,5.0429725647
2019/09/06/14:48:50.158352,5.04337263107
2019/09/06/14:48:50.162506,5.04377269745
2019/09/06/14:48:50.166189,5.04417276382
2019/09/06/14:48:50.170502,5.0445728302
2019/09/06/14:48:50.174328,5.04497289658
2019/09/06/14:48:50.177987,5.04537296295
2019/09/06/14:48:50.182208,5.04577302933
2019/09/06/14:48:50.186144,5.0461730957
2019/09/06/14:48:50.190246,5.04657316208
2019/09/06/14:48:50.194261,5.04697322845
2019/09/06/14:48:50.198353,5.04737329483
2019/09/06/14:48:50.202081,5.04777336121
2019/09/06/14:48:50.206196,5.04817342758
2019/09/06/14:48:50.210213,5.04857349396
2019/09/06/14:48:50.214306,5.04897356033
2019/09/06/14:48:50.218144,5.04937362671
2019/09/06/14:48:50.222194,5.04977369308
2019/09/06/14:48:50.226123,5.05017375946
2019/09/06/14:48:50.230199,5.05057382584
2019/09/06/14:48:50.234223,5.05097389221
2019/09/06/14:48:50.238202,5.05137395859
2019/09/06/14:48:50.242225,5.05177402496
2019/09/06/14:48:50.246262,5.05217409134
2019/09/06/14:48:50.250199,5.05257415771
2019/09/06/14:48:50.254220,5.05297422409
2019/09/06/14:48:50.258116,5.05337429047
2019/09/06/14:48:50.262177,5.05377435684
2019/09/06/14:48:50.266147,5.05417442322
2019/09/06/14:48:50.270177,5.05457448959
2019/09/06/14:48:50.273925,5.05497455597
2019/09/06/14:48:50.278130,5.05537462234
2019/09/06/14:48:50.282171,5.05577468872
2019/09/06/14:48:50.286233,5.0561747551
2019/09/06/14:48:50.290080,5.05657482147
2019/09/06/14:48:50.294240,5.05697488785
2019/09/06/14:48:50.298255,5.05737495422
2019/09/06/14:48:50.302457,5.0577750206
2019/09/06/14:48:50.306303,5.05817508698
2019/09/06/14:48:50.310296,5.05857515335
2019/09/06/14:48:50.314099,5.05897521973
2019/09/06/14:48:50.318094,5.0593752861
2019/09/06/14:48:50.322060,5.05977535248
2019/09/06/14:48:50.326210,5.06017541885
2019/09/06/14:48:50.329939,5.06057548523
2019/09/06/14:48:50.334163,5.06097555161
2019/09/06/14:48:50.338129,5.06137561798
2019/09/06/14:48:50.342280,5.06177568436
2019/09/06/14:48:50.346189,5.06217575073
2019/09/06/14:48:50.349941,5.06257581711
2019/09/06/14:48:50.354085,5.06297588348
2019/09/06/14:48:50.358206,5.06337594986
2019/09/06/14:48:50.362399,5.06377601624
2019/09/06/14:48:50.366388,5.06417608261
2019/09/06/14:48:50.370324,5.06457614899
2019/09/06/14:48:50.373977,5.06497621536
2019/09/06/14:48:50.378121,5.06537628174
2019/09/06/14:48:50.382112,5.06577634811
2019/09/06/14:48:50.386116,5.06617641449
2019/09/06/14:48:50.390394,5.06657648087
2019/09/06/14:48:50.394062,5.06697654724
2019/09/06/14:48:50.398099,5.06737661362
2019/09/06/14:48:50.402092,5.06777667999
2019/09/06/14:48:50.406354,5.06817674637
2019/09/06/14:48:50.410410,5.06857681274
2019/09/06/14:48:50.414138,5.06897687912
2019/09/06/14:48:50.418153,5.0693769455
2019/09/06/14:48:50.422116,5.06977701187
2019/09/06/14:48:50.426303,5.07017707825
2019/09/06/14:48:50.430313,5.07057714462
2019/09/06/14:48:50.434217,5.070977211
2019/09/06/14:48:50.437989,5.07137727737
2019/09/06/14:48:50.441738,5.07177734375
2019/09/06/14:48:50.445951,5.07217741013
2019/09/06/14:48:50.449955,5.0725774765
2019/09/06/14:48:50.454031,5.07297754288
2019/09/06/14:48:50.458133,5.07337760925
2019/09/06/14:48:50.462001,5.07377767563
2019/09/06/14:48:50.466087,5.074177742
2019/09/06/14:48:50.470162,5.07457780838
2019/09/06/14:48:50.474306,5.07497787476
2019/09/06/14:48:50.478102,5.07537794113
2019/09/06/14:48:50.482296,5.07577800751
2019/09/06/14:48:50.486315,5.07617807388
2019/09/06/14:48:50.490297,5.07657814026
2019/09/06/14:48:50.494011,5.07697820663
2019/09/06/14:48:50.498117,5.07737827301
2019/09/06/14:48:50.502158,5.07777833939
2019/09/06/14:48:50.506136,5.07817840576
2019/09/06/14:48:50.510141,5.07857847214
2019/09/06/14:48:50.514112,5.07897853851
2019/09/06/14:48:50.518133,5.07937860489
2019/09/06/14:48:50.522120,5.07977867126
2019/09/06/14:48:50.526182,5.08017873764
2019/09/06/14:48:50.530379,5.08057880402
2019/09/06/14:48:50.534111,5.08097887039
2019/09/06/14:48:50.537854,5.08137893677
2019/09/06/14:48:50.542041,5.08177900314
2019/09/06/14:48:50.545984,5.08217906952
2019/09/06/14:48:50.550164,5.08257913589
2019/09/06/14:48:50.554030,5.08297920227
2019/09/06/14:48:50.558182,5.08337926865
2019/09/06/14:48:50.562219,5.08377933502
2019/09/06/14:48:50.566172,5.0841794014
2019/09/06/14:48:50.570096,5.08457946777
2019/09/06/14:48:50.574409,5.08497953415
2019/09/06/14:48:50.578306,5.08537960052
2019/09/06/14:48:50.582160,5.0857796669
2019/09/06/14:48:50.586031,5.08617973328
2019/09/06/14:48:50.590038,5.08657979965
2019/09/06/14:48:50.594233,5.08697986603
2019/09/06/14:48:50.598125,5.0873799324
2019/09/06/14:48:50.602108,5.08777999878
2019/09/06/14:48:50.606257,5.08818006516
2019/09/06/14:48:50.610081,5.08858013153
2019/09/06/14:48:50.614214,5.08898019791
2019/09/06/14:48:50.618133,5.08938026428
2019/09/06/14:48:50.622199,5.08978033066
2019/09/06/14:48:50.626113,5.09018039703
2019/09/06/14:48:50.630156,5.09058046341
2019/09/06/14:48:50.634181,5.09098052979
2019/09/06/14:48:50.638247,5.09138059616
2019/09/06/14:48:50.642257,5.09178066254
2019/09/06/14:48:50.646249,5.09218072891
2019/09/06/14:48:50.650404,5.09258079529
2019/09/06/14:48:50.654222,5.09298086166
2019/09/06/14:48:50.658368,5.09338092804
2019/09/06/14:48:50.662201,5.09378099442
2019/09/06/14:48:50.666376,5.09418106079
2019/09/06/14:48:50.670145,5.09458112717
2019/09/06/14:48:50.674245,5.09498119354
2019/09/06/14:48:50.678100,5.09538125992
2019/09/06/14:48:50.682123,5.09578132629
2019/09/06/14:48:50.686297,5.09618139267
2019/09/06/14:48:50.690144,5.09658145905
2019/09/06/14:48:50.694047,5.09698152542
2019/09/06/14:48:50.698133,5.0973815918
2019/09/06/14:48:50.702111,5.09778165817
2019/09/06/14:48:50.706220,5.09818172455
2019/09/06/14:48:50.710152,5.09858179092
2019/09/06/14:48:50.714086,5.0989818573
2019/09/06/14:48:50.718037,5.09938192368
2019/09/06/14:48:50.722178,5.09978199005
2019/09/06/14:48:50.726362,5.10018205643
2019/09/06/14:48:50.730138,5.1005821228
2019/09/06/14:48:50.734078,5.10098218918
2019/09/06/14:48:50.738083,5.10138225555
2019/09/06/14:48:50.742076,5.10178232193
2019/09/06/14:48:50.746155,5.10218238831
2019/09/06/14:48:50.750085,5.10258245468
2019/09/06/14:48:50.754184,5.10298252106
2019/09/06/14:48:50.758074,5.10338258743
2019/09/06/14:48:50.761985,5.10378265381
2019/09/06/14:48:50.766118,5.10418272018
2019/09/06/14:48:50.770134,5.10458278656
2019/09/06/14:48:50.774158,5.10498285294
2019/09/06/14:48:50.777898,5.10538291931
2019/09/06/14:48:50.782391,5.10578298569
2019/09/06/14:48:50.785980,5.10618305206
2019/09/06/14:48:50.790081,5.10658311844
2019/09/06/14:48:50.794195,5.10698318481
2019/09/06/14:48:50.798361,5.10738325119
2019/09/06/14:48:50.802444,5.10778331757
2019/09/06/14:48:50.806390,5.10818338394
2019/09/06/14:48:50.810105,5.10858345032
2019/09/06/14:48:50.814276,5.10898351669
2019/09/06/14:48:50.818155,5.10938358307
2019/09/06/14:48:50.822179,5.10978364944
2019/09/06/14:48:50.826211,5.11018371582
2019/09/06/14:48:50.830158,5.1105837822
2019/09/06/14:48:50.834317,5.11098384857
2019/09/06/14:48:50.838352,5.11138391495
2019/09/06/14:48:50.842207,5.11178398132
2019/09/06/14:48:50.846235,5.1121840477
2019/09/06/14:48:50.850125,5.11258411407
2019/09/06/14:48:50.854107,5.11298418045
2019/09/06/14:48:50.858095,5.11338424683
2019/09/06/14:48:50.861972,5.1137843132
2019/09/06/14:48:50.866173,5.11418437958
2019/09/06/14:48:50.870267,5.11458444595
2019/09/06/14:48:50.874197,5.11498451233
2019/09/06/14:48:50.878373,5.1153845787
2019/09/06/14:48:50.882298,5.11578464508
2019/09/06/14:48:50.886103,5.11618471146
2019/09/06/14:48:50.890153,5.11658477783
2019/09/06/14:48:50.894022,5.11698484421
2019/09/06/14:48:50.898203,5.11738491058
2019/09/06/14:48:50.902123,5.11778497696
2019/09/06/14:48:50.906039,5.11818504333
2019/09/06/14:48:50.910199,5.11858510971
2019/09/06/14:48:50.914091,5.11898517609
2019/09/06/14:48:50.918060,5.11938524246
2019/09/06/14:48:50.922215,5.11978530884
2019/09/06/14:48:50.926440,5.12018537521
2019/09/06/14:48:50.930248,5.12058544159
2019/09/06/14:48:50.934183,5.12098550797
2019/09/06/14:48:50.938230,5.12138557434
2019/09/06/14:48:50.942049,5.12178564072
2019/09/06/14:48:50.946036,5.12218570709
2019/09/06/14:48:50.950296,5.12258577347
2019/09/06/14:48:50.954249,5.12298583984
2019/09/06/14:48:50.958614,5.12338590622
2019/09/06/14:48:50.962173,5.1237859726
2019/09/06/14:48:50.966537,5.12418603897
2019/09/06/14:48:50.970247,5.12458610535
2019/09/06/14:48:50.974214,5.12498617172
2019/09/06/14:48:50.978218,5.1253862381
2019/09/06/14:48:50.981890,5.12578630447
2019/09/06/14:48:50.986131,5.12618637085
2019/09/06/14:48:50.990362,5.12658643723
2019/09/06/14:48:50.994192,5.1269865036
2019/09/06/14:48:50.998102,5.12738656998
2019/09/06/14:48:51.002128,5.12778663635
2019/09/06/14:48:51.006160,5.12818670273
2019/09/06/14:48:51.010195,5.1285867691
2019/09/06/14:48:51.014164,5.12898683548
2019/09/06/14:48:51.018025,5.12938690186
2019/09/06/14:48:51.022115,5.12978696823
2019/09/06/14:48:51.026368,5.13018703461
2019/09/06/14:48:51.030235,5.13058710098
2019/09/06/14:48:51.034213,5.13098716736
2019/09/06/14:48:51.037952,5.13138723373
2019/09/06/14:48:51.042211,5.13178730011
2019/09/06/14:48:51.046233,5.13218736649
2019/09/06/14:48:51.050155,5.13258743286
2019/09/06/14:48:51.054219,5.13298749924
2019/09/06/14:48:51.058034,5.13338756561
2019/09/06/14:48:51.062153,5.13378763199
2019/09/06/14:48:51.066423,5.13418769836
2019/09/06/14:48:51.070264,5.13458776474
2019/09/06/14:48:51.074251,5.13498783112
2019/09/06/14:48:51.078178,5.13538789749
2019/09/06/14:48:51.082097,5.13578796387
2019/09/06/14:48:51.086163,5.13618803024
2019/09/06/14:48:51.090203,5.13658809662
2019/09/06/14:48:51.094146,5.13698816299
2019/09/06/14:48:51.098220,5.13738822937
2019/09/06/14:48:51.102264,5.13778829575
2019/09/06/14:48:51.106218,5.13818836212
2019/09/06/14:48:51.110161,5.1385884285
2019/09/06/14:48:51.114370,5.13898849487
2019/09/06/14:48:51.118286,5.13938856125
2019/09/06/14:48:51.122479,5.13978862762
2019/09/06/14:48:51.126403,5.140188694
2019/09/06/14:48:51.130115,5.14058876038
2019/09/06/14:48:51.134241,5.14098882675
2019/09/06/14:48:51.138238,5.14138889313
2019/09/06/14:48:51.142265,5.1417889595
2019/09/06/14:48:51.146179,5.14218902588
2019/09/06/14:48:51.150357,5.14258909225
2019/09/06/14:48:51.154035,5.14298915863
2019/09/06/14:48:51.158260,5.14338922501
2019/09/06/14:48:51.162290,5.14378929138
2019/09/06/14:48:51.166483,5.14418935776
2019/09/06/14:48:51.170099,5.14458942413
2019/09/06/14:48:51.174211,5.14498949051
2019/09/06/14:48:51.178186,5.14538955688
2019/09/06/14:48:51.181888,5.14578962326
2019/09/06/14:48:51.186126,5.14618968964
2019/09/06/14:48:51.190192,5.14658975601
2019/09/06/14:48:51.194173,5.14698982239
2019/09/06/14:48:51.198382,5.14738988876
2019/09/06/14:48:51.202511,5.14778995514
2019/09/06/14:48:51.206325,5.14819002151
2019/09/06/14:48:51.210363,5.14859008789
2019/09/06/14:48:51.214228,5.14899015427
2019/09/06/14:48:51.218113,5.14939022064
2019/09/06/14:48:51.222171,5.14979028702
2019/09/06/14:48:51.226261,5.15019035339
2019/09/06/14:48:51.230397,5.15059041977
2019/09/06/14:48:51.234441,5.15099048615
2019/09/06/14:48:51.238078,5.15139055252
2019/09/06/14:48:51.242095,5.1517906189
2019/09/06/14:48:51.246280,5.15219068527
2019/09/06/14:48:51.250133,5.15259075165
2019/09/06/14:48:51.253937,5.15299081802
2019/09/06/14:48:51.258159,5.1533908844
2019/09/06/14:48:51.262128,5.15379095078
2019/09/06/14:48:51.266171,5.15419101715
2019/09/06/14:48:51.270177,5.15459108353
2019/09/06/14:48:51.274266,5.1549911499
2019/09/06/14:48:51.278094,5.15539121628
2019/09/06/14:48:51.282164,5.15579128265
2019/09/06/14:48:51.286002,5.15619134903
2019/09/06/14:48:51.290257,5.15659141541
2019/09/06/14:48:51.294272,5.15699148178
2019/09/06/14:48:51.298111,5.15739154816
2019/09/06/14:48:51.302283,5.15779161453
2019/09/06/14:48:51.306313,5.15819168091
2019/09/06/14:48:51.310240,5.15859174728
2019/09/06/14:48:51.314160,5.15899181366
2019/09/06/14:48:51.318109,5.15939188004
2019/09/06/14:48:51.322165,5.15979194641
2019/09/06/14:48:51.326267,5.16019201279
2019/09/06/14:48:51.330189,5.16059207916
2019/09/06/14:48:51.334166,5.16099214554
2019/09/06/14:48:51.338441,5.16139221191
2019/09/06/14:48:51.342365,5.16179227829
2019/09/06/14:48:51.346278,5.16219234467
2019/09/06/14:48:51.350086,5.16259241104
2019/09/06/14:48:51.354144,5.16299247742
2019/09/06/14:48:51.358183,5.16339254379
2019/09/06/14:48:51.362475,5.16379261017
2019/09/06/14:48:51.366304,5.16419267654
2019/09/06/14:48:51.370088,5.16459274292
2019/09/06/14:48:51.374123,5.1649928093
2019/09/06/14:48:51.378200,5.16539287567
2019/09/06/14:48:51.382191,5.16579294205
2019/09/06/14:48:51.386213,5.16619300842
2019/09/06/14:48:51.390147,5.1665930748
2019/09/06/14:48:51.394347,5.16699314117
2019/09/06/14:48:51.398147,5.16739320755
2019/09/06/14:48:51.402158,5.16779327393
2019/09/06/14:48:51.406271,5.1681933403
2019/09/06/14:48:51.410175,5.16859340668
2019/09/06/14:48:51.414165,5.16899347305
2019/09/06/14:48:51.418193,5.16939353943
2019/09/06/14:48:51.422146,5.1697936058
2019/09/06/14:48:51.426136,5.17019367218
2019/09/06/14:48:51.430229,5.17059373856
2019/09/06/14:48:51.434207,5.17099380493
2019/09/06/14:48:51.438345,5.17139387131
2019/09/06/14:48:51.442265,5.17179393768
2019/09/06/14:48:51.446243,5.17219400406
2019/09/06/14:48:51.450216,5.17259407043
2019/09/06/14:48:51.454161,5.17299413681
2019/09/06/14:48:51.458163,5.17339420319
2019/09/06/14:48:51.462189,5.17379426956
2019/09/06/14:48:51.466473,5.17419433594
2019/09/06/14:48:51.470252,5.17459440231
2019/09/06/14:48:51.474257,5.17499446869
2019/09/06/14:48:51.478380,5.17539453506
2019/09/06/14:48:51.482282,5.17579460144
2019/09/06/14:48:51.485963,5.17619466782
2019/09/06/14:48:51.490076,5.17659473419
2019/09/06/14:48:51.494043,5.17699480057
2019/09/06/14:48:51.498127,5.17739486694
2019/09/06/14:48:51.502357,5.17779493332
2019/09/06/14:48:51.506333,5.17819499969
2019/09/06/14:48:51.510244,5.17859506607
2019/09/06/14:48:51.514146,5.17899513245
2019/09/06/14:48:51.518103,5.17939519882
2019/09/06/14:48:51.522151,5.1797952652
2019/09/06/14:48:51.526472,5.18019533157
2019/09/06/14:48:51.530353,5.18059539795
2019/09/06/14:48:51.534187,5.18099546432
2019/09/06/14:48:51.538319,5.1813955307
2019/09/06/14:48:51.542125,5.18179559708
2019/09/06/14:48:51.546148,5.18219566345
2019/09/06/14:48:51.550334,5.18259572983
2019/09/06/14:48:51.554046,5.1829957962
2019/09/06/14:48:51.558184,5.18339586258
2019/09/06/14:48:51.562298,5.18379592896
2019/09/06/14:48:51.566240,5.18419599533
2019/09/06/14:48:51.570194,5.18459606171
2019/09/06/14:48:51.574474,5.18499612808
2019/09/06/14:48:51.578084,5.18539619446
2019/09/06/14:48:51.582367,5.18579626083
2019/09/06/14:48:51.586194,5.18619632721
2019/09/06/14:48:51.590036,5.18659639359
2019/09/06/14:48:51.594052,5.18699645996
2019/09/06/14:48:51.598009,5.18739652634
2019/09/06/14:48:51.602082,5.18779659271
2019/09/06/14:48:51.606256,5.18819665909
2019/09/06/14:48:51.610312,5.18859672546
2019/09/06/14:48:51.614139,5.18899679184
2019/09/06/14:48:51.618049,5.18939685822
2019/09/06/14:48:51.622194,5.18979692459
2019/09/06/14:48:51.626107,5.19019699097
2019/09/06/14:48:51.630104,5.19059705734
2019/09/06/14:48:51.634132,5.19099712372
2019/09/06/14:48:51.638598,5.19139719009
2019/09/06/14:48:51.642096,5.19179725647
2019/09/06/14:48:51.646086,5.19219732285
2019/09/06/14:48:51.650200,5.19259738922
2019/09/06/14:48:51.654205,5.1929974556
2019/09/06/14:48:51.658138,5.19339752197
2019/09/06/14:48:51.662336,5.19379758835
2019/09/06/14:48:51.666083,5.19419765472
2019/09/06/14:48:51.670104,5.1945977211
2019/09/06/14:48:51.674134,5.19499778748
2019/09/06/14:48:51.678178,5.19539785385
2019/09/06/14:48:51.682121,5.19579792023
2019/09/06/14:48:51.686183,5.1961979866
2019/09/06/14:48:51.690203,5.19659805298
2019/09/06/14:48:51.694184,5.19699811935
2019/09/06/14:48:51.698184,5.19739818573
2019/09/06/14:48:51.702304,5.19779825211
2019/09/06/14:48:51.706238,5.19819831848
2019/09/06/14:48:51.710327,5.19859838486
2019/09/06/14:48:51.714296,5.19899845123
2019/09/06/14:48:51.718315,5.19939851761
2019/09/06/14:48:51.722311,5.19979858398
2019/09/06/14:48:51.726147,5.20019865036
2019/09/06/14:48:51.730147,5.20059871674
2019/09/06/14:48:51.734248,5.20099878311
2019/09/06/14:48:51.738199,5.20139884949
2019/09/06/14:48:51.742309,5.20179891586
2019/09/06/14:48:51.746312,5.20219898224
2019/09/06/14:48:51.750278,5.20259904861
2019/09/06/14:48:51.754241,5.20299911499
2019/09/06/14:48:51.758108,5.20339918137
2019/09/06/14:48:51.762383,5.20379924774
2019/09/06/14:48:51.766139,5.20419931412
2019/09/06/14:48:51.769997,5.20459938049
2019/09/06/14:48:51.774222,5.20499944687
2019/09/06/14:48:51.778124,5.20539951324
2019/09/06/14:48:51.782189,5.20579957962
2019/09/06/14:48:51.786169,5.206199646
2019/09/06/14:48:51.790105,5.20659971237
2019/09/06/14:48:51.794137,5.20699977875
2019/09/06/14:48:51.798357,5.20739984512
2019/09/06/14:48:51.802205,5.2077999115
2019/09/06/14:48:51.806175,5.20819997787
2019/09/06/14:48:51.810209,5.20860004425
2019/09/06/14:48:51.814344,5.20900011063
2019/09/06/14:48:51.818388,5.209400177
2019/09/06/14:48:51.822203,5.20980024338
2019/09/06/14:48:51.826196,5.21020030975
2019/09/06/14:48:51.830245,5.21060037613
2019/09/06/14:48:51.834481,5.2110004425
2019/09/06/14:48:51.838242,5.21140050888
2019/09/06/14:48:51.842223,5.21180057526
2019/09/06/14:48:51.846326,5.21220064163
2019/09/06/14:48:51.850140,5.21260070801
2019/09/06/14:48:51.854347,5.21300077438
2019/09/06/14:48:51.858127,5.21340084076
2019/09/06/14:48:51.862195,5.21380090714
2019/09/06/14:48:51.866180,5.21420097351
2019/09/06/14:48:51.870233,5.21460103989
2019/09/06/14:48:51.874267,5.21500110626
2019/09/06/14:48:51.878332,5.21540117264
2019/09/06/14:48:51.882343,5.21580123901
2019/09/06/14:48:51.886282,5.21620130539
2019/09/06/14:48:51.889932,5.21660137177
2019/09/06/14:48:51.894048,5.21700143814
2019/09/06/14:48:51.898259,5.21740150452
2019/09/06/14:48:51.902296,5.21780157089
2019/09/06/14:48:51.906277,5.21820163727
2019/09/06/14:48:51.910140,5.21860170364
2019/09/06/14:48:51.914173,5.21900177002
2019/09/06/14:48:51.918519,5.2194018364
2019/09/06/14:48:51.922318,5.21980190277
2019/09/06/14:48:51.926294,5.22020196915
2019/09/06/14:48:51.930285,5.22060203552
2019/09/06/14:48:51.934170,5.2210021019
2019/09/06/14:48:51.938277,5.22140216827
2019/09/06/14:48:51.941888,5.22180223465
2019/09/06/14:48:51.946537,5.22220230103
2019/09/06/14:48:51.950306,5.2226023674
2019/09/06/14:48:51.954041,5.22300243378
2019/09/06/14:48:51.958142,5.22340250015
2019/09/06/14:48:51.962213,5.22380256653
2019/09/06/14:48:51.966441,5.2242026329
2019/09/06/14:48:51.970160,5.22460269928
2019/09/06/14:48:51.974276,5.22500276566
2019/09/06/14:48:51.978187,5.22540283203
2019/09/06/14:48:51.982255,5.22580289841
2019/09/06/14:48:51.986125,5.22620296478
2019/09/06/14:48:51.990074,5.22660303116
2019/09/06/14:48:51.994105,5.22700309753
2019/09/06/14:48:51.998110,5.22740316391
2019/09/06/14:48:52.002295,5.22780323029
2019/09/06/14:48:52.006194,5.22820329666
2019/09/06/14:48:52.010289,5.22860336304
2019/09/06/14:48:52.014193,5.22900342941
2019/09/06/14:48:52.018046,5.22940349579
2019/09/06/14:48:52.022324,5.22980356216
2019/09/06/14:48:52.026299,5.23020362854
2019/09/06/14:48:52.030264,5.23060369492
2019/09/06/14:48:52.034086,5.23100376129
2019/09/06/14:48:52.037923,5.23140382767
2019/09/06/14:48:52.042080,5.23180389404
2019/09/06/14:48:52.046489,5.23220396042
2019/09/06/14:48:52.050214,5.23260402679
2019/09/06/14:48:52.054145,5.23300409317
2019/09/06/14:48:52.058058,5.23340415955
2019/09/06/14:48:52.062146,5.23380422592
2019/09/06/14:48:52.066224,5.2342042923
2019/09/06/14:48:52.070278,5.23460435867
2019/09/06/14:48:52.074365,5.23500442505
2019/09/06/14:48:52.078330,5.23540449142
2019/09/06/14:48:52.082261,5.2358045578
2019/09/06/14:48:52.085907,5.23620462418
2019/09/06/14:48:52.090608,5.23660469055
2019/09/06/14:48:52.094135,5.23700475693
2019/09/06/14:48:52.098157,5.2374048233
2019/09/06/14:48:52.102151,5.23780488968
2019/09/06/14:48:52.106116,5.23820495605
2019/09/06/14:48:52.110386,5.23860502243
2019/09/06/14:48:52.114207,5.23900508881
2019/09/06/14:48:52.118167,5.23940515518
2019/09/06/14:48:52.122276,5.23980522156
2019/09/06/14:48:52.126237,5.24020528793
2019/09/06/14:48:52.130256,5.24060535431
2019/09/06/14:48:52.134142,5.24100542068
2019/09/06/14:48:52.138271,5.24140548706
2019/09/06/14:48:52.142252,5.24180555344
2019/09/06/14:48:52.146485,5.24220561981
2019/09/06/14:48:52.150334,5.24260568619
2019/09/06/14:48:52.154400,5.24300575256
2019/09/06/14:48:52.158205,5.24340581894
2019/09/06/14:48:52.162358,5.24380588531
2019/09/06/14:48:52.166177,5.24420595169
2019/09/06/14:48:52.170256,5.24460601807
2019/09/06/14:48:52.174211,5.24500608444
2019/09/06/14:48:52.178104,5.24540615082
2019/09/06/14:48:52.182034,5.24580621719
2019/09/06/14:48:52.186059,5.24620628357
2019/09/06/14:48:52.190209,5.24660634995
2019/09/06/14:48:52.194014,5.24700641632
2019/09/06/14:48:52.198320,5.2474064827
2019/09/06/14:48:52.202103,5.24780654907
2019/09/06/14:48:52.206217,5.24820661545
2019/09/06/14:48:52.210332,5.24860668182
2019/09/06/14:48:52.214249,5.2490067482
2019/09/06/14:48:52.218255,5.24940681458
2019/09/06/14:48:52.222355,5.24980688095
2019/09/06/14:48:52.226227,5.25020694733
2019/09/06/14:48:52.230423,5.2506070137
2019/09/06/14:48:52.234303,5.25100708008
2019/09/06/14:48:52.238188,5.25140714645
2019/09/06/14:48:52.242203,5.25180721283
2019/09/06/14:48:52.246225,5.25220727921
2019/09/06/14:48:52.250077,5.25260734558
2019/09/06/14:48:52.253986,5.25300741196
2019/09/06/14:48:52.258349,5.25340747833
2019/09/06/14:48:52.262450,5.25380754471
2019/09/06/14:48:52.266326,5.25420761108
2019/09/06/14:48:52.270105,5.25460767746
2019/09/06/14:48:52.274336,5.25500774384
2019/09/06/14:48:52.278495,5.25540781021
2019/09/06/14:48:52.282128,5.25580787659
2019/09/06/14:48:52.286327,5.25620794296
2019/09/06/14:48:52.290138,5.25660800934
2019/09/06/14:48:52.294056,5.25700807571
2019/09/06/14:48:52.298301,5.25740814209
2019/09/06/14:48:52.302256,5.25780820847
2019/09/06/14:48:52.306210,5.25820827484
2019/09/06/14:48:52.310226,5.25860834122
2019/09/06/14:48:52.314336,5.25900840759
2019/09/06/14:48:52.318095,5.25940847397
2019/09/06/14:48:52.322104,5.25980854034
2019/09/06/14:48:52.326326,5.26020860672
2019/09/06/14:48:52.330375,5.2606086731
2019/09/06/14:48:52.334165,5.26100873947
2019/09/06/14:48:52.338235,5.26140880585
2019/09/06/14:48:52.342091,5.26180887222
2019/09/06/14:48:52.346143,5.2622089386
2019/09/06/14:48:52.350065,5.26260900497
2019/09/06/14:48:52.354134,5.26300907135
2019/09/06/14:48:52.358097,5.26340913773
2019/09/06/14:48:52.362169,5.2638092041
2019/09/06/14:48:52.366205,5.26420927048
2019/09/06/14:48:52.370196,5.26460933685
2019/09/06/14:48:52.374094,5.26500940323
2019/09/06/14:48:52.378272,5.2654094696
2019/09/06/14:48:52.382211,5.26580953598
2019/09/06/14:48:52.386281,5.26620960236
2019/09/06/14:48:52.390321,5.26660966873
2019/09/06/14:48:52.394121,5.26700973511
2019/09/06/14:48:52.398104,5.26740980148
2019/09/06/14:48:52.402164,5.26780986786
2019/09/06/14:48:52.406139,5.26820993423
2019/09/06/14:48:52.410146,5.26861000061
2019/09/06/14:48:52.414115,5.26901006699
2019/09/06/14:48:52.418158,5.26941013336
2019/09/06/14:48:52.422120,5.26981019974
2019/09/06/14:48:52.426383,5.27021026611
2019/09/06/14:48:52.430233,5.27061033249
2019/09/06/14:48:52.434286,5.27101039886
2019/09/06/14:48:52.438239,5.27141046524
2019/09/06/14:48:52.442088,5.27181053162
2019/09/06/14:48:52.446179,5.27221059799
2019/09/06/14:48:52.450042,5.27261066437
2019/09/06/14:48:52.454127,5.27301073074
2019/09/06/14:48:52.458144,5.27341079712
2019/09/06/14:48:52.462185,5.27381086349
2019/09/06/14:48:52.466210,5.27421092987
2019/09/06/14:48:52.470319,5.27461099625
2019/09/06/14:48:52.474247,5.27501106262
2019/09/06/14:48:52.478208,5.275411129
2019/09/06/14:48:52.482279,5.27581119537
2019/09/06/14:48:52.485931,5.27621126175
2019/09/06/14:48:52.490221,5.27661132812
2019/09/06/14:48:52.494192,5.2770113945
2019/09/06/14:48:52.497928,5.27741146088
2019/09/06/14:48:52.502083,5.27781152725
2019/09/06/14:48:52.506048,5.27821159363
2019/09/06/14:48:52.510021,5.27861166
2019/09/06/14:48:52.514221,5.27901172638
2019/09/06/14:48:52.518260,5.27941179276
2019/09/06/14:48:52.522207,5.27981185913
2019/09/06/14:48:52.526123,5.28021192551
2019/09/06/14:48:52.530077,5.28061199188
2019/09/06/14:48:52.533984,5.28101205826
2019/09/06/14:48:52.538098,5.28141212463
2019/09/06/14:48:52.541993,5.28181219101
2019/09/06/14:48:52.546084,5.28221225739
2019/09/06/14:48:52.550099,5.28261232376
2019/09/06/14:48:52.554245,5.28301239014
2019/09/06/14:48:52.558333,5.28341245651
2019/09/06/14:48:52.562358,5.28381252289
2019/09/06/14:48:52.566027,5.28421258926
2019/09/06/14:48:52.570249,5.28461265564
2019/09/06/14:48:52.574195,5.28501272202
2019/09/06/14:48:52.578188,5.28541278839
2019/09/06/14:48:52.582229,5.28581285477
2019/09/06/14:48:52.586367,5.28621292114
2019/09/06/14:48:52.590436,5.28661298752
2019/09/06/14:48:52.594102,5.28701305389
2019/09/06/14:48:52.597991,5.28741312027
2019/09/06/14:48:52.602206,5.28781318665
2019/09/06/14:48:52.606215,5.28821325302
2019/09/06/14:48:52.610198,5.2886133194
2019/09/06/14:48:52.614063,5.28901338577
2019/09/06/14:48:52.618160,5.28941345215
2019/09/06/14:48:52.622219,5.28981351852
2019/09/06/14:48:52.626298,5.2902135849
2019/09/06/14:48:52.630318,5.29061365128
2019/09/06/14:48:52.634017,5.29101371765
2019/09/06/14:48:52.637797,5.29141378403
2019/09/06/14:48:52.642067,5.2918138504
2019/09/06/14:48:52.646086,5.29221391678
2019/09/06/14:48:52.650342,5.29261398315
2019/09/06/14:48:52.654134,5.29301404953
2019/09/06/14:48:52.658046,5.29341411591
2019/09/06/14:48:52.662163,5.29381418228
2019/09/06/14:48:52.666122,5.29421424866
2019/09/06/14:48:52.670276,5.29461431503
2019/09/06/14:48:52.674256,5.29501438141
2019/09/06/14:48:52.678205,5.29541444778
2019/09/06/14:48:52.682201,5.29581451416
2019/09/06/14:48:52.686195,5.29621458054
2019/09/06/14:48:52.690094,5.29661464691
2019/09/06/14:48:52.694070,5.29701471329
2019/09/06/14:48:52.698254,5.29741477966
2019/09/06/14:48:52.702198,5.29781484604
2019/09/06/14:48:52.706193,5.29821491241
2019/09/06/14:48:52.710241,5.29861497879
2019/09/06/14:48:52.714107,5.29901504517
2019/09/06/14:48:52.718090,5.29941511154
2019/09/06/14:48:52.722324,5.29981517792
2019/09/06/14:48:52.726375,5.30021524429
2019/09/06/14:48:52.730199,5.30061531067
2019/09/06/14:48:52.734252,5.30101537704
2019/09/06/14:48:52.737993,5.30141544342
2019/09/06/14:48:52.742350,5.3018155098
2019/09/06/14:48:52.746250,5.30221557617
2019/09/06/14:48:52.750195,5.30261564255
2019/09/06/14:48:52.754257,5.30301570892
2019/09/06/14:48:52.758173,5.3034157753
2019/09/06/14:48:52.762122,5.30381584167
2019/09/06/14:48:52.766215,5.30421590805
2019/09/06/14:48:52.770229,5.30461597443
2019/09/06/14:48:52.774352,5.3050160408
2019/09/06/14:48:52.778488,5.30541610718
2019/09/06/14:48:52.782423,5.30581617355
2019/09/06/14:48:52.785930,5.30621623993
2019/09/06/14:48:52.790177,5.3066163063
2019/09/06/14:48:52.794299,5.30701637268
2019/09/06/14:48:52.798168,5.30741643906
2019/09/06/14:48:52.802088,5.30781650543
2019/09/06/14:48:52.806100,5.30821657181
2019/09/06/14:48:52.810058,5.30861663818
2019/09/06/14:48:52.814155,5.30901670456
2019/09/06/14:48:52.818163,5.30941677094
2019/09/06/14:48:52.822139,5.30981683731
2019/09/06/14:48:52.826095,5.31021690369
2019/09/06/14:48:52.830141,5.31061697006
2019/09/06/14:48:52.834211,5.31101703644
2019/09/06/14:48:52.838009,5.31141710281
2019/09/06/14:48:52.842315,5.31181716919
2019/09/06/14:48:52.846180,5.31221723557
2019/09/06/14:48:52.850127,5.31261730194
2019/09/06/14:48:52.854358,5.31301736832
2019/09/06/14:48:52.858247,5.31341743469
2019/09/06/14:48:52.862257,5.31381750107
2019/09/06/14:48:52.866225,5.31421756744
2019/09/06/14:48:52.870127,5.31461763382
2019/09/06/14:48:52.874157,5.3150177002
2019/09/06/14:48:52.878358,5.31541776657
2019/09/06/14:48:52.882365,5.31581783295
2019/09/06/14:48:52.885968,5.31621789932
2019/09/06/14:48:52.890083,5.3166179657
2019/09/06/14:48:52.894116,5.31701803207
2019/09/06/14:48:52.898147,5.31741809845
2019/09/06/14:48:52.902128,5.31781816483
2019/09/06/14:48:52.906233,5.3182182312
2019/09/06/14:48:52.910125,5.31861829758
2019/09/06/14:48:52.914152,5.31901836395
2019/09/06/14:48:52.918202,5.31941843033
2019/09/06/14:48:52.922190,5.3198184967
2019/09/06/14:48:52.926210,5.32021856308
2019/09/06/14:48:52.930255,5.32061862946
2019/09/06/14:48:52.934185,5.32101869583
2019/09/06/14:48:52.938270,5.32141876221
2019/09/06/14:48:52.942050,5.32181882858
2019/09/06/14:48:52.946123,5.32221889496
2019/09/06/14:48:52.950439,5.32261896133
2019/09/06/14:48:52.954061,5.32301902771
2019/09/06/14:48:52.958140,5.32341909409
2019/09/06/14:48:52.962102,5.32381916046
2019/09/06/14:48:52.966096,5.32421922684
2019/09/06/14:48:52.970134,5.32461929321
2019/09/06/14:48:52.974154,5.32501935959
2019/09/06/14:48:52.978157,5.32541942596
2019/09/06/14:48:52.982291,5.32581949234
2019/09/06/14:48:52.986328,5.32621955872
2019/09/06/14:48:52.990336,5.32661962509
2019/09/06/14:48:52.994055,5.32701969147
2019/09/06/14:48:52.998147,5.32741975784
2019/09/06/14:48:53.001935,5.32781982422
2019/09/06/14:48:53.006319,5.32821989059
2019/09/06/14:48:53.010270,5.32861995697
2019/09/06/14:48:53.014499,5.32902002335
2019/09/06/14:48:53.018415,5.32942008972
2019/09/06/14:48:53.022236,5.3298201561
2019/09/06/14:48:53.026151,5.33022022247
2019/09/06/14:48:53.030175,5.33062028885
2019/09/06/14:48:53.034113,5.33102035522
2019/09/06/14:48:53.038106,5.3314204216
2019/09/06/14:48:53.042199,5.3314204216
2019/09/06/14:48:53.046049,5.33102035522
2019/09/06/14:48:53.050210,5.33062028885
2019/09/06/14:48:53.054224,5.33022022247
2019/09/06/14:48:53.058326,5.3298201561
2019/09/06/14:48:53.062430,5.32942008972
2019/09/06/14:48:53.066215,5.32902002335
2019/09/06/14:48:53.070339,5.32861995697
2019/09/06/14:48:53.074342,5.32821989059
2019/09/06/14:48:53.078345,5.32781982422
2019/09/06/14:48:53.082205,5.32741975784
2019/09/06/14:48:53.086124,5.32701969147
2019/09/06/14:48:53.090396,5.32661962509
2019/09/06/14:48:53.094289,5.32621955872
2019/09/06/14:48:53.098096,5.32581949234
2019/09/06/14:48:53.102107,5.32541942596
2019/09/06/14:48:53.106261,5.32501935959
2019/09/06/14:48:53.110085,5.32461929321
2019/09/06/14:48:53.114141,5.32421922684
2019/09/06/14:48:53.118293,5.32381916046
2019/09/06/14:48:53.122310,5.32341909409
2019/09/06/14:48:53.126192,5.32301902771
2019/09/06/14:48:53.130509,5.32261896133
2019/09/06/14:48:53.134292,5.32221889496
2019/09/06/14:48:53.138003,5.32181882858
2019/09/06/14:48:53.142168,5.32141876221
2019/09/06/14:48:53.146069,5.32141876221
2019/09/06/14:48:53.150115,5.32181882858
2019/09/06/14:48:53.154154,5.32221889496
2019/09/06/14:48:53.158202,5.32261896133
2019/09/06/14:48:53.162095,5.32301902771
2019/09/06/14:48:53.166232,5.32341909409
2019/09/06/14:48:53.170158,5.32381916046
2019/09/06/14:48:53.174074,5.32421922684
2019/09/06/14:48:53.178176,5.32461929321
2019/09/06/14:48:53.182155,5.32501935959
2019/09/06/14:48:53.186274,5.32541942596
2019/09/06/14:48:53.190078,5.32581949234
2019/09/06/14:48:53.194136,5.32621955872
2019/09/06/14:48:53.198328,5.32661962509
2019/09/06/14:48:53.202273,5.32701969147
2019/09/06/14:48:53.205987,5.32741975784
2019/09/06/14:48:53.210298,5.32781982422
2019/09/06/14:48:53.214164,5.32821989059
2019/09/06/14:48:53.218196,5.32861995697
2019/09/06/14:48:53.222290,5.32902002335
2019/09/06/14:48:53.226310,5.32942008972
2019/09/06/14:48:53.230290,5.3298201561
2019/09/06/14:48:53.234154,5.33022022247
2019/09/06/14:48:53.238290,5.33062028885
2019/09/06/14:48:53.242252,5.33102035522
2019/09/06/14:48:53.246145,5.3314204216
2019/09/06/14:48:53.250296,5.33182048798
2019/09/06/14:48:53.254351,5.33222055435
2019/09/06/14:48:53.258379,5.33262062073
2019/09/06/14:48:53.262120,5.3330206871
2019/09/06/14:48:53.266104,5.33342075348
2019/09/06/14:48:53.270174,5.33382081985
2019/09/06/14:48:53.274367,5.33422088623
2019/09/06/14:48:53.278172,5.33462095261
2019/09/06/14:48:53.282166,5.33502101898
2019/09/06/14:48:53.286022,5.33542108536
2019/09/06/14:48:53.290143,5.33582115173
2019/09/06/14:48:53.294335,5.33622121811
2019/09/06/14:48:53.298262,5.33662128448
2019/09/06/14:48:53.302294,5.33702135086
2019/09/06/14:48:53.306055,5.33742141724
2019/09/06/14:48:53.310286,5.33782148361
2019/09/06/14:48:53.314130,5.33822154999
2019/09/06/14:48:53.318130,5.33862161636
2019/09/06/14:48:53.322140,5.33902168274
2019/09/06/14:48:53.326056,5.33942174911
2019/09/06/14:48:53.330211,5.33982181549
2019/09/06/14:48:53.334190,5.34022188187
2019/09/06/14:48:53.338161,5.34062194824
2019/09/06/14:48:53.342187,5.34102201462
2019/09/06/14:48:53.346346,5.34142208099
2019/09/06/14:48:53.350209,5.34182214737
2019/09/06/14:48:53.354066,5.34222221375
2019/09/06/14:48:53.358133,5.34262228012
2019/09/06/14:48:53.362158,5.3430223465
2019/09/06/14:48:53.366157,5.34342241287
2019/09/06/14:48:53.370146,5.34382247925
2019/09/06/14:48:53.374248,5.34422254562
2019/09/06/14:48:53.378286,5.344622612
2019/09/06/14:48:53.382299,5.34502267838
2019/09/06/14:48:53.386247,5.34542274475
2019/09/06/14:48:53.390186,5.34582281113
2019/09/06/14:48:53.394207,5.3462228775
2019/09/06/14:48:53.398405,5.34662294388
2019/09/06/14:48:53.402408,5.34702301025
2019/09/06/14:48:53.406169,5.34742307663
2019/09/06/14:48:53.410062,5.34782314301
2019/09/06/14:48:53.414149,5.34822320938
2019/09/06/14:48:53.418247,5.34862327576
2019/09/06/14:48:53.422193,5.34902334213
2019/09/06/14:48:53.426286,5.34942340851
2019/09/06/14:48:53.430237,5.34982347488
2019/09/06/14:48:53.434090,5.35022354126
2019/09/06/14:48:53.438272,5.35062360764
2019/09/06/14:48:53.442175,5.35102367401
2019/09/06/14:48:53.446009,5.35142374039
2019/09/06/14:48:53.450239,5.35182380676
2019/09/06/14:48:53.454269,5.35222387314
2019/09/06/14:48:53.458257,5.35262393951
2019/09/06/14:48:53.462274,5.35302400589
2019/09/06/14:48:53.466249,5.35342407227
2019/09/06/14:48:53.470130,5.35382413864
2019/09/06/14:48:53.474142,5.35422420502
2019/09/06/14:48:53.478211,5.35462427139
2019/09/06/14:48:53.482138,5.35502433777
2019/09/06/14:48:53.486238,5.35542440414
2019/09/06/14:48:53.490131,5.35582447052
2019/09/06/14:48:53.494088,5.3562245369
2019/09/06/14:48:53.498216,5.35662460327
2019/09/06/14:48:53.502180,5.35702466965
2019/09/06/14:48:53.506150,5.35742473602
2019/09/06/14:48:53.510287,5.3578248024
2019/09/06/14:48:53.514141,5.35822486877
2019/09/06/14:48:53.518270,5.35862493515
2019/09/06/14:48:53.522177,5.35902500153
2019/09/06/14:48:53.526128,5.3594250679
2019/09/06/14:48:53.530303,5.35982513428
2019/09/06/14:48:53.534116,5.36022520065
2019/09/06/14:48:53.538012,5.36062526703
2019/09/06/14:48:53.541810,5.3610253334
2019/09/06/14:48:53.546221,5.36142539978
2019/09/06/14:48:53.550073,5.36182546616
2019/09/06/14:48:53.554203,5.36222553253
2019/09/06/14:48:53.558076,5.36262559891
2019/09/06/14:48:53.562214,5.36302566528
2019/09/06/14:48:53.566245,5.36342573166
2019/09/06/14:48:53.570308,5.36382579803
2019/09/06/14:48:53.574283,5.36422586441
2019/09/06/14:48:53.578275,5.36462593079
2019/09/06/14:48:53.582343,5.36502599716
2019/09/06/14:48:53.586124,5.36542606354
2019/09/06/14:48:53.590269,5.36582612991
2019/09/06/14:48:53.594157,5.36622619629
2019/09/06/14:48:53.598168,5.36662626266
2019/09/06/14:48:53.602338,5.36702632904
2019/09/06/14:48:53.606145,5.36742639542
2019/09/06/14:48:53.610317,5.36782646179
2019/09/06/14:48:53.614167,5.36822652817
2019/09/06/14:48:53.618211,5.36862659454
2019/09/06/14:48:53.622057,5.36902666092
2019/09/06/14:48:53.626121,5.36942672729
2019/09/06/14:48:53.630379,5.36982679367
2019/09/06/14:48:53.634181,5.37022686005
2019/09/06/14:48:53.638144,5.37062692642
2019/09/06/14:48:53.642240,5.3710269928
2019/09/06/14:48:53.646181,5.37142705917
2019/09/06/14:48:53.650203,5.37182712555
2019/09/06/14:48:53.654159,5.37222719193
2019/09/06/14:48:53.658171,5.3726272583
2019/09/06/14:48:53.662357,5.37302732468
2019/09/06/14:48:53.666311,5.37342739105
2019/09/06/14:48:53.670231,5.37382745743
2019/09/06/14:48:53.674096,5.3742275238
2019/09/06/14:48:53.678119,5.37462759018
2019/09/06/14:48:53.682219,5.37502765656
2019/09/06/14:48:53.685878,5.37542772293
2019/09/06/14:48:53.690188,5.37582778931
2019/09/06/14:48:53.694284,5.37622785568
2019/09/06/14:48:53.698326,5.37662792206
2019/09/06/14:48:53.702195,5.37702798843
2019/09/06/14:48:53.706150,5.37742805481
2019/09/06/14:48:53.711486,5.37782812119
2019/09/06/14:48:53.714014,5.37822818756
2019/09/06/14:48:53.718107,5.37862825394
2019/09/06/14:48:53.722049,5.37902832031
2019/09/06/14:48:53.725999,5.37942838669
2019/09/06/14:48:53.730100,5.37982845306
2019/09/06/14:48:53.734217,5.38022851944
2019/09/06/14:48:53.738050,5.38062858582
2019/09/06/14:48:53.742031,5.38102865219
2019/09/06/14:48:53.746014,5.38142871857
2019/09/06/14:48:53.750073,5.38182878494
2019/09/06/14:48:53.754020,5.38222885132
2019/09/06/14:48:53.758067,5.38262891769
2019/09/06/14:48:53.761972,5.38302898407
2019/09/06/14:48:53.766138,5.38342905045
2019/09/06/14:48:53.770240,5.38382911682
2019/09/06/14:48:53.774482,5.3842291832
2019/09/06/14:48:53.778278,5.38462924957
2019/09/06/14:48:53.782241,5.38502931595
2019/09/06/14:48:53.786213,5.38542938232
2019/09/06/14:48:53.790114,5.3858294487
2019/09/06/14:48:53.794220,5.38622951508
2019/09/06/14:48:53.798180,5.38662958145
2019/09/06/14:48:53.802415,5.38702964783
2019/09/06/14:48:53.806029,5.3874297142
2019/09/06/14:48:53.810373,5.38782978058
2019/09/06/14:48:53.814266,5.38822984695
2019/09/06/14:48:53.818124,5.38862991333
2019/09/06/14:48:53.822338,5.38902997971
2019/09/06/14:48:53.826126,5.38943004608
2019/09/06/14:48:53.830104,5.38983011246
2019/09/06/14:48:53.834102,5.39023017883
2019/09/06/14:48:53.838211,5.39063024521
2019/09/06/14:48:53.842337,5.39103031158
2019/09/06/14:48:53.846141,5.39143037796
2019/09/06/14:48:53.850246,5.39183044434
2019/09/06/14:48:53.854216,5.39223051071
2019/09/06/14:48:53.858143,5.39263057709
2019/09/06/14:48:53.862113,5.39303064346
2019/09/06/14:48:53.866144,5.39343070984
2019/09/06/14:48:53.870402,5.39383077621
2019/09/06/14:48:53.874115,5.39423084259
2019/09/06/14:48:53.878245,5.39463090897
2019/09/06/14:48:53.882234,5.39503097534
2019/09/06/14:48:53.886070,5.39543104172
2019/09/06/14:48:53.890120,5.39583110809
2019/09/06/14:48:53.894362,5.39623117447
2019/09/06/14:48:53.898382,5.39663124084
2019/09/06/14:48:53.902193,5.39703130722
2019/09/06/14:48:53.906190,5.3974313736
2019/09/06/14:48:53.910390,5.39783143997
2019/09/06/14:48:53.914322,5.39823150635
2019/09/06/14:48:53.918299,5.39863157272
2019/09/06/14:48:53.922217,5.3990316391
2019/09/06/14:48:53.925985,5.39943170547
2019/09/06/14:48:53.930236,5.39983177185
2019/09/06/14:48:53.934228,5.40023183823
2019/09/06/14:48:53.938146,5.4006319046
2019/09/06/14:48:53.942217,5.40103197098
2019/09/06/14:48:53.946059,5.40143203735
2019/09/06/14:48:53.950342,5.40183210373
2019/09/06/14:48:53.954191,5.4022321701
2019/09/06/14:48:53.958123,5.40263223648
2019/09/06/14:48:53.962193,5.40303230286
2019/09/06/14:48:53.966054,5.40343236923
2019/09/06/14:48:53.970262,5.40383243561
2019/09/06/14:48:53.974191,5.40423250198
2019/09/06/14:48:53.978158,5.40463256836
2019/09/06/14:48:53.982045,5.40503263474
2019/09/06/14:48:53.986131,5.40543270111
2019/09/06/14:48:53.990358,5.40583276749
2019/09/06/14:48:53.994308,5.40623283386
2019/09/06/14:48:53.998110,5.40663290024
2019/09/06/14:48:54.002243,5.40703296661
2019/09/06/14:48:54.006032,5.40743303299
2019/09/06/14:48:54.010187,5.40783309937
2019/09/06/14:48:54.014073,5.40823316574
2019/09/06/14:48:54.018210,5.40863323212
2019/09/06/14:48:54.022193,5.40903329849
2019/09/06/14:48:54.026218,5.40943336487
2019/09/06/14:48:54.030306,5.40983343124
2019/09/06/14:48:54.034302,5.41023349762
2019/09/06/14:48:54.038112,5.410633564
2019/09/06/14:48:54.041863,5.41103363037
2019/09/06/14:48:54.046223,5.41143369675
2019/09/06/14:48:54.050179,5.41183376312
2019/09/06/14:48:54.054140,5.4122338295
2019/09/06/14:48:54.058302,5.41263389587
2019/09/06/14:48:54.062149,5.41303396225
2019/09/06/14:48:54.066133,5.41343402863
2019/09/06/14:48:54.070079,5.413834095
2019/09/06/14:48:54.074173,5.41423416138
2019/09/06/14:48:54.078242,5.41463422775
2019/09/06/14:48:54.082038,5.41503429413
2019/09/06/14:48:54.086173,5.4154343605
2019/09/06/14:48:54.090202,5.41583442688
2019/09/06/14:48:54.094461,5.41623449326
2019/09/06/14:48:54.098361,5.41663455963
2019/09/06/14:48:54.102351,5.41703462601
2019/09/06/14:48:54.106361,5.41743469238
2019/09/06/14:48:54.110093,5.41783475876
2019/09/06/14:48:54.114233,5.41823482513
2019/09/06/14:48:54.118197,5.41863489151
2019/09/06/14:48:54.122185,5.41903495789
2019/09/06/14:48:54.126302,5.41943502426
2019/09/06/14:48:54.130254,5.41983509064
2019/09/06/14:48:54.134190,5.42023515701
2019/09/06/14:48:54.138044,5.42063522339
2019/09/06/14:48:54.142118,5.42103528976
2019/09/06/14:48:54.146153,5.42143535614
2019/09/06/14:48:54.150242,5.42183542252
2019/09/06/14:48:54.154277,5.42223548889
2019/09/06/14:48:54.158330,5.42263555527
2019/09/06/14:48:54.162114,5.42303562164
2019/09/06/14:48:54.166106,5.42343568802
2019/09/06/14:48:54.170280,5.42383575439
2019/09/06/14:48:54.174341,5.42423582077
2019/09/06/14:48:54.178330,5.42463588715
2019/09/06/14:48:54.182076,5.42503595352
2019/09/06/14:48:54.186079,5.4254360199
2019/09/06/14:48:54.190240,5.42583608627
2019/09/06/14:48:54.194129,5.42623615265
2019/09/06/14:48:54.198186,5.42663621902
2019/09/06/14:48:54.202174,5.4270362854
2019/09/06/14:48:54.206112,5.42743635178
2019/09/06/14:48:54.210250,5.42783641815
2019/09/06/14:48:54.214257,5.42823648453
2019/09/06/14:48:54.218325,5.4286365509
2019/09/06/14:48:54.222228,5.42903661728
2019/09/06/14:48:54.226197,5.42943668365
2019/09/06/14:48:54.230104,5.42983675003
2019/09/06/14:48:54.234290,5.43023681641
2019/09/06/14:48:54.238228,5.43063688278
2019/09/06/14:48:54.242208,5.43103694916
2019/09/06/14:48:54.246058,5.43143701553
2019/09/06/14:48:54.250114,5.43183708191
2019/09/06/14:48:54.254157,5.43223714828
2019/09/06/14:48:54.258076,5.43263721466
2019/09/06/14:48:54.262251,5.43303728104
2019/09/06/14:48:54.266242,5.43343734741
2019/09/06/14:48:54.270174,5.43383741379
2019/09/06/14:48:54.274167,5.43423748016
2019/09/06/14:48:54.278243,5.43463754654
2019/09/06/14:48:54.282126,5.43503761292
2019/09/06/14:48:54.286509,5.43543767929
2019/09/06/14:48:54.290469,5.43583774567
2019/09/06/14:48:54.294250,5.43623781204
2019/09/06/14:48:54.298105,5.43663787842
2019/09/06/14:48:54.302341,5.43703794479
2019/09/06/14:48:54.306402,5.43743801117
2019/09/06/14:48:54.310250,5.43783807755
2019/09/06/14:48:54.314087,5.43823814392
2019/09/06/14:48:54.318166,5.4386382103
2019/09/06/14:48:54.322223,5.43903827667
2019/09/06/14:48:54.326181,5.43943834305
2019/09/06/14:48:54.330367,5.43983840942
2019/09/06/14:48:54.334248,5.4402384758
2019/09/06/14:48:54.338211,5.44063854218
2019/09/06/14:48:54.342195,5.44103860855
2019/09/06/14:48:54.346256,5.44143867493
2019/09/06/14:48:54.350440,5.4418387413
2019/09/06/14:48:54.354148,5.44223880768
2019/09/06/14:48:54.358124,5.44263887405
2019/09/06/14:48:54.362111,5.44303894043
2019/09/06/14:48:54.366180,5.44343900681
2019/09/06/14:48:54.369983,5.44383907318
2019/09/06/14:48:54.373943,5.44423913956
2019/09/06/14:48:54.378048,5.44463920593
2019/09/06/14:48:54.382128,5.44503927231
2019/09/06/14:48:54.386206,5.44543933868
2019/09/06/14:48:54.390244,5.44583940506
2019/09/06/14:48:54.394164,5.44623947144
2019/09/06/14:48:54.398244,5.44663953781
2019/09/06/14:48:54.402301,5.44703960419
2019/09/06/14:48:54.406271,5.44743967056
2019/09/06/14:48:54.410288,5.44783973694
2019/09/06/14:48:54.414247,5.44823980331
2019/09/06/14:48:54.418219,5.44863986969
2019/09/06/14:48:54.422343,5.44903993607
2019/09/06/14:48:54.426322,5.44944000244
2019/09/06/14:48:54.430317,5.44984006882
2019/09/06/14:48:54.434258,5.45024013519
2019/09/06/14:48:54.438289,5.45064020157
2019/09/06/14:48:54.442010,5.45104026794
2019/09/06/14:48:54.446059,5.45144033432
2019/09/06/14:48:54.450207,5.4518404007
2019/09/06/14:48:54.454226,5.45224046707
2019/09/06/14:48:54.458265,5.45264053345
2019/09/06/14:48:54.462298,5.45304059982
2019/09/06/14:48:54.466156,5.4534406662
2019/09/06/14:48:54.470218,5.45384073257
2019/09/06/14:48:54.474067,5.45424079895
2019/09/06/14:48:54.478318,5.45464086533
2019/09/06/14:48:54.482011,5.4550409317
2019/09/06/14:48:54.485958,5.45544099808
2019/09/06/14:48:54.490152,5.45584106445
2019/09/06/14:48:54.494183,5.45624113083
2019/09/06/14:48:54.498191,5.4566411972
2019/09/06/14:48:54.502021,5.45704126358
2019/09/06/14:48:54.506221,5.45744132996
2019/09/06/14:48:54.510097,5.45784139633
2019/09/06/14:48:54.514118,5.45824146271
2019/09/06/14:48:54.518158,5.45864152908
2019/09/06/14:48:54.522251,5.45904159546
2019/09/06/14:48:54.526221,5.45944166183
2019/09/06/14:48:54.530134,5.45984172821
2019/09/06/14:48:54.533937,5.46024179459
2019/09/06/14:48:54.538327,5.46064186096
2019/09/06/14:48:54.541914,5.46104192734
2019/09/06/14:48:54.546036,5.46144199371
2019/09/06/14:48:54.550271,5.46184206009
2019/09/06/14:48:54.554278,5.46224212646
2019/09/06/14:48:54.558353,5.46264219284
2019/09/06/14:48:54.562217,5.46304225922
2019/09/06/14:48:54.566047,5.46344232559
2019/09/06/14:48:54.570074,5.46384239197
2019/09/06/14:48:54.574044,5.46424245834
2019/09/06/14:48:54.578168,5.46464252472
2019/09/06/14:48:54.582184,5.46504259109
2019/09/06/14:48:54.586273,5.46544265747
2019/09/06/14:48:54.590164,5.46584272385
2019/09/06/14:48:54.594337,5.46624279022
2019/09/06/14:48:54.598108,5.4666428566
2019/09/06/14:48:54.602226,5.46704292297
2019/09/06/14:48:54.606158,5.46744298935
2019/09/06/14:48:54.610213,5.46784305573
2019/09/06/14:48:54.614211,5.4682431221
2019/09/06/14:48:54.618083,5.46864318848
2019/09/06/14:48:54.622003,5.46904325485
2019/09/06/14:48:54.626203,5.46944332123
2019/09/06/14:48:54.630184,5.4698433876
2019/09/06/14:48:54.634186,5.47024345398
2019/09/06/14:48:54.638044,5.47064352036
2019/09/06/14:48:54.642158,5.47104358673
2019/09/06/14:48:54.646055,5.47144365311
2019/09/06/14:48:54.650002,5.47184371948
2019/09/06/14:48:54.653947,5.47224378586
2019/09/06/14:48:54.658079,5.47264385223
2019/09/06/14:48:54.661988,5.47304391861
2019/09/06/14:48:54.665997,5.47344398499
2019/09/06/14:48:54.670114,5.47384405136
2019/09/06/14:48:54.674059,5.47424411774
2019/09/06/14:48:54.678207,5.47464418411
2019/09/06/14:48:54.682011,5.47504425049
2019/09/06/14:48:54.686051,5.47544431686
2019/09/06/14:48:54.690009,5.47584438324
2019/09/06/14:48:54.694040,5.47624444962
2019/09/06/14:48:54.698001,5.47664451599
2019/09/06/14:48:54.702220,5.47704458237
2019/09/06/14:48:54.705996,5.47744464874
2019/09/06/14:48:54.710171,5.47784471512
2019/09/06/14:48:54.714004,5.47824478149
2019/09/06/14:48:54.717939,5.47864484787
2019/09/06/14:48:54.722021,5.47904491425
2019/09/06/14:48:54.725982,5.47944498062
2019/09/06/14:48:54.730074,5.479845047
2019/09/06/14:48:54.734017,5.48024511337
2019/09/06/14:48:54.737862,5.48064517975
2019/09/06/14:48:54.742127,5.48104524612
2019/09/06/14:48:54.746119,5.4814453125
2019/09/06/14:48:54.750208,5.48184537888
2019/09/06/14:48:54.754340,5.48224544525
2019/09/06/14:48:54.758058,5.48264551163
2019/09/06/14:48:54.762090,5.483045578
2019/09/06/14:48:54.766192,5.48344564438
2019/09/06/14:48:54.770092,5.48384571075
2019/09/06/14:48:54.774145,5.48424577713
2019/09/06/14:48:54.778123,5.48464584351
2019/09/06/14:48:54.782111,5.48504590988
2019/09/06/14:48:54.786336,5.48544597626
2019/09/06/14:48:54.790135,5.48584604263
2019/09/06/14:48:54.794333,5.48624610901
2019/09/06/14:48:54.798169,5.48664617538
2019/09/06/14:48:54.801913,5.48704624176
2019/09/06/14:48:54.805988,5.48744630814
2019/09/06/14:48:54.810089,5.48784637451
2019/09/06/14:48:54.814112,5.48824644089
2019/09/06/14:48:54.818088,5.48864650726
2019/09/06/14:48:54.822163,5.48904657364
2019/09/06/14:48:54.826080,5.48944664001
2019/09/06/14:48:54.830047,5.48984670639
2019/09/06/14:48:54.834097,5.49024677277
2019/09/06/14:48:54.838060,5.49064683914
2019/09/06/14:48:54.842200,5.49104690552
2019/09/06/14:48:54.846066,5.49144697189
2019/09/06/14:48:54.850277,5.49184703827
2019/09/06/14:48:54.854310,5.49224710464
2019/09/06/14:48:54.858260,5.49264717102
2019/09/06/14:48:54.862252,5.4930472374
2019/09/06/14:48:54.866323,5.49344730377
2019/09/06/14:48:54.870224,5.49384737015
2019/09/06/14:48:54.874316,5.49424743652
2019/09/06/14:48:54.878197,5.4946475029
2019/09/06/14:48:54.882168,5.49504756927
2019/09/06/14:48:54.886159,5.49544763565
2019/09/06/14:48:54.890097,5.49584770203
2019/09/06/14:48:54.894084,5.4962477684
2019/09/06/14:48:54.898098,5.49664783478
2019/09/06/14:48:54.902086,5.49704790115
2019/09/06/14:48:54.906079,5.49744796753
2019/09/06/14:48:54.910105,5.49784803391
2019/09/06/14:48:54.914226,5.49824810028
2019/09/06/14:48:54.918120,5.49864816666
2019/09/06/14:48:54.922134,5.49904823303
2019/09/06/14:48:54.926341,5.49944829941
2019/09/06/14:48:54.930418,5.49984836578
2019/09/06/14:48:54.934311,5.50024843216
2019/09/06/14:48:54.938293,5.50064849854
2019/09/06/14:48:54.942229,5.50104856491
2019/09/06/14:48:54.946342,5.50144863129
2019/09/06/14:48:54.950225,5.50184869766
2019/09/06/14:48:54.954212,5.50224876404
2019/09/06/14:48:54.958346,5.50264883041
2019/09/06/14:48:54.962380,5.50304889679
2019/09/06/14:48:54.966116,5.50344896317
2019/09/06/14:48:54.970209,5.50384902954
2019/09/06/14:48:54.974340,5.50424909592
2019/09/06/14:48:54.978233,5.50464916229
2019/09/06/14:48:54.982225,5.50504922867
2019/09/06/14:48:54.985946,5.50544929504
2019/09/06/14:48:54.990091,5.50584936142
2019/09/06/14:48:54.994118,5.5062494278
2019/09/06/14:48:54.997992,5.50664949417
2019/09/06/14:48:55.002035,5.50704956055
2019/09/06/14:48:55.006044,5.50744962692
2019/09/06/14:48:55.010042,5.5078496933
2019/09/06/14:48:55.013981,5.50824975967
2019/09/06/14:48:55.018068,5.50864982605
2019/09/06/14:48:55.022097,5.50904989243
2019/09/06/14:48:55.025944,5.5094499588
2019/09/06/14:48:55.030145,5.50985002518
2019/09/06/14:48:55.034236,5.51025009155
2019/09/06/14:48:55.038107,5.51065015793
2019/09/06/14:48:55.042184,5.5110502243
2019/09/06/14:48:55.046151,5.51145029068
2019/09/06/14:48:55.050308,5.51185035706
2019/09/06/14:48:55.054281,5.51225042343
2019/09/06/14:48:55.058398,5.51265048981
2019/09/06/14:48:55.062265,5.51305055618
2019/09/06/14:48:55.066221,5.51345062256
2019/09/06/14:48:55.070204,5.51385068893
2019/09/06/14:48:55.074176,5.51425075531
2019/09/06/14:48:55.078223,5.51465082169
2019/09/06/14:48:55.082233,5.51505088806
2019/09/06/14:48:55.086216,5.51545095444
2019/09/06/14:48:55.090140,5.51585102081
2019/09/06/14:48:55.094140,5.51625108719
2019/09/06/14:48:55.097950,5.51665115356
2019/09/06/14:48:55.102225,5.51705121994
2019/09/06/14:48:55.106299,5.51745128632
2019/09/06/14:48:55.110164,5.51785135269
2019/09/06/14:48:55.114337,5.51825141907
2019/09/06/14:48:55.118217,5.51865148544
2019/09/06/14:48:55.122255,5.51905155182
2019/09/06/14:48:55.126220,5.51945161819
2019/09/06/14:48:55.130216,5.51985168457
2019/09/06/14:48:55.134103,5.52025175095
2019/09/06/14:48:55.138085,5.52065181732
2019/09/06/14:48:55.142047,5.5210518837
2019/09/06/14:48:55.146282,5.52145195007
2019/09/06/14:48:55.150059,5.52185201645
2019/09/06/14:48:55.154332,5.52225208282
2019/09/06/14:48:55.158179,5.5226521492
2019/09/06/14:48:55.162228,5.52305221558
2019/09/06/14:48:55.166042,5.52345228195
2019/09/06/14:48:55.170073,5.52385234833
2019/09/06/14:48:55.174229,5.5242524147
2019/09/06/14:48:55.177968,5.52465248108
2019/09/06/14:48:55.182306,5.52505254745
2019/09/06/14:48:55.186133,5.52545261383
2019/09/06/14:48:55.190291,5.52585268021
2019/09/06/14:48:55.194267,5.52625274658
2019/09/06/14:48:55.198010,5.52665281296
2019/09/06/14:48:55.202044,5.52705287933
2019/09/06/14:48:55.206185,5.52745294571
2019/09/06/14:48:55.209977,5.52785301208
2019/09/06/14:48:55.214004,5.52825307846
2019/09/06/14:48:55.218062,5.52865314484
2019/09/06/14:48:55.221988,5.52905321121
2019/09/06/14:48:55.226123,5.52945327759
2019/09/06/14:48:55.229998,5.52985334396
2019/09/06/14:48:55.233956,5.53025341034
2019/09/06/14:48:55.238363,5.53065347672
2019/09/06/14:48:55.242122,5.53105354309
2019/09/06/14:48:55.245989,5.53145360947
2019/09/06/14:48:55.250066,5.53185367584
2019/09/06/14:48:55.254017,5.53225374222
2019/09/06/14:48:55.258101,5.53265380859
2019/09/06/14:48:55.262183,5.53305387497
2019/09/06/14:48:55.266061,5.53345394135
2019/09/06/14:48:55.270039,5.53385400772
2019/09/06/14:48:55.274107,5.5342540741
2019/09/06/14:48:55.278202,5.53465414047
2019/09/06/14:48:55.282086,5.53505420685
2019/09/06/14:48:55.286159,5.53545427322
2019/09/06/14:48:55.290271,5.5358543396
2019/09/06/14:48:55.294161,5.53625440598
2019/09/06/14:48:55.298222,5.53665447235
2019/09/06/14:48:55.302324,5.53705453873
2019/09/06/14:48:55.306385,5.5374546051
2019/09/06/14:48:55.310311,5.53785467148
2019/09/06/14:48:55.314312,5.53825473785
2019/09/06/14:48:55.318126,5.53865480423
2019/09/06/14:48:55.322188,5.53905487061
2019/09/06/14:48:55.326138,5.53945493698
2019/09/06/14:48:55.330212,5.53985500336
2019/09/06/14:48:55.334264,5.54025506973
2019/09/06/14:48:55.338240,5.54065513611
2019/09/06/14:48:55.342394,5.54105520248
2019/09/06/14:48:55.346182,5.54145526886
2019/09/06/14:48:55.350196,5.54185533524
2019/09/06/14:48:55.354442,5.54225540161
2019/09/06/14:48:55.358232,5.54265546799
2019/09/06/14:48:55.362299,5.54305553436
2019/09/06/14:48:55.366140,5.54345560074
2019/09/06/14:48:55.370131,5.54385566711
2019/09/06/14:48:55.374239,5.54425573349
2019/09/06/14:48:55.378294,5.54465579987
2019/09/06/14:48:55.382244,5.54505586624
2019/09/06/14:48:55.386202,5.54545593262
2019/09/06/14:48:55.390077,5.54585599899
2019/09/06/14:48:55.394122,5.54625606537
2019/09/06/14:48:55.398243,5.54665613174
2019/09/06/14:48:55.402273,5.54705619812
2019/09/06/14:48:55.406050,5.5474562645
2019/09/06/14:48:55.410126,5.54785633087
2019/09/06/14:48:55.414055,5.54825639725
2019/09/06/14:48:55.418125,5.54865646362
2019/09/06/14:48:55.422304,5.54905653
2019/09/06/14:48:55.426275,5.54945659637
2019/09/06/14:48:55.430311,5.54985666275
2019/09/06/14:48:55.434221,5.55025672913
2019/09/06/14:48:55.438232,5.5506567955
2019/09/06/14:48:55.442468,5.55105686188
2019/09/06/14:48:55.446058,5.55145692825
2019/09/06/14:48:55.450199,5.55185699463
2019/09/06/14:48:55.454256,5.552257061
2019/09/06/14:48:55.458165,5.55265712738
2019/09/06/14:48:55.462204,5.55305719376
2019/09/06/14:48:55.466300,5.55345726013
2019/09/06/14:48:55.470310,5.55385732651
2019/09/06/14:48:55.474221,5.55425739288
2019/09/06/14:48:55.478121,5.55465745926
2019/09/06/14:48:55.482299,5.55505752563
2019/09/06/14:48:55.486241,5.55545759201
2019/09/06/14:48:55.490125,5.55585765839
2019/09/06/14:48:55.494124,5.55625772476
2019/09/06/14:48:55.497956,5.55665779114
2019/09/06/14:48:55.502208,5.55705785751
2019/09/06/14:48:55.506345,5.55745792389
2019/09/06/14:48:55.510065,5.55785799026
2019/09/06/14:48:55.514006,5.55825805664
2019/09/06/14:48:55.517983,5.55865812302
2019/09/06/14:48:55.521950,5.55905818939
2019/09/06/14:48:55.526079,5.55945825577
2019/09/06/14:48:55.529939,5.55985832214
2019/09/06/14:48:55.533921,5.56025838852
2019/09/06/14:48:55.538068,5.5606584549
2019/09/06/14:48:55.542083,5.56105852127
2019/09/06/14:48:55.546002,5.56145858765
2019/09/06/14:48:55.550117,5.56185865402
2019/09/06/14:48:55.554004,5.5622587204
2019/09/06/14:48:55.557947,5.56265878677
2019/09/06/14:48:55.561972,5.56305885315
2019/09/06/14:48:55.566079,5.56345891953
2019/09/06/14:48:55.570041,5.5638589859
2019/09/06/14:48:55.574070,5.56425905228
2019/09/06/14:48:55.578134,5.56465911865
2019/09/06/14:48:55.582095,5.56505918503
2019/09/06/14:48:55.586039,5.5654592514
2019/09/06/14:48:55.590342,5.56585931778
2019/09/06/14:48:55.594100,5.56625938416
2019/09/06/14:48:55.597986,5.56665945053
2019/09/06/14:48:55.601975,5.56705951691
2019/09/06/14:48:55.606028,5.56745958328
2019/09/06/14:48:55.610041,5.56785964966
2019/09/06/14:48:55.613990,5.56825971603
2019/09/06/14:48:55.617987,5.56865978241
2019/09/06/14:48:55.622386,5.56905984879
2019/09/06/14:48:55.626013,5.56945991516
2019/09/06/14:48:55.630030,5.56985998154
2019/09/06/14:48:55.634099,5.57026004791
2019/09/06/14:48:55.638199,5.57066011429
2019/09/06/14:48:55.642007,5.57106018066
2019/09/06/14:48:55.646114,5.57146024704
2019/09/06/14:48:55.650041,5.57186031342
2019/09/06/14:48:55.654133,5.57226037979
2019/09/06/14:48:55.658011,5.57266044617
2019/09/06/14:48:55.662205,5.57306051254
2019/09/06/14:48:55.666080,5.57346057892
2019/09/06/14:48:55.670052,5.57386064529
2019/09/06/14:48:55.674135,5.57426071167
2019/09/06/14:48:55.678111,5.57466077805
2019/09/06/14:48:55.682216,5.57506084442
2019/09/06/14:48:55.686090,5.5754609108
2019/09/06/14:48:55.690095,5.57586097717
2019/09/06/14:48:55.694321,5.57626104355
2019/09/06/14:48:55.698066,5.57666110992
2019/09/06/14:48:55.701941,5.5770611763
2019/09/06/14:48:55.706269,5.57746124268
2019/09/06/14:48:55.710043,5.57786130905
2019/09/06/14:48:55.713998,5.57826137543
2019/09/06/14:48:55.718024,5.5786614418
2019/09/06/14:48:55.722138,5.57906150818
2019/09/06/14:48:55.726194,5.57946157455
2019/09/06/14:48:55.730226,5.57986164093
2019/09/06/14:48:55.734231,5.58026170731
2019/09/06/14:48:55.737947,5.58066177368
2019/09/06/14:48:55.742158,5.58106184006
2019/09/06/14:48:55.746270,5.58146190643
2019/09/06/14:48:55.750122,5.58186197281
2019/09/06/14:48:55.754230,5.58226203918
2019/09/06/14:48:55.758161,5.58266210556
2019/09/06/14:48:55.762296,5.58306217194
2019/09/06/14:48:55.766226,5.58346223831
2019/09/06/14:48:55.770229,5.58386230469
2019/09/06/14:48:55.774166,5.58426237106
2019/09/06/14:48:55.778324,5.58466243744
2019/09/06/14:48:55.782315,5.58506250381
2019/09/06/14:48:55.785961,5.58546257019
2019/09/06/14:48:55.790341,5.58586263657
2019/09/06/14:48:55.794084,5.58626270294
2019/09/06/14:48:55.798085,5.58666276932
2019/09/06/14:48:55.802155,5.58706283569
2019/09/06/14:48:55.806212,5.58746290207
2019/09/06/14:48:55.810101,5.58786296844
2019/09/06/14:48:55.814099,5.58826303482
2019/09/06/14:48:55.818079,5.5886631012
2019/09/06/14:48:55.822102,5.58906316757
2019/09/06/14:48:55.826194,5.58946323395
2019/09/06/14:48:55.830441,5.58986330032
2019/09/06/14:48:55.834194,5.5902633667
2019/09/06/14:48:55.838205,5.59066343307
2019/09/06/14:48:55.842430,5.59106349945
2019/09/06/14:48:55.846063,5.59146356583
2019/09/06/14:48:55.850235,5.5918636322
2019/09/06/14:48:55.854149,5.59226369858
2019/09/06/14:48:55.858312,5.59266376495
2019/09/06/14:48:55.862339,5.59306383133
2019/09/06/14:48:55.866205,5.59346389771
2019/09/06/14:48:55.870285,5.59386396408
2019/09/06/14:48:55.874375,5.59426403046
2019/09/06/14:48:55.878399,5.59466409683
2019/09/06/14:48:55.882455,5.59506416321
2019/09/06/14:48:55.885974,5.59546422958
2019/09/06/14:48:55.890151,5.59586429596
2019/09/06/14:48:55.894217,5.59626436234
2019/09/06/14:48:55.898346,5.59666442871
2019/09/06/14:48:55.902227,5.59706449509
2019/09/06/14:48:55.906275,5.59746456146
2019/09/06/14:48:55.910340,5.59786462784
2019/09/06/14:48:55.914162,5.59826469421
2019/09/06/14:48:55.917995,5.59866476059
2019/09/06/14:48:55.922261,5.59906482697
2019/09/06/14:48:55.926309,5.59946489334
2019/09/06/14:48:55.930229,5.59986495972
2019/09/06/14:48:55.934354,5.60026502609
2019/09/06/14:48:55.938287,5.60066509247
2019/09/06/14:48:55.941985,5.60106515884
2019/09/06/14:48:55.946162,5.60146522522
2019/09/06/14:48:55.950107,5.6018652916
2019/09/06/14:48:55.954211,5.60226535797
2019/09/06/14:48:55.958150,5.60266542435
2019/09/06/14:48:55.962387,5.60306549072
2019/09/06/14:48:55.966328,5.6034655571
2019/09/06/14:48:55.970225,5.60386562347
2019/09/06/14:48:55.974024,5.60426568985
2019/09/06/14:48:55.978246,5.60466575623
2019/09/06/14:48:55.982341,5.6050658226
2019/09/06/14:48:55.986033,5.60546588898
2019/09/06/14:48:55.989971,5.60586595535
2019/09/06/14:48:55.994122,5.60626602173
2019/09/06/14:48:55.998241,5.6066660881
2019/09/06/14:48:56.002229,5.60706615448
2019/09/06/14:48:56.006254,5.60746622086
2019/09/06/14:48:56.010093,5.60786628723
2019/09/06/14:48:56.014030,5.60826635361
2019/09/06/14:48:56.018330,5.60866641998
2019/09/06/14:48:56.022299,5.60906648636
2019/09/06/14:48:56.026329,5.60946655273
2019/09/06/14:48:56.030170,5.60986661911
2019/09/06/14:48:56.034160,5.61026668549
2019/09/06/14:48:56.038350,5.61066675186
2019/09/06/14:48:56.041893,5.61106681824
2019/09/06/14:48:56.046290,5.61146688461
2019/09/06/14:48:56.049989,5.61186695099
2019/09/06/14:48:56.054141,5.61226701736
2019/09/06/14:48:56.058227,5.61266708374
2019/09/06/14:48:56.062153,5.61306715012
2019/09/06/14:48:56.066231,5.61346721649
2019/09/06/14:48:56.070179,5.61386728287
2019/09/06/14:48:56.074115,5.61426734924
2019/09/06/14:48:56.078219,5.61466741562
2019/09/06/14:48:56.082345,5.61506748199
2019/09/06/14:48:56.086086,5.61546754837
2019/09/06/14:48:56.090264,5.61586761475
2019/09/06/14:48:56.094210,5.61626768112
2019/09/06/14:48:56.098261,5.6166677475
2019/09/06/14:48:56.102232,5.61706781387
2019/09/06/14:48:56.106484,5.61746788025
2019/09/06/14:48:56.110314,5.61786794662
2019/09/06/14:48:56.114296,5.618268013
2019/09/06/14:48:56.118312,5.61866807938
2019/09/06/14:48:56.122207,5.61906814575
2019/09/06/14:48:56.126088,5.61946821213
2019/09/06/14:48:56.130154,5.6198682785
2019/09/06/14:48:56.134215,5.62026834488
2019/09/06/14:48:56.138312,5.62066841125
2019/09/06/14:48:56.142034,5.62106847763
2019/09/06/14:48:56.146190,5.62146854401
2019/09/06/14:48:56.150203,5.62186861038
2019/09/06/14:48:56.154284,5.62226867676
2019/09/06/14:48:56.158424,5.62266874313
2019/09/06/14:48:56.162117,5.62306880951
2019/09/06/14:48:56.166135,5.62346887589
2019/09/06/14:48:56.170164,5.62386894226
2019/09/06/14:48:56.174134,5.62426900864
2019/09/06/14:48:56.178407,5.62466907501
2019/09/06/14:48:56.182245,5.62506914139
2019/09/06/14:48:56.186090,5.62546920776
2019/09/06/14:48:56.190421,5.62586927414
2019/09/06/14:48:56.194208,5.62626934052
2019/09/06/14:48:56.198243,5.62666940689
2019/09/06/14:48:56.202120,5.62706947327
2019/09/06/14:48:56.206167,5.62746953964
2019/09/06/14:48:56.210264,5.62786960602
2019/09/06/14:48:56.214211,5.62826967239
2019/09/06/14:48:56.218167,5.62866973877
2019/09/06/14:48:56.222249,5.62906980515
2019/09/06/14:48:56.226418,5.62946987152
2019/09/06/14:48:56.230341,5.6298699379
2019/09/06/14:48:56.234461,5.63027000427
2019/09/06/14:48:56.237842,5.63067007065
2019/09/06/14:48:56.242269,5.63107013702
2019/09/06/14:48:56.246299,5.6314702034
2019/09/06/14:48:56.250166,5.63187026978
2019/09/06/14:48:56.254285,5.63227033615
2019/09/06/14:48:56.258240,5.63267040253
2019/09/06/14:48:56.262118,5.6330704689
2019/09/06/14:48:56.266470,5.63347053528
2019/09/06/14:48:56.270371,5.63387060165
2019/09/06/14:48:56.274212,5.63427066803
2019/09/06/14:48:56.278208,5.63467073441
2019/09/06/14:48:56.282292,5.63507080078
2019/09/06/14:48:56.286293,5.63547086716
2019/09/06/14:48:56.290220,5.63587093353
2019/09/06/14:48:56.294289,5.63627099991
2019/09/06/14:48:56.298211,5.63667106628
2019/09/06/14:48:56.302372,5.63707113266
2019/09/06/14:48:56.306272,5.63747119904
2019/09/06/14:48:56.310407,5.63787126541
2019/09/06/14:48:56.314253,5.63827133179
2019/09/06/14:48:56.318381,5.63867139816
2019/09/06/14:48:56.322219,5.63907146454
2019/09/06/14:48:56.326094,5.63947153091
2019/09/06/14:48:56.329941,5.63987159729
2019/09/06/14:48:56.334130,5.64027166367
2019/09/06/14:48:56.338105,5.64067173004
2019/09/06/14:48:56.342221,5.64107179642
2019/09/06/14:48:56.346216,5.64147186279
2019/09/06/14:48:56.350048,5.64187192917
2019/09/06/14:48:56.354051,5.64227199554
2019/09/06/14:48:56.358261,5.64267206192
2019/09/06/14:48:56.362200,5.6430721283
2019/09/06/14:48:56.366099,5.64347219467
2019/09/06/14:48:56.370288,5.64387226105
2019/09/06/14:48:56.374277,5.64427232742
2019/09/06/14:48:56.378013,5.6446723938
2019/09/06/14:48:56.382125,5.64507246017
2019/09/06/14:48:56.386177,5.64547252655
2019/09/06/14:48:56.390119,5.64587259293
2019/09/06/14:48:56.394280,5.6462726593
2019/09/06/14:48:56.398388,5.64667272568
2019/09/06/14:48:56.402254,5.64707279205
2019/09/06/14:48:56.406113,5.64747285843
2019/09/06/14:48:56.410296,5.6478729248
2019/09/06/14:48:56.414321,5.64827299118
2019/09/06/14:48:56.418356,5.64867305756
2019/09/06/14:48:56.422352,5.64907312393
2019/09/06/14:48:56.426212,5.64947319031
2019/09/06/14:48:56.430141,5.64987325668
2019/09/06/14:48:56.434377,5.65027332306
2019/09/06/14:48:56.438093,5.65067338943
2019/09/06/14:48:56.442037,5.65107345581
2019/09/06/14:48:56.446052,5.65147352219
2019/09/06/14:48:56.450206,5.65187358856
2019/09/06/14:48:56.454010,5.65227365494
2019/09/06/14:48:56.458012,5.65267372131
2019/09/06/14:48:56.462023,5.65307378769
2019/09/06/14:48:56.466095,5.65347385406
2019/09/06/14:48:56.470221,5.65387392044
2019/09/06/14:48:56.474073,5.65427398682
2019/09/06/14:48:56.478182,5.65467405319
2019/09/06/14:48:56.482061,5.65507411957
2019/09/06/14:48:56.485910,5.65547418594
2019/09/06/14:48:56.490187,5.65587425232
2019/09/06/14:48:56.494156,5.6562743187
2019/09/06/14:48:56.498128,5.65667438507
2019/09/06/14:48:56.502091,5.65707445145
2019/09/06/14:48:56.506013,5.65747451782
2019/09/06/14:48:56.510070,5.6578745842
2019/09/06/14:48:56.514066,5.65827465057
2019/09/06/14:48:56.517967,5.65867471695
2019/09/06/14:48:56.522047,5.65907478333
2019/09/06/14:48:56.526322,5.6594748497
2019/09/06/14:48:56.530072,5.65987491608
2019/09/06/14:48:56.533985,5.66027498245
2019/09/06/14:48:56.537994,5.66067504883
2019/09/06/14:48:56.542178,5.6610751152
2019/09/06/14:48:56.546211,5.66147518158
2019/09/06/14:48:56.550218,5.66187524796
2019/09/06/14:48:56.554412,5.66227531433
2019/09/06/14:48:56.558138,5.66267538071
2019/09/06/14:48:56.562470,5.66307544708
2019/09/06/14:48:56.566317,5.66347551346
2019/09/06/14:48:56.570347,5.66387557983
2019/09/06/14:48:56.574092,5.66427564621
2019/09/06/14:48:56.578158,5.66467571259
2019/09/06/14:48:56.582267,5.66507577896
2019/09/06/14:48:56.586461,5.66547584534
2019/09/06/14:48:56.590378,5.66587591171
2019/09/06/14:48:56.594181,5.66627597809
2019/09/06/14:48:56.598230,5.66667604446
2019/09/06/14:48:56.602147,5.66707611084
2019/09/06/14:48:56.606415,5.66747617722
2019/09/06/14:48:56.610209,5.66787624359
2019/09/06/14:48:56.614490,5.66827630997
2019/09/06/14:48:56.618411,5.66867637634
2019/09/06/14:48:56.622238,5.66907644272
2019/09/06/14:48:56.626219,5.66947650909
2019/09/06/14:48:56.630342,5.66987657547
2019/09/06/14:48:56.634204,5.67027664185
2019/09/06/14:48:56.638161,5.67067670822
2019/09/06/14:48:56.641862,5.6710767746
2019/09/06/14:48:56.646193,5.67147684097
2019/09/06/14:48:56.650458,5.67187690735
2019/09/06/14:48:56.654165,5.67227697372
2019/09/06/14:48:56.658252,5.6726770401
2019/09/06/14:48:56.662357,5.67307710648
2019/09/06/14:48:56.666188,5.67347717285
2019/09/06/14:48:56.670286,5.67387723923
2019/09/06/14:48:56.674331,5.6742773056
2019/09/06/14:48:56.678417,5.67467737198
2019/09/06/14:48:56.682221,5.67507743835
2019/09/06/14:48:56.686070,5.67547750473
2019/09/06/14:48:56.690139,5.67587757111
2019/09/06/14:48:56.694306,5.67627763748
2019/09/06/14:48:56.698171,5.67667770386
2019/09/06/14:48:56.702165,5.67707777023
2019/09/06/14:48:56.706251,5.67747783661
2019/09/06/14:48:56.710245,5.67787790298
2019/09/06/14:48:56.714462,5.67827796936
2019/09/06/14:48:56.718264,5.67867803574
2019/09/06/14:48:56.722207,5.67907810211
2019/09/06/14:48:56.726109,5.67947816849
2019/09/06/14:48:56.730239,5.67987823486
2019/09/06/14:48:56.734322,5.68027830124
2019/09/06/14:48:56.738130,5.68067836761
2019/09/06/14:48:56.742028,5.68107843399
2019/09/06/14:48:56.745982,5.68147850037
2019/09/06/14:48:56.750191,5.68187856674
2019/09/06/14:48:56.754094,5.68227863312
2019/09/06/14:48:56.758073,5.68267869949
2019/09/06/14:48:56.762155,5.68307876587
2019/09/06/14:48:56.766069,5.68347883224
2019/09/06/14:48:56.770174,5.68387889862
2019/09/06/14:48:56.774333,5.684278965
2019/09/06/14:48:56.778255,5.68467903137
2019/09/06/14:48:56.782295,5.68507909775
2019/09/06/14:48:56.786113,5.68547916412
2019/09/06/14:48:56.790233,5.6858792305
2019/09/06/14:48:56.794292,5.68627929688
2019/09/06/14:48:56.798070,5.68667936325
2019/09/06/14:48:56.802134,5.68707942963
2019/09/06/14:48:56.806234,5.687479496
2019/09/06/14:48:56.810079,5.68787956238
2019/09/06/14:48:56.814084,5.68827962875
2019/09/06/14:48:56.818202,5.68867969513
2019/09/06/14:48:56.822031,5.68907976151
2019/09/06/14:48:56.826032,5.68947982788
2019/09/06/14:48:56.830337,5.68987989426
2019/09/06/14:48:56.834334,5.69027996063
2019/09/06/14:48:56.838421,5.69068002701
2019/09/06/14:48:56.842201,5.69108009338
2019/09/06/14:48:56.846126,5.69148015976
2019/09/06/14:48:56.850031,5.69188022614
2019/09/06/14:48:56.854000,5.69228029251
2019/09/06/14:48:56.858009,5.69268035889
2019/09/06/14:48:56.862142,5.69308042526
2019/09/06/14:48:56.866001,5.69348049164
2019/09/06/14:48:56.870155,5.69388055801
2019/09/06/14:48:56.874013,5.69428062439
2019/09/06/14:48:56.878148,5.69468069077
2019/09/06/14:48:56.882090,5.69508075714
2019/09/06/14:48:56.886131,5.69548082352
2019/09/06/14:48:56.890268,5.69588088989
2019/09/06/14:48:56.893992,5.69628095627
2019/09/06/14:48:56.897990,5.69668102264
2019/09/06/14:48:56.902113,5.69708108902
2019/09/06/14:48:56.906149,5.6974811554
2019/09/06/14:48:56.910025,5.69788122177
2019/09/06/14:48:56.914135,5.69828128815
2019/09/06/14:48:56.918102,5.69868135452
2019/09/06/14:48:56.921982,5.6990814209
2019/09/06/14:48:56.926124,5.69948148727
2019/09/06/14:48:56.930188,5.69988155365
2019/09/06/14:48:56.934061,5.70028162003
2019/09/06/14:48:56.938072,5.7006816864
2019/09/06/14:48:56.942055,5.70108175278
2019/09/06/14:48:56.946155,5.70148181915
2019/09/06/14:48:56.950015,5.70188188553
2019/09/06/14:48:56.953971,5.7022819519
2019/09/06/14:48:56.958138,5.70268201828
2019/09/06/14:48:56.962026,5.70308208466
2019/09/06/14:48:56.966143,5.70348215103
2019/09/06/14:48:56.970221,5.70388221741
2019/09/06/14:48:56.974181,5.70428228378
2019/09/06/14:48:56.978151,5.70468235016
2019/09/06/14:48:56.982091,5.70508241653
2019/09/06/14:48:56.986102,5.70548248291
2019/09/06/14:48:56.990139,5.70588254929
2019/09/06/14:48:56.994199,5.70628261566
2019/09/06/14:48:56.998124,5.70668268204
2019/09/06/14:48:57.002046,5.70708274841
2019/09/06/14:48:57.005951,5.70748281479
2019/09/06/14:48:57.010195,5.70788288116
2019/09/06/14:48:57.014159,5.70828294754
2019/09/06/14:48:57.018129,5.70868301392
2019/09/06/14:48:57.022080,5.70908308029
2019/09/06/14:48:57.026181,5.70948314667
2019/09/06/14:48:57.030163,5.70988321304
2019/09/06/14:48:57.034033,5.71028327942
2019/09/06/14:48:57.038143,5.71068334579
2019/09/06/14:48:57.042288,5.71108341217
2019/09/06/14:48:57.046319,5.71148347855
2019/09/06/14:48:57.050248,5.71188354492
2019/09/06/14:48:57.054180,5.7122836113
2019/09/06/14:48:57.058139,5.71268367767
2019/09/06/14:48:57.062177,5.71308374405
2019/09/06/14:48:57.066327,5.71348381042
2019/09/06/14:48:57.070245,5.7138838768
2019/09/06/14:48:57.074067,5.71428394318
2019/09/06/14:48:57.078231,5.71468400955
2019/09/06/14:48:57.082263,5.71508407593
2019/09/06/14:48:57.086474,5.7154841423
2019/09/06/14:48:57.090107,5.71588420868
2019/09/06/14:48:57.094156,5.71628427505
2019/09/06/14:48:57.098201,5.71668434143
2019/09/06/14:48:57.102417,5.71708440781
2019/09/06/14:48:57.106244,5.71748447418
2019/09/06/14:48:57.110309,5.71788454056
2019/09/06/14:48:57.114190,5.71828460693
2019/09/06/14:48:57.118125,5.71868467331
2019/09/06/14:48:57.122125,5.71908473969
2019/09/06/14:48:57.126402,5.71948480606
2019/09/06/14:48:57.130159,5.71988487244
2019/09/06/14:48:57.134145,5.72028493881
2019/09/06/14:48:57.138224,5.72068500519
2019/09/06/14:48:57.142232,5.72108507156
2019/09/06/14:48:57.146224,5.72148513794
2019/09/06/14:48:57.150246,5.72188520432
2019/09/06/14:48:57.154120,5.72228527069
2019/09/06/14:48:57.157930,5.72268533707
2019/09/06/14:48:57.162251,5.72308540344
2019/09/06/14:48:57.166203,5.72348546982
2019/09/06/14:48:57.170078,5.72388553619
2019/09/06/14:48:57.174099,5.72428560257
2019/09/06/14:48:57.178305,5.72468566895
2019/09/06/14:48:57.182257,5.72508573532
2019/09/06/14:48:57.186265,5.7254858017
2019/09/06/14:48:57.190204,5.72588586807
2019/09/06/14:48:57.194180,5.72628593445
2019/09/06/14:48:57.198050,5.72668600082
2019/09/06/14:48:57.202127,5.7270860672
2019/09/06/14:48:57.206225,5.72748613358
2019/09/06/14:48:57.210155,5.72788619995
2019/09/06/14:48:57.214164,5.72828626633
2019/09/06/14:48:57.218121,5.7286863327
2019/09/06/14:48:57.222120,5.72908639908
2019/09/06/14:48:57.226249,5.72948646545
2019/09/06/14:48:57.230145,5.72988653183
2019/09/06/14:48:57.234173,5.73028659821
2019/09/06/14:48:57.238374,5.73068666458
2019/09/06/14:48:57.241856,5.73108673096
2019/09/06/14:48:57.246124,5.73148679733
2019/09/06/14:48:57.250142,5.73188686371
2019/09/06/14:48:57.254086,5.73228693008
2019/09/06/14:48:57.258049,5.73268699646
2019/09/06/14:48:57.262042,5.73308706284
2019/09/06/14:48:57.266176,5.73348712921
2019/09/06/14:48:57.270147,5.73388719559
2019/09/06/14:48:57.274162,5.73428726196
2019/09/06/14:48:57.278210,5.73468732834
2019/09/06/14:48:57.282268,5.73508739471
2019/09/06/14:48:57.286156,5.73548746109
2019/09/06/14:48:57.290151,5.73588752747
2019/09/06/14:48:57.294197,5.73628759384
2019/09/06/14:48:57.298175,5.73668766022
2019/09/06/14:48:57.302248,5.73708772659
2019/09/06/14:48:57.306287,5.73748779297
2019/09/06/14:48:57.310210,5.73788785934
2019/09/06/14:48:57.314212,5.73828792572
2019/09/06/14:48:57.318187,5.7386879921
2019/09/06/14:48:57.322119,5.73908805847
2019/09/06/14:48:57.326215,5.73948812485
2019/09/06/14:48:57.330175,5.73988819122
2019/09/06/14:48:57.334316,5.7402882576
2019/09/06/14:48:57.338292,5.74068832397
2019/09/06/14:48:57.342244,5.74108839035
2019/09/06/14:48:57.346163,5.74148845673
2019/09/06/14:48:57.350123,5.7418885231
2019/09/06/14:48:57.354220,5.74228858948
2019/09/06/14:48:57.358189,5.74268865585
2019/09/06/14:48:57.362152,5.74308872223
2019/09/06/14:48:57.366033,5.7434887886
2019/09/06/14:48:57.370169,5.74388885498
2019/09/06/14:48:57.374095,5.74428892136
2019/09/06/14:48:57.378383,5.74468898773
2019/09/06/14:48:57.382163,5.74508905411
2019/09/06/14:48:57.385898,5.74548912048
2019/09/06/14:48:57.390123,5.74588918686
2019/09/06/14:48:57.394150,5.74628925323
2019/09/06/14:48:57.398088,5.74668931961
2019/09/06/14:48:57.402250,5.74708938599
2019/09/06/14:48:57.406271,5.74748945236
2019/09/06/14:48:57.410053,5.74788951874
2019/09/06/14:48:57.414052,5.74828958511
2019/09/06/14:48:57.418176,5.74868965149
2019/09/06/14:48:57.422108,5.74908971786
2019/09/06/14:48:57.426163,5.74948978424
2019/09/06/14:48:57.430264,5.74988985062
2019/09/06/14:48:57.434186,5.75028991699
2019/09/06/14:48:57.438111,5.75068998337
2019/09/06/14:48:57.442036,5.75109004974
2019/09/06/14:48:57.446090,5.75149011612
2019/09/06/14:48:57.450099,5.7518901825
2019/09/06/14:48:57.454184,5.75229024887
2019/09/06/14:48:57.458264,5.75269031525
2019/09/06/14:48:57.462275,5.75309038162
2019/09/06/14:48:57.466242,5.753490448
2019/09/06/14:48:57.470106,5.75389051437
2019/09/06/14:48:57.474175,5.75429058075
2019/09/06/14:48:57.478179,5.75469064713
2019/09/06/14:48:57.482306,5.7550907135
2019/09/06/14:48:57.486298,5.75549077988
2019/09/06/14:48:57.490275,5.75589084625
2019/09/06/14:48:57.494113,5.75629091263
2019/09/06/14:48:57.498094,5.756690979
2019/09/06/14:48:57.502081,5.75709104538
2019/09/06/14:48:57.506149,5.75749111176
2019/09/06/14:48:57.510158,5.75789117813
2019/09/06/14:48:57.514266,5.75829124451
2019/09/06/14:48:57.518305,5.75869131088
2019/09/06/14:48:57.522446,5.75909137726
2019/09/06/14:48:57.526333,5.75949144363
2019/09/06/14:48:57.530368,5.75989151001
2019/09/06/14:48:57.534330,5.76029157639
2019/09/06/14:48:57.538103,5.76069164276
2019/09/06/14:48:57.542178,5.76109170914
2019/09/06/14:48:57.546182,5.76149177551
2019/09/06/14:48:57.550323,5.76189184189
2019/09/06/14:48:57.554432,5.76229190826
2019/09/06/14:48:57.558151,5.76269197464
2019/09/06/14:48:57.562168,5.76309204102
2019/09/06/14:48:57.566111,5.76349210739
2019/09/06/14:48:57.570237,5.76389217377
2019/09/06/14:48:57.574273,5.76429224014
2019/09/06/14:48:57.578329,5.76469230652
2019/09/06/14:48:57.582395,5.76509237289
2019/09/06/14:48:57.586200,5.76549243927
2019/09/06/14:48:57.590035,5.76589250565
2019/09/06/14:48:57.594069,5.76629257202
2019/09/06/14:48:57.598414,5.7666926384
2019/09/06/14:48:57.602196,5.76709270477
2019/09/06/14:48:57.606173,5.76749277115
2019/09/06/14:48:57.610210,5.76789283752
2019/09/06/14:48:57.614260,5.7682929039
2019/09/06/14:48:57.618269,5.76869297028
2019/09/06/14:48:57.622483,5.76909303665
2019/09/06/14:48:57.626120,5.76949310303
2019/09/06/14:48:57.630199,5.7698931694
2019/09/06/14:48:57.634199,5.77029323578
2019/09/06/14:48:57.638319,5.77069330215
2019/09/06/14:48:57.642087,5.77109336853
2019/09/06/14:48:57.646334,5.77149343491
2019/09/06/14:48:57.650128,5.77189350128
2019/09/06/14:48:57.654185,5.77229356766
2019/09/06/14:48:57.658267,5.77269363403
2019/09/06/14:48:57.662189,5.77309370041
2019/09/06/14:48:57.666262,5.77349376678
2019/09/06/14:48:57.670398,5.77389383316
2019/09/06/14:48:57.674278,5.77429389954
2019/09/06/14:48:57.678192,5.77469396591
2019/09/06/14:48:57.682180,5.77509403229
2019/09/06/14:48:57.686217,5.77549409866
2019/09/06/14:48:57.690236,5.77589416504
2019/09/06/14:48:57.694210,5.77629423141
2019/09/06/14:48:57.698081,5.77669429779
2019/09/06/14:48:57.702248,5.77709436417
2019/09/06/14:48:57.706353,5.77749443054
2019/09/06/14:48:57.710319,5.77789449692
2019/09/06/14:48:57.714333,5.77829456329
2019/09/06/14:48:57.718144,5.77869462967
2019/09/06/14:48:57.722229,5.77909469604
2019/09/06/14:48:57.726168,5.77949476242
2019/09/06/14:48:57.730196,5.7798948288
2019/09/06/14:48:57.734188,5.78029489517
2019/09/06/14:48:57.738174,5.78069496155
2019/09/06/14:48:57.741760,5.78109502792
2019/09/06/14:48:57.746262,5.7814950943
2019/09/06/14:48:57.750190,5.78189516068
2019/09/06/14:48:57.754182,5.78229522705
2019/09/06/14:48:57.758136,5.78269529343
2019/09/06/14:48:57.762286,5.7830953598
2019/09/06/14:48:57.766541,5.78349542618
2019/09/06/14:48:57.770154,5.78389549255
2019/09/06/14:48:57.774422,5.78429555893
2019/09/06/14:48:57.778270,5.78469562531
2019/09/06/14:48:57.782181,5.78509569168
2019/09/06/14:48:57.786185,5.78549575806
2019/09/06/14:48:57.790147,5.78589582443
2019/09/06/14:48:57.794123,5.78629589081
2019/09/06/14:48:57.798170,5.78669595718
2019/09/06/14:48:57.802108,5.78709602356
2019/09/06/14:48:57.806243,5.78749608994
2019/09/06/14:48:57.810207,5.78789615631
2019/09/06/14:48:57.814278,5.78829622269
2019/09/06/14:48:57.818439,5.78869628906
2019/09/06/14:48:57.822238,5.78909635544
2019/09/06/14:48:57.826301,5.78949642181
2019/09/06/14:48:57.830435,5.78989648819
2019/09/06/14:48:57.834368,5.79029655457
2019/09/06/14:48:57.838010,5.79069662094
2019/09/06/14:48:57.842169,5.79109668732
2019/09/06/14:48:57.846241,5.79149675369
2019/09/06/14:48:57.850167,5.79189682007
2019/09/06/14:48:57.853977,5.79229688644
2019/09/06/14:48:57.858305,5.79269695282
2019/09/06/14:48:57.862101,5.7930970192
2019/09/06/14:48:57.866001,5.79349708557
2019/09/06/14:48:57.869931,5.79389715195
2019/09/06/14:48:57.874002,5.79429721832
2019/09/06/14:48:57.878089,5.7946972847
2019/09/06/14:48:57.882000,5.79509735107
2019/09/06/14:48:57.886007,5.79549741745
2019/09/06/14:48:57.889958,5.79589748383
2019/09/06/14:48:57.894156,5.7962975502
2019/09/06/14:48:57.898065,5.79669761658
2019/09/06/14:48:57.902398,5.79709768295
2019/09/06/14:48:57.906215,5.79749774933
2019/09/06/14:48:57.910212,5.7978978157
2019/09/06/14:48:57.914241,5.79829788208
2019/09/06/14:48:57.918256,5.79869794846
2019/09/06/14:48:57.922292,5.79909801483
2019/09/06/14:48:57.926288,5.79949808121
2019/09/06/14:48:57.930376,5.79989814758
2019/09/06/14:48:57.934444,5.80029821396
2019/09/06/14:48:57.938111,5.80069828033
2019/09/06/14:48:57.942206,5.80109834671
2019/09/06/14:48:57.946189,5.80149841309
2019/09/06/14:48:57.950270,5.80189847946
2019/09/06/14:48:57.954177,5.80229854584
2019/09/06/14:48:57.958213,5.80269861221
2019/09/06/14:48:57.962224,5.80309867859
2019/09/06/14:48:57.966238,5.80349874496
2019/09/06/14:48:57.970236,5.80389881134
2019/09/06/14:48:57.974239,5.80429887772
2019/09/06/14:48:57.978141,5.80469894409
2019/09/06/14:48:57.982203,5.80509901047
2019/09/06/14:48:57.986097,5.80549907684
2019/09/06/14:48:57.990134,5.80589914322
2019/09/06/14:48:57.994356,5.80629920959
2019/09/06/14:48:57.998218,5.80669927597
2019/09/06/14:48:58.002214,5.80709934235
2019/09/06/14:48:58.006241,5.80749940872
2019/09/06/14:48:58.010247,5.8078994751
2019/09/06/14:48:58.014282,5.80829954147
2019/09/06/14:48:58.018348,5.80869960785
2019/09/06/14:48:58.022168,5.80909967422
2019/09/06/14:48:58.026248,5.8094997406
2019/09/06/14:48:58.030284,5.80989980698
2019/09/06/14:48:58.034463,5.81029987335
2019/09/06/14:48:58.038536,5.81069993973
2019/09/06/14:48:58.042167,5.8111000061
2019/09/06/14:48:58.046021,5.81150007248
2019/09/06/14:48:58.050153,5.81190013885
2019/09/06/14:48:58.054297,5.81230020523
2019/09/06/14:48:58.058134,5.81270027161
2019/09/06/14:48:58.062160,5.81310033798
2019/09/06/14:48:58.066146,5.81350040436
2019/09/06/14:48:58.070094,5.81390047073
2019/09/06/14:48:58.074323,5.81430053711
2019/09/06/14:48:58.078039,5.81470060349
2019/09/06/14:48:58.082350,5.81510066986
2019/09/06/14:48:58.086058,5.81550073624
2019/09/06/14:48:58.090194,5.81590080261
2019/09/06/14:48:58.094370,5.81630086899
2019/09/06/14:48:58.098248,5.81670093536
2019/09/06/14:48:58.102011,5.81710100174
2019/09/06/14:48:58.105899,5.81750106812
2019/09/06/14:48:58.110181,5.81790113449
2019/09/06/14:48:58.114143,5.81830120087
2019/09/06/14:48:58.118059,5.81870126724
2019/09/06/14:48:58.122183,5.81910133362
2019/09/06/14:48:58.126266,5.81950139999
2019/09/06/14:48:58.130200,5.81990146637
2019/09/06/14:48:58.134181,5.82030153275
2019/09/06/14:48:58.138175,5.82070159912
2019/09/06/14:48:58.142103,5.8211016655
2019/09/06/14:48:58.146275,5.82150173187
2019/09/06/14:48:58.150369,5.82190179825
2019/09/06/14:48:58.154322,5.82230186462
2019/09/06/14:48:58.158297,5.822701931
2019/09/06/14:48:58.162269,5.82310199738
2019/09/06/14:48:58.166237,5.82350206375
2019/09/06/14:48:58.170264,5.82390213013
2019/09/06/14:48:58.174229,5.8243021965
2019/09/06/14:48:58.178331,5.82470226288
2019/09/06/14:48:58.182159,5.82510232925
2019/09/06/14:48:58.186169,5.82550239563
2019/09/06/14:48:58.190338,5.82590246201
2019/09/06/14:48:58.194305,5.82630252838
2019/09/06/14:48:58.198562,5.82670259476
2019/09/06/14:48:58.202183,5.82710266113
2019/09/06/14:48:58.206155,5.82750272751
2019/09/06/14:48:58.210402,5.82790279388
2019/09/06/14:48:58.214196,5.82830286026
2019/09/06/14:48:58.218191,5.82870292664
2019/09/06/14:48:58.222258,5.82910299301
2019/09/06/14:48:58.226453,5.82950305939
2019/09/06/14:48:58.230315,5.82990312576
2019/09/06/14:48:58.234206,5.83030319214
2019/09/06/14:48:58.238329,5.83070325851
2019/09/06/14:48:58.242248,5.83110332489
2019/09/06/14:48:58.246159,5.83150339127
2019/09/06/14:48:58.250395,5.83190345764
2019/09/06/14:48:58.254103,5.83230352402
2019/09/06/14:48:58.258202,5.83270359039
2019/09/06/14:48:58.262163,5.83310365677
2019/09/06/14:48:58.266364,5.83350372314
2019/09/06/14:48:58.270219,5.83390378952
2019/09/06/14:48:58.274123,5.8343038559
2019/09/06/14:48:58.278299,5.83470392227
2019/09/06/14:48:58.282157,5.83510398865
2019/09/06/14:48:58.286222,5.83550405502
2019/09/06/14:48:58.290213,5.8359041214
2019/09/06/14:48:58.294402,5.83630418777
2019/09/06/14:48:58.298258,5.83670425415
2019/09/06/14:48:58.302212,5.83710432053
2019/09/06/14:48:58.306393,5.8375043869
2019/09/06/14:48:58.310160,5.83790445328
2019/09/06/14:48:58.314437,5.83830451965
2019/09/06/14:48:58.318114,5.83870458603
2019/09/06/14:48:58.322338,5.8391046524
2019/09/06/14:48:58.326244,5.83950471878
2019/09/06/14:48:58.330224,5.83990478516
2019/09/06/14:48:58.334154,5.84030485153
2019/09/06/14:48:58.338467,5.84070491791
2019/09/06/14:48:58.342053,5.84110498428
2019/09/06/14:48:58.346253,5.84150505066
2019/09/06/14:48:58.350346,5.84190511703
2019/09/06/14:48:58.354275,5.84230518341
2019/09/06/14:48:58.358645,5.84270524979
2019/09/06/14:48:58.362301,5.84310531616
2019/09/06/14:48:58.366207,5.84350538254
2019/09/06/14:48:58.370422,5.84390544891
2019/09/06/14:48:58.374315,5.84430551529
2019/09/06/14:48:58.378255,5.84470558167
2019/09/06/14:48:58.382328,5.84510564804
2019/09/06/14:48:58.386164,5.84550571442
2019/09/06/14:48:58.390190,5.84590578079
2019/09/06/14:48:58.394216,5.84630584717
2019/09/06/14:48:58.398226,5.84670591354
2019/09/06/14:48:58.402199,5.84710597992
2019/09/06/14:48:58.406163,5.8475060463
2019/09/06/14:48:58.410321,5.84790611267
2019/09/06/14:48:58.414366,5.84830617905
2019/09/06/14:48:58.418429,5.84870624542
2019/09/06/14:48:58.422164,5.8491063118
2019/09/06/14:48:58.426400,5.84950637817
2019/09/06/14:48:58.430356,5.84990644455
2019/09/06/14:48:58.434091,5.85030651093
2019/09/06/14:48:58.437954,5.8507065773
2019/09/06/14:48:58.442085,5.85110664368
2019/09/06/14:48:58.446054,5.85150671005
2019/09/06/14:48:58.450117,5.85190677643
2019/09/06/14:48:58.454139,5.8523068428
2019/09/06/14:48:58.458102,5.85270690918
2019/09/06/14:48:58.462196,5.85310697556
2019/09/06/14:48:58.466370,5.85350704193
2019/09/06/14:48:58.470099,5.85390710831
2019/09/06/14:48:58.474279,5.85430717468
2019/09/06/14:48:58.478179,5.85470724106
2019/09/06/14:48:58.482147,5.85510730743
2019/09/06/14:48:58.486225,5.85550737381
2019/09/06/14:48:58.490271,5.85590744019
2019/09/06/14:48:58.494106,5.85630750656
2019/09/06/14:48:58.498110,5.85670757294
2019/09/06/14:48:58.502231,5.85710763931
2019/09/06/14:48:58.506217,5.85750770569
2019/09/06/14:48:58.510231,5.85790777206
2019/09/06/14:48:58.514208,5.85830783844
2019/09/06/14:48:58.518283,5.85870790482
2019/09/06/14:48:58.522311,5.85910797119
2019/09/06/14:48:58.526347,5.85950803757
2019/09/06/14:48:58.530342,5.85990810394
2019/09/06/14:48:58.533979,5.86030817032
2019/09/06/14:48:58.538282,5.86070823669
2019/09/06/14:48:58.542359,5.86110830307
2019/09/06/14:48:58.546111,5.86150836945
2019/09/06/14:48:58.550186,5.86190843582
2019/09/06/14:48:58.554340,5.8623085022
2019/09/06/14:48:58.558107,5.86270856857
2019/09/06/14:48:58.562207,5.86310863495
2019/09/06/14:48:58.566469,5.86350870132
2019/09/06/14:48:58.570218,5.8639087677
2019/09/06/14:48:58.574554,5.86430883408
2019/09/06/14:48:58.578236,5.86470890045
2019/09/06/14:48:58.582180,5.86510896683
2019/09/06/14:48:58.586127,5.8655090332
2019/09/06/14:48:58.590338,5.86590909958
2019/09/06/14:48:58.594311,5.86630916595
2019/09/06/14:48:58.598288,5.86670923233
2019/09/06/14:48:58.602151,5.86710929871
2019/09/06/14:48:58.606066,5.86750936508
2019/09/06/14:48:58.610157,5.86790943146
2019/09/06/14:48:58.614249,5.86830949783
2019/09/06/14:48:58.618440,5.86870956421
2019/09/06/14:48:58.622223,5.86910963058
2019/09/06/14:48:58.626378,5.86950969696
2019/09/06/14:48:58.630153,5.86990976334
2019/09/06/14:48:58.634232,5.87030982971
2019/09/06/14:48:58.638177,5.87070989609
2019/09/06/14:48:58.642290,5.87110996246
2019/09/06/14:48:58.646272,5.87151002884
2019/09/06/14:48:58.650142,5.87191009521
2019/09/06/14:48:58.654340,5.87231016159
2019/09/06/14:48:58.658212,5.87271022797
2019/09/06/14:48:58.662088,5.87311029434
2019/09/06/14:48:58.666220,5.87351036072
2019/09/06/14:48:58.670386,5.87391042709
2019/09/06/14:48:58.674224,5.87431049347
2019/09/06/14:48:58.678380,5.87471055984
2019/09/06/14:48:58.682284,5.87511062622
2019/09/06/14:48:58.686240,5.8755106926
2019/09/06/14:48:58.690124,5.87591075897
2019/09/06/14:48:58.694256,5.87631082535
2019/09/06/14:48:58.698159,5.87671089172
2019/09/06/14:48:58.702287,5.8771109581
2019/09/06/14:48:58.706158,5.87751102448
2019/09/06/14:48:58.710253,5.87791109085
2019/09/06/14:48:58.714313,5.87831115723
2019/09/06/14:48:58.718363,5.8787112236
2019/09/06/14:48:58.722137,5.87911128998
2019/09/06/14:48:58.726161,5.87951135635
2019/09/06/14:48:58.730160,5.87991142273
2019/09/06/14:48:58.734248,5.88031148911
2019/09/06/14:48:58.738354,5.88071155548
2019/09/06/14:48:58.741844,5.88111162186
2019/09/06/14:48:58.746143,5.88151168823
2019/09/06/14:48:58.750135,5.88191175461
2019/09/06/14:48:58.754246,5.88231182098
2019/09/06/14:48:58.758303,5.88271188736
2019/09/06/14:48:58.762215,5.88311195374
2019/09/06/14:48:58.766338,5.88351202011
2019/09/06/14:48:58.770221,5.88391208649
2019/09/06/14:48:58.774211,5.88431215286
2019/09/06/14:48:58.778296,5.88471221924
2019/09/06/14:48:58.782373,5.88511228561
2019/09/06/14:48:58.786306,5.88551235199
2019/09/06/14:48:58.790122,5.88591241837
2019/09/06/14:48:58.794296,5.88631248474
2019/09/06/14:48:58.798162,5.88671255112
2019/09/06/14:48:58.802251,5.88711261749
2019/09/06/14:48:58.806232,5.88751268387
2019/09/06/14:48:58.810197,5.88791275024
2019/09/06/14:48:58.814261,5.88831281662
2019/09/06/14:48:58.818232,5.888712883
2019/09/06/14:48:58.822259,5.88911294937
2019/09/06/14:48:58.826177,5.88951301575
2019/09/06/14:48:58.830244,5.88991308212
2019/09/06/14:48:58.834431,5.8903131485
2019/09/06/14:48:58.838280,5.89071321487
2019/09/06/14:48:58.842182,5.89111328125
2019/09/06/14:48:58.846087,5.89151334763
2019/09/06/14:48:58.850126,5.891913414
2019/09/06/14:48:58.854268,5.89231348038
2019/09/06/14:48:58.858349,5.89271354675
2019/09/06/14:48:58.862206,5.89311361313
2019/09/06/14:48:58.866125,5.8935136795
2019/09/06/14:48:58.870142,5.89391374588
2019/09/06/14:48:58.874275,5.89431381226
2019/09/06/14:48:58.878227,5.89471387863
2019/09/06/14:48:58.882177,5.89511394501
2019/09/06/14:48:58.886208,5.89551401138
2019/09/06/14:48:58.890265,5.89591407776
2019/09/06/14:48:58.894000,5.89631414413
2019/09/06/14:48:58.898027,5.89671421051
2019/09/06/14:48:58.901971,5.89711427689
2019/09/06/14:48:58.906192,5.89751434326
2019/09/06/14:48:58.910062,5.89791440964
2019/09/06/14:48:58.914093,5.89831447601
2019/09/06/14:48:58.918181,5.89871454239
2019/09/06/14:48:58.922132,5.89911460876
2019/09/06/14:48:58.926263,5.89951467514
2019/09/06/14:48:58.930272,5.89991474152
2019/09/06/14:48:58.934145,5.90031480789
2019/09/06/14:48:58.937963,5.90071487427
2019/09/06/14:48:58.942260,5.90111494064
2019/09/06/14:48:58.946152,5.90151500702
2019/09/06/14:48:58.950040,5.90191507339
2019/09/06/14:48:58.954147,5.90231513977
2019/09/06/14:48:58.957965,5.90271520615
2019/09/06/14:48:58.962210,5.90311527252
2019/09/06/14:48:58.966110,5.9035153389
2019/09/06/14:48:58.970076,5.90391540527
2019/09/06/14:48:58.974122,5.90431547165
2019/09/06/14:48:58.977941,5.90471553802
2019/09/06/14:48:58.982138,5.9051156044
2019/09/06/14:48:58.985942,5.90551567078
2019/09/06/14:48:58.990101,5.90591573715
2019/09/06/14:48:58.994020,5.90631580353
2019/09/06/14:48:58.998012,5.9067158699
2019/09/06/14:48:59.001999,5.90711593628
2019/09/06/14:48:59.006311,5.90751600266
2019/09/06/14:48:59.010233,5.90791606903
2019/09/06/14:48:59.014150,5.90831613541
2019/09/06/14:48:59.018314,5.90871620178
2019/09/06/14:48:59.022025,5.90911626816
2019/09/06/14:48:59.025970,5.90951633453
2019/09/06/14:48:59.030149,5.90991640091
2019/09/06/14:48:59.034043,5.91031646729
2019/09/06/14:48:59.038379,5.91071653366
2019/09/06/14:48:59.042298,5.91111660004
2019/09/06/14:48:59.046154,5.91151666641
2019/09/06/14:48:59.050132,5.91191673279
2019/09/06/14:48:59.054168,5.91231679916
2019/09/06/14:48:59.058256,5.91271686554
2019/09/06/14:48:59.062253,5.91311693192
2019/09/06/14:48:59.066243,5.91351699829
2019/09/06/14:48:59.070156,5.91391706467
2019/09/06/14:48:59.074236,5.91431713104
2019/09/06/14:48:59.078232,5.91471719742
2019/09/06/14:48:59.082448,5.91511726379
2019/09/06/14:48:59.086085,5.91551733017
2019/09/06/14:48:59.090204,5.91591739655
2019/09/06/14:48:59.094127,5.91631746292
2019/09/06/14:48:59.098177,5.9167175293
2019/09/06/14:48:59.102244,5.91711759567
2019/09/06/14:48:59.106157,5.91751766205
2019/09/06/14:48:59.110166,5.91791772842
2019/09/06/14:48:59.114340,5.9183177948
2019/09/06/14:48:59.118490,5.91871786118
2019/09/06/14:48:59.122262,5.91911792755
2019/09/06/14:48:59.126183,5.91951799393
2019/09/06/14:48:59.130126,5.9199180603
2019/09/06/14:48:59.134176,5.92031812668
2019/09/06/14:48:59.138227,5.92071819305
2019/09/06/14:48:59.142293,5.92111825943
2019/09/06/14:48:59.146336,5.92151832581
2019/09/06/14:48:59.150137,5.92191839218
2019/09/06/14:48:59.154185,5.92231845856
2019/09/06/14:48:59.158324,5.92271852493
2019/09/06/14:48:59.162241,5.92311859131
2019/09/06/14:48:59.166233,5.92351865768
2019/09/06/14:48:59.170251,5.92391872406
2019/09/06/14:48:59.174269,5.92431879044
2019/09/06/14:48:59.178222,5.92471885681
2019/09/06/14:48:59.182065,5.92511892319
2019/09/06/14:48:59.186124,5.92551898956
2019/09/06/14:48:59.190257,5.92591905594
2019/09/06/14:48:59.194283,5.92631912231
2019/09/06/14:48:59.198092,5.92671918869
2019/09/06/14:48:59.202118,5.92711925507
2019/09/06/14:48:59.206264,5.92751932144
2019/09/06/14:48:59.210208,5.92791938782
2019/09/06/14:48:59.214253,5.92831945419
2019/09/06/14:48:59.218100,5.92871952057
2019/09/06/14:48:59.222239,5.92911958694
2019/09/06/14:48:59.226000,5.92951965332
2019/09/06/14:48:59.230290,5.9299197197
2019/09/06/14:48:59.234114,5.93031978607
2019/09/06/14:48:59.238383,5.93071985245
2019/09/06/14:48:59.242316,5.93111991882
2019/09/06/14:48:59.246256,5.9315199852
2019/09/06/14:48:59.250425,5.93192005157
2019/09/06/14:48:59.254192,5.93232011795
2019/09/06/14:48:59.258392,5.93272018433
2019/09/06/14:48:59.262260,5.9331202507
2019/09/06/14:48:59.266150,5.93352031708
2019/09/06/14:48:59.270054,5.93392038345
2019/09/06/14:48:59.274210,5.93432044983
2019/09/06/14:48:59.278154,5.9347205162
2019/09/06/14:48:59.282241,5.93512058258
2019/09/06/14:48:59.286194,5.93552064896
2019/09/06/14:48:59.290174,5.93592071533
2019/09/06/14:48:59.294089,5.93632078171
2019/09/06/14:48:59.298182,5.93672084808
2019/09/06/14:48:59.302101,5.93712091446
2019/09/06/14:48:59.306230,5.93752098083
2019/09/06/14:48:59.310248,5.93792104721
2019/09/06/14:48:59.314249,5.93832111359
2019/09/06/14:48:59.318554,5.93872117996
2019/09/06/14:48:59.322200,5.93912124634
2019/09/06/14:48:59.326191,5.93952131271
2019/09/06/14:48:59.330177,5.93992137909
2019/09/06/14:48:59.334178,5.94032144547
2019/09/06/14:48:59.338025,5.94072151184
2019/09/06/14:48:59.341957,5.94112157822
2019/09/06/14:48:59.346156,5.94152164459
2019/09/06/14:48:59.350342,5.94192171097
2019/09/06/14:48:59.354195,5.94232177734
2019/09/06/14:48:59.358178,5.94272184372
2019/09/06/14:48:59.362516,5.9431219101
2019/09/06/14:48:59.366255,5.94352197647
2019/09/06/14:48:59.370059,5.94392204285
2019/09/06/14:48:59.374402,5.94432210922
2019/09/06/14:48:59.378239,5.9447221756
2019/09/06/14:48:59.382313,5.94512224197
2019/09/06/14:48:59.386232,5.94552230835
2019/09/06/14:48:59.390138,5.94592237473
2019/09/06/14:48:59.394172,5.9463224411
2019/09/06/14:48:59.398128,5.94672250748
2019/09/06/14:48:59.402243,5.94712257385
2019/09/06/14:48:59.406459,5.94752264023
2019/09/06/14:48:59.410300,5.9479227066
2019/09/06/14:48:59.414169,5.94832277298
2019/09/06/14:48:59.418289,5.94872283936
2019/09/06/14:48:59.422128,5.94912290573
2019/09/06/14:48:59.426311,5.94952297211
2019/09/06/14:48:59.430383,5.94992303848
2019/09/06/14:48:59.434225,5.95032310486
2019/09/06/14:48:59.440027,5.95072317123
2019/09/06/14:48:59.442102,5.95112323761
2019/09/06/14:48:59.446095,5.95152330399
2019/09/06/14:48:59.450165,5.95192337036
2019/09/06/14:48:59.454106,5.95232343674
2019/09/06/14:48:59.458118,5.95272350311
2019/09/06/14:48:59.462135,5.95312356949
2019/09/06/14:48:59.465970,5.95352363586
2019/09/06/14:48:59.470134,5.95392370224
2019/09/06/14:48:59.474187,5.95432376862
2019/09/06/14:48:59.478143,5.95472383499
2019/09/06/14:48:59.482202,5.95512390137
2019/09/06/14:48:59.486059,5.95552396774
2019/09/06/14:48:59.490077,5.95592403412
2019/09/06/14:48:59.494149,5.95632410049
2019/09/06/14:48:59.498085,5.95672416687
2019/09/06/14:48:59.502172,5.95712423325
2019/09/06/14:48:59.506355,5.95752429962
2019/09/06/14:48:59.510185,5.957924366
2019/09/06/14:48:59.514367,5.95832443237
2019/09/06/14:48:59.518099,5.95872449875
2019/09/06/14:48:59.522085,5.95912456512
2019/09/06/14:48:59.526174,5.9595246315
2019/09/06/14:48:59.530199,5.95992469788
2019/09/06/14:48:59.534364,5.96032476425
2019/09/06/14:48:59.538198,5.96072483063
2019/09/06/14:48:59.542228,5.961124897
2019/09/06/14:48:59.546206,5.96152496338
2019/09/06/14:48:59.550239,5.96192502975
2019/09/06/14:48:59.554131,5.96232509613
2019/09/06/14:48:59.558221,5.96272516251
2019/09/06/14:48:59.562213,5.96312522888
2019/09/06/14:48:59.566200,5.96352529526
2019/09/06/14:48:59.570168,5.96392536163
2019/09/06/14:48:59.574204,5.96432542801
2019/09/06/14:48:59.578315,5.96472549438
2019/09/06/14:48:59.582217,5.96512556076
2019/09/06/14:48:59.586001,5.96552562714
2019/09/06/14:48:59.590156,5.96592569351
2019/09/06/14:48:59.594155,5.96632575989
2019/09/06/14:48:59.598514,5.96672582626
2019/09/06/14:48:59.602193,5.96712589264
2019/09/06/14:48:59.606617,5.96752595901
2019/09/06/14:48:59.610098,5.96792602539
2019/09/06/14:48:59.614405,5.96832609177
2019/09/06/14:48:59.618303,5.96872615814
2019/09/06/14:48:59.622298,5.96912622452
2019/09/06/14:48:59.626090,5.96952629089
2019/09/06/14:48:59.630302,5.96992635727
2019/09/06/14:48:59.634346,5.97032642365
2019/09/06/14:48:59.638214,5.97072649002
2019/09/06/14:48:59.642380,5.9711265564
2019/09/06/14:48:59.646104,5.97152662277
2019/09/06/14:48:59.650178,5.97192668915
2019/09/06/14:48:59.654188,5.97232675552
2019/09/06/14:48:59.658304,5.9727268219
2019/09/06/14:48:59.662214,5.97312688828
2019/09/06/14:48:59.666283,5.97352695465
2019/09/06/14:48:59.670158,5.97392702103
2019/09/06/14:48:59.674232,5.9743270874
2019/09/06/14:48:59.678520,5.97472715378
2019/09/06/14:48:59.682375,5.97512722015
2019/09/06/14:48:59.686193,5.97552728653
2019/09/06/14:48:59.690166,5.97592735291
2019/09/06/14:48:59.694119,5.97632741928
2019/09/06/14:48:59.698238,5.97672748566
2019/09/06/14:48:59.702333,5.97712755203
2019/09/06/14:48:59.706256,5.97752761841
2019/09/06/14:48:59.710028,5.97792768478
2019/09/06/14:48:59.714200,5.97832775116
2019/09/06/14:48:59.718199,5.97872781754
2019/09/06/14:48:59.722138,5.97912788391
2019/09/06/14:48:59.726269,5.97952795029
2019/09/06/14:48:59.730100,5.97992801666
2019/09/06/14:48:59.734128,5.98032808304
2019/09/06/14:48:59.738360,5.98072814941
2019/09/06/14:48:59.742200,5.98112821579
2019/09/06/14:48:59.746209,5.98152828217
2019/09/06/14:48:59.750122,5.98192834854
2019/09/06/14:48:59.754083,5.98232841492
2019/09/06/14:48:59.758159,5.98272848129
2019/09/06/14:48:59.762192,5.98312854767
2019/09/06/14:48:59.766324,5.98352861404
2019/09/06/14:48:59.770365,5.98392868042
2019/09/06/14:48:59.774322,5.9843287468
2019/09/06/14:48:59.778201,5.98472881317
2019/09/06/14:48:59.782158,5.98512887955
2019/09/06/14:48:59.786358,5.98552894592
2019/09/06/14:48:59.790140,5.9859290123
2019/09/06/14:48:59.794142,5.98632907867
2019/09/06/14:48:59.798204,5.98672914505
2019/09/06/14:48:59.802176,5.98712921143
2019/09/06/14:48:59.806244,5.9875292778
2019/09/06/14:48:59.810110,5.98792934418
2019/09/06/14:48:59.814198,5.98832941055
2019/09/06/14:48:59.818145,5.98872947693
2019/09/06/14:48:59.822273,5.9891295433
2019/09/06/14:48:59.826167,5.98952960968
2019/09/06/14:48:59.830143,5.98992967606
2019/09/06/14:48:59.834191,5.99032974243
2019/09/06/14:48:59.838205,5.99072980881
2019/09/06/14:48:59.842114,5.99112987518
2019/09/06/14:48:59.846060,5.99152994156
2019/09/06/14:48:59.850253,5.99193000793
2019/09/06/14:48:59.854239,5.99233007431
2019/09/06/14:48:59.858200,5.99273014069
2019/09/06/14:48:59.862057,5.99313020706
2019/09/06/14:48:59.866354,5.99353027344
2019/09/06/14:48:59.870104,5.99393033981
2019/09/06/14:48:59.874069,5.99433040619
2019/09/06/14:48:59.878291,5.99473047256
2019/09/06/14:48:59.882280,5.99513053894
2019/09/06/14:48:59.886170,5.99553060532
2019/09/06/14:48:59.890392,5.99593067169
2019/09/06/14:48:59.893889,5.99633073807
2019/09/06/14:48:59.897895,5.99673080444
2019/09/06/14:48:59.902012,5.99713087082
2019/09/06/14:48:59.906089,5.99753093719
2019/09/06/14:48:59.910222,5.99793100357
2019/09/06/14:48:59.914265,5.99833106995
2019/09/06/14:48:59.918308,5.99873113632
2019/09/06/14:48:59.922260,5.9991312027
2019/09/06/14:48:59.926281,5.99953126907
2019/09/06/14:48:59.930084,5.99993133545
2019/09/06/14:48:59.934106,6.00033140182
2019/09/06/14:48:59.938542,6.0007314682
2019/09/06/14:48:59.942165,6.00113153458
2019/09/06/14:48:59.946153,6.00153160095
2019/09/06/14:48:59.950291,6.00193166733
2019/09/06/14:48:59.954185,6.0023317337
2019/09/06/14:48:59.958258,6.00273180008
2019/09/06/14:48:59.962168,6.00313186646
2019/09/06/14:48:59.966268,6.00353193283
2019/09/06/14:48:59.969986,6.00393199921
2019/09/06/14:48:59.973982,6.00433206558
2019/09/06/14:48:59.978130,6.00473213196
2019/09/06/14:48:59.982216,6.00513219833
2019/09/06/14:48:59.986231,6.00553226471
2019/09/06/14:48:59.990076,6.00593233109
2019/09/06/14:48:59.993852,6.00633239746
2019/09/06/14:48:59.998356,6.00673246384
2019/09/06/14:49:00.002018,6.00713253021
2019/09/06/14:49:00.006169,6.00753259659
2019/09/06/14:49:00.010449,6.00793266296
2019/09/06/14:49:00.014159,6.00833272934
2019/09/06/14:49:00.018199,6.00873279572
2019/09/06/14:49:00.022178,6.00913286209
2019/09/06/14:49:00.026452,6.00953292847
2019/09/06/14:49:00.030236,6.00993299484
2019/09/06/14:49:00.034100,6.01033306122
2019/09/06/14:49:00.037984,6.01073312759
2019/09/06/14:49:00.042040,6.01113319397
2019/09/06/14:49:00.046280,6.01153326035
2019/09/06/14:49:00.050006,6.01193332672
2019/09/06/14:49:00.054330,6.0123333931
2019/09/06/14:49:00.057959,6.01273345947
2019/09/06/14:49:00.062020,6.01313352585
2019/09/06/14:49:00.066025,6.01353359222
2019/09/06/14:49:00.070049,6.0139336586
2019/09/06/14:49:00.074279,6.01433372498
2019/09/06/14:49:00.078011,6.01473379135
2019/09/06/14:49:00.082006,6.01513385773
2019/09/06/14:49:00.085777,6.0155339241
2019/09/06/14:49:00.089992,6.01593399048
2019/09/06/14:49:00.094100,6.01633405685
2019/09/06/14:49:00.097831,6.01673412323
2019/09/06/14:49:00.101970,6.01713418961
2019/09/06/14:49:00.106124,6.01753425598
2019/09/06/14:49:00.110409,6.01793432236
2019/09/06/14:49:00.114321,6.01833438873
2019/09/06/14:49:00.117947,6.01873445511
2019/09/06/14:49:00.122113,6.01913452148
2019/09/06/14:49:00.126170,6.01953458786
2019/09/06/14:49:00.130299,6.01993465424
2019/09/06/14:49:00.134128,6.02033472061
2019/09/06/14:49:00.138200,6.02073478699
2019/09/06/14:49:00.142026,6.02113485336
2019/09/06/14:49:00.145938,6.02153491974
2019/09/06/14:49:00.150023,6.02193498611
2019/09/06/14:49:00.154051,6.02233505249
2019/09/06/14:49:00.158220,6.02273511887
2019/09/06/14:49:00.162125,6.02313518524
2019/09/06/14:49:00.166095,6.02353525162
2019/09/06/14:49:00.170094,6.02393531799
2019/09/06/14:49:00.174140,6.02433538437
2019/09/06/14:49:00.178057,6.02473545074
2019/09/06/14:49:00.181991,6.02513551712
2019/09/06/14:49:00.185948,6.0255355835
2019/09/06/14:49:00.189937,6.02593564987
2019/09/06/14:49:00.194034,6.02633571625
2019/09/06/14:49:00.198077,6.02673578262
2019/09/06/14:49:00.202134,6.027135849
2019/09/06/14:49:00.206015,6.02753591537
2019/09/06/14:49:00.210099,6.02793598175
2019/09/06/14:49:00.214296,6.02833604813
2019/09/06/14:49:00.218278,6.0287361145
2019/09/06/14:49:00.222218,6.02913618088
2019/09/06/14:49:00.226166,6.02953624725
2019/09/06/14:49:00.230145,6.02993631363
2019/09/06/14:49:00.234244,6.03033638
2019/09/06/14:49:00.238064,6.03073644638
2019/09/06/14:49:00.242096,6.03113651276
2019/09/06/14:49:00.246470,6.03153657913
2019/09/06/14:49:00.250282,6.03193664551
2019/09/06/14:49:00.254138,6.03233671188
2019/09/06/14:49:00.258024,6.03273677826
2019/09/06/14:49:00.262386,6.03313684464
2019/09/06/14:49:00.266232,6.03353691101
2019/09/06/14:49:00.270303,6.03393697739
2019/09/06/14:49:00.274266,6.03433704376
2019/09/06/14:49:00.278229,6.03473711014
2019/09/06/14:49:00.282180,6.03513717651
2019/09/06/14:49:00.286116,6.03553724289
2019/09/06/14:49:00.290296,6.03593730927
2019/09/06/14:49:00.294448,6.03633737564
2019/09/06/14:49:00.298141,6.03673744202
2019/09/06/14:49:00.302215,6.03713750839
2019/09/06/14:49:00.306144,6.03753757477
2019/09/06/14:49:00.309960,6.03793764114
2019/09/06/14:49:00.314062,6.03833770752
2019/09/06/14:49:00.318027,6.0387377739
2019/09/06/14:49:00.321890,6.03913784027
2019/09/06/14:49:00.326115,6.03953790665
2019/09/06/14:49:00.330091,6.03993797302
2019/09/06/14:49:00.333922,6.0403380394
2019/09/06/14:49:00.337956,6.04073810577
2019/09/06/14:49:00.342128,6.04113817215
2019/09/06/14:49:00.346321,6.04153823853
2019/09/06/14:49:00.350184,6.0419383049
2019/09/06/14:49:00.354192,6.04233837128
2019/09/06/14:49:00.358218,6.04273843765
2019/09/06/14:49:00.362221,6.04313850403
2019/09/06/14:49:00.366295,6.0435385704
2019/09/06/14:49:00.370275,6.04393863678
2019/09/06/14:49:00.374242,6.04433870316
2019/09/06/14:49:00.378210,6.04473876953
2019/09/06/14:49:00.382299,6.04513883591
2019/09/06/14:49:00.386064,6.04553890228
2019/09/06/14:49:00.390185,6.04593896866
2019/09/06/14:49:00.394234,6.04633903503
2019/09/06/14:49:00.398032,6.04673910141
2019/09/06/14:49:00.402199,6.04713916779
2019/09/06/14:49:00.406254,6.04753923416
2019/09/06/14:49:00.410191,6.04793930054
2019/09/06/14:49:00.414200,6.04833936691
2019/09/06/14:49:00.418294,6.04873943329
2019/09/06/14:49:00.422220,6.04913949966
2019/09/06/14:49:00.426147,6.04953956604
2019/09/06/14:49:00.430221,6.04993963242
2019/09/06/14:49:00.434223,6.05033969879
2019/09/06/14:49:00.438068,6.05073976517
2019/09/06/14:49:00.442143,6.05113983154
2019/09/06/14:49:00.445991,6.05153989792
2019/09/06/14:49:00.449952,6.05193996429
2019/09/06/14:49:00.453999,6.05234003067
2019/09/06/14:49:00.457941,6.05274009705
2019/09/06/14:49:00.461966,6.05314016342
2019/09/06/14:49:00.465910,6.0535402298
2019/09/06/14:49:00.469972,6.05394029617
2019/09/06/14:49:00.474048,6.05434036255
2019/09/06/14:49:00.478059,6.05474042892
2019/09/06/14:49:00.482185,6.0551404953
2019/09/06/14:49:00.486132,6.05554056168
2019/09/06/14:49:00.490284,6.05594062805
2019/09/06/14:49:00.494269,6.05634069443
2019/09/06/14:49:00.498240,6.0567407608
2019/09/06/14:49:00.502190,6.05714082718
2019/09/06/14:49:00.506104,6.05754089355
2019/09/06/14:49:00.510134,6.05794095993
2019/09/06/14:49:00.514230,6.05834102631
2019/09/06/14:49:00.518174,6.05874109268
2019/09/06/14:49:00.522255,6.05914115906
2019/09/06/14:49:00.526516,6.05954122543
2019/09/06/14:49:00.530175,6.05994129181
2019/09/06/14:49:00.534157,6.06034135818
2019/09/06/14:49:00.537883,6.06074142456
2019/09/06/14:49:00.541924,6.06114149094
2019/09/06/14:49:00.546172,6.06154155731
2019/09/06/14:49:00.550400,6.06194162369
2019/09/06/14:49:00.554051,6.06234169006
2019/09/06/14:49:00.558080,6.06274175644
2019/09/06/14:49:00.562413,6.06314182281
2019/09/06/14:49:00.566230,6.06354188919
2019/09/06/14:49:00.570206,6.06394195557
2019/09/06/14:49:00.574133,6.06434202194
2019/09/06/14:49:00.578127,6.06474208832
2019/09/06/14:49:00.582126,6.06514215469
2019/09/06/14:49:00.586115,6.06554222107
2019/09/06/14:49:00.590173,6.06594228745
2019/09/06/14:49:00.594251,6.06634235382
2019/09/06/14:49:00.598073,6.0667424202
2019/09/06/14:49:00.602202,6.06714248657
2019/09/06/14:49:00.606298,6.06754255295
2019/09/06/14:49:00.610214,6.06794261932
2019/09/06/14:49:00.614289,6.0683426857
2019/09/06/14:49:00.618165,6.06874275208
2019/09/06/14:49:00.622072,6.06914281845
2019/09/06/14:49:00.626046,6.06954288483
2019/09/06/14:49:00.630111,6.0699429512
2019/09/06/14:49:00.634225,6.07034301758
2019/09/06/14:49:00.638390,6.07074308395
2019/09/06/14:49:00.642091,6.07114315033
2019/09/06/14:49:00.646054,6.07154321671
2019/09/06/14:49:00.650123,6.07194328308
2019/09/06/14:49:00.654119,6.07234334946
2019/09/06/14:49:00.658030,6.07274341583
2019/09/06/14:49:00.662216,6.07314348221
2019/09/06/14:49:00.666623,6.07354354858
2019/09/06/14:49:00.670232,6.07394361496
2019/09/06/14:49:00.674164,6.07434368134
2019/09/06/14:49:00.678111,6.07474374771
2019/09/06/14:49:00.682080,6.07514381409
2019/09/06/14:49:00.686086,6.07554388046
2019/09/06/14:49:00.690137,6.07594394684
2019/09/06/14:49:00.694273,6.07634401321
2019/09/06/14:49:00.698306,6.07674407959
2019/09/06/14:49:00.702233,6.07714414597
2019/09/06/14:49:00.706200,6.07754421234
2019/09/06/14:49:00.710201,6.07794427872
2019/09/06/14:49:00.714063,6.07834434509
2019/09/06/14:49:00.718165,6.07874441147
2019/09/06/14:49:00.722283,6.07914447784
2019/09/06/14:49:00.726362,6.07954454422
2019/09/06/14:49:00.730157,6.0799446106
2019/09/06/14:49:00.734140,6.08034467697
2019/09/06/14:49:00.738154,6.08074474335
2019/09/06/14:49:00.742121,6.08114480972
2019/09/06/14:49:00.745947,6.0815448761
2019/09/06/14:49:00.750005,6.08194494247
2019/09/06/14:49:00.754083,6.08234500885
2019/09/06/14:49:00.757989,6.08274507523
2019/09/06/14:49:00.762066,6.0831451416
2019/09/06/14:49:00.765964,6.08354520798
2019/09/06/14:49:00.770022,6.08394527435
2019/09/06/14:49:00.773924,6.08434534073
2019/09/06/14:49:00.778188,6.0847454071
2019/09/06/14:49:00.782091,6.08514547348
2019/09/06/14:49:00.786192,6.08554553986
2019/09/06/14:49:00.790318,6.08594560623
2019/09/06/14:49:00.794340,6.08634567261
2019/09/06/14:49:00.798021,6.08674573898
2019/09/06/14:49:00.801975,6.08714580536
2019/09/06/14:49:00.806011,6.08754587173
2019/09/06/14:49:00.810230,6.08794593811
2019/09/06/14:49:00.814181,6.08834600449
2019/09/06/14:49:00.818167,6.08874607086
2019/09/06/14:49:00.822181,6.08914613724
2019/09/06/14:49:00.826047,6.08954620361
2019/09/06/14:49:00.830221,6.08994626999
2019/09/06/14:49:00.834226,6.09034633636
2019/09/06/14:49:00.838120,6.09074640274
2019/09/06/14:49:00.842040,6.09114646912
2019/09/06/14:49:00.846293,6.09154653549
2019/09/06/14:49:00.850128,6.09194660187
2019/09/06/14:49:00.854424,6.09234666824
2019/09/06/14:49:00.858017,6.09274673462
2019/09/06/14:49:00.862309,6.09314680099
2019/09/06/14:49:00.866230,6.09354686737
2019/09/06/14:49:00.870227,6.09394693375
2019/09/06/14:49:00.874217,6.09434700012
2019/09/06/14:49:00.878225,6.0947470665
2019/09/06/14:49:00.882305,6.09514713287
2019/09/06/14:49:00.886170,6.09554719925
2019/09/06/14:49:00.890252,6.09594726562
2019/09/06/14:49:00.894133,6.096347332
2019/09/06/14:49:00.898129,6.09674739838
2019/09/06/14:49:00.902213,6.09714746475
2019/09/06/14:49:00.906214,6.09754753113
2019/09/06/14:49:00.910057,6.0979475975
2019/09/06/14:49:00.914111,6.09834766388
2019/09/06/14:49:00.918230,6.09874773026
2019/09/06/14:49:00.922215,6.09914779663
2019/09/06/14:49:00.926315,6.09954786301
2019/09/06/14:49:00.930264,6.09994792938
2019/09/06/14:49:00.934471,6.10034799576
2019/09/06/14:49:00.938108,6.10074806213
2019/09/06/14:49:00.942190,6.10114812851
2019/09/06/14:49:00.946250,6.10154819489
2019/09/06/14:49:00.950169,6.10194826126
2019/09/06/14:49:00.954170,6.10234832764
2019/09/06/14:49:00.958159,6.10274839401
2019/09/06/14:49:00.962188,6.10314846039
2019/09/06/14:49:00.966110,6.10354852676
2019/09/06/14:49:00.970407,6.10394859314
2019/09/06/14:49:00.974199,6.10434865952
2019/09/06/14:49:00.978092,6.10474872589
2019/09/06/14:49:00.982173,6.10514879227
2019/09/06/14:49:00.986240,6.10554885864
2019/09/06/14:49:00.990149,6.10594892502
2019/09/06/14:49:00.994259,6.10634899139
2019/09/06/14:49:00.998093,6.10674905777
2019/09/06/14:49:01.002250,6.10714912415
2019/09/06/14:49:01.006049,6.10754919052
2019/09/06/14:49:01.010132,6.1079492569
2019/09/06/14:49:01.014223,6.10834932327
2019/09/06/14:49:01.018434,6.10874938965
2019/09/06/14:49:01.022160,6.10914945602
2019/09/06/14:49:01.026124,6.1095495224
2019/09/06/14:49:01.029983,6.10994958878
2019/09/06/14:49:01.034080,6.11034965515
2019/09/06/14:49:01.038331,6.11074972153
2019/09/06/14:49:01.042075,6.1111497879
2019/09/06/14:49:01.046367,6.11154985428
2019/09/06/14:49:01.050281,6.11194992065
2019/09/06/14:49:01.054205,6.11234998703
2019/09/06/14:49:01.058235,6.11275005341
2019/09/06/14:49:01.062172,6.11315011978
2019/09/06/14:49:01.066289,6.11355018616
2019/09/06/14:49:01.070302,6.11395025253
2019/09/06/14:49:01.074310,6.11435031891
2019/09/06/14:49:01.078376,6.11475038528
2019/09/06/14:49:01.082245,6.11515045166
2019/09/06/14:49:01.085883,6.11555051804
2019/09/06/14:49:01.090152,6.11595058441
2019/09/06/14:49:01.094193,6.11635065079
2019/09/06/14:49:01.098225,6.11675071716
2019/09/06/14:49:01.102103,6.11715078354
2019/09/06/14:49:01.106004,6.11755084991
2019/09/06/14:49:01.110034,6.11795091629
2019/09/06/14:49:01.114109,6.11835098267
2019/09/06/14:49:01.118409,6.11875104904
2019/09/06/14:49:01.122208,6.11915111542
2019/09/06/14:49:01.126456,6.11955118179
2019/09/06/14:49:01.130104,6.11995124817
2019/09/06/14:49:01.134228,6.12035131454
2019/09/06/14:49:01.138050,6.12075138092
2019/09/06/14:49:01.142134,6.1211514473
2019/09/06/14:49:01.146142,6.12155151367
2019/09/06/14:49:01.150171,6.12195158005
2019/09/06/14:49:01.154080,6.12235164642
2019/09/06/14:49:01.158238,6.1227517128
2019/09/06/14:49:01.162294,6.12315177917
2019/09/06/14:49:01.166265,6.12355184555
2019/09/06/14:49:01.170304,6.12395191193
2019/09/06/14:49:01.174116,6.1243519783
2019/09/06/14:49:01.178323,6.12475204468
2019/09/06/14:49:01.182405,6.12515211105
2019/09/06/14:49:01.185869,6.12555217743
2019/09/06/14:49:01.190143,6.1259522438
2019/09/06/14:49:01.194199,6.12635231018
2019/09/06/14:49:01.198161,6.12675237656
2019/09/06/14:49:01.202217,6.12715244293
2019/09/06/14:49:01.206081,6.12755250931
2019/09/06/14:49:01.210172,6.12795257568
2019/09/06/14:49:01.214149,6.12835264206
2019/09/06/14:49:01.218037,6.12875270844
2019/09/06/14:49:01.222277,6.12915277481
2019/09/06/14:49:01.226399,6.12955284119
2019/09/06/14:49:01.230117,6.12995290756
2019/09/06/14:49:01.234093,6.13035297394
2019/09/06/14:49:01.238147,6.13075304031
2019/09/06/14:49:01.242203,6.13115310669
2019/09/06/14:49:01.246222,6.13155317307
2019/09/06/14:49:01.249904,6.13195323944
2019/09/06/14:49:01.253953,6.13235330582
2019/09/06/14:49:01.258038,6.13275337219
2019/09/06/14:49:01.262094,6.13315343857
2019/09/06/14:49:01.266275,6.13355350494
2019/09/06/14:49:01.270180,6.13395357132
2019/09/06/14:49:01.274183,6.1343536377
2019/09/06/14:49:01.278147,6.13475370407
2019/09/06/14:49:01.282149,6.13515377045
2019/09/06/14:49:01.286183,6.13555383682
2019/09/06/14:49:01.290035,6.1359539032
2019/09/06/14:49:01.294092,6.13635396957
2019/09/06/14:49:01.298143,6.13675403595
2019/09/06/14:49:01.302271,6.13715410233
2019/09/06/14:49:01.306251,6.1375541687
2019/09/06/14:49:01.310189,6.13795423508
2019/09/06/14:49:01.314045,6.13835430145
2019/09/06/14:49:01.317976,6.13875436783
2019/09/06/14:49:01.322127,6.1391544342
2019/09/06/14:49:01.326119,6.13955450058
2019/09/06/14:49:01.330002,6.13995456696
2019/09/06/14:49:01.334062,6.14035463333
2019/09/06/14:49:01.338052,6.14075469971
2019/09/06/14:49:01.342275,6.14115476608
2019/09/06/14:49:01.345837,6.14155483246
2019/09/06/14:49:01.350029,6.14195489883
2019/09/06/14:49:01.354093,6.14235496521
2019/09/06/14:49:01.358011,6.14275503159
2019/09/06/14:49:01.362146,6.14315509796
2019/09/06/14:49:01.366163,6.14355516434
2019/09/06/14:49:01.370138,6.14395523071
2019/09/06/14:49:01.373816,6.14435529709
2019/09/06/14:49:01.378034,6.14475536346
2019/09/06/14:49:01.382337,6.14515542984
2019/09/06/14:49:01.386360,6.14555549622
2019/09/06/14:49:01.389818,6.14595556259
2019/09/06/14:49:01.394040,6.14635562897
2019/09/06/14:49:01.398048,6.14675569534
2019/09/06/14:49:01.402155,6.14715576172
2019/09/06/14:49:01.406044,6.14755582809
2019/09/06/14:49:01.410120,6.14795589447
2019/09/06/14:49:01.414001,6.14835596085
2019/09/06/14:49:01.418093,6.14875602722
2019/09/06/14:49:01.422156,6.1491560936
2019/09/06/14:49:01.426269,6.14955615997
2019/09/06/14:49:01.430344,6.14995622635
2019/09/06/14:49:01.434215,6.15035629272
2019/09/06/14:49:01.437986,6.1507563591
2019/09/06/14:49:01.442064,6.15115642548
2019/09/06/14:49:01.446042,6.15155649185
2019/09/06/14:49:01.449860,6.15195655823
2019/09/06/14:49:01.454047,6.1523566246
2019/09/06/14:49:01.458099,6.15275669098
2019/09/06/14:49:01.461903,6.15315675735
2019/09/06/14:49:01.466084,6.15355682373
2019/09/06/14:49:01.470021,6.15395689011
2019/09/06/14:49:01.474092,6.15435695648
2019/09/06/14:49:01.478314,6.15475702286
2019/09/06/14:49:01.481993,6.15515708923
2019/09/06/14:49:01.486165,6.15555715561
2019/09/06/14:49:01.490000,6.15595722198
2019/09/06/14:49:01.494074,6.15635728836
2019/09/06/14:49:01.497962,6.15675735474
2019/09/06/14:49:01.502053,6.15715742111
2019/09/06/14:49:01.506315,6.15755748749
2019/09/06/14:49:01.510319,6.15795755386
2019/09/06/14:49:01.514109,6.15835762024
2019/09/06/14:49:01.518092,6.15875768661
2019/09/06/14:49:01.521978,6.15915775299
2019/09/06/14:49:01.526315,6.15955781937
2019/09/06/14:49:01.530240,6.15995788574
2019/09/06/14:49:01.534099,6.16035795212
2019/09/06/14:49:01.537901,6.16075801849
2019/09/06/14:49:01.542052,6.16115808487
2019/09/06/14:49:01.546060,6.16155815125
2019/09/06/14:49:01.550120,6.16195821762
2019/09/06/14:49:01.554264,6.162358284
2019/09/06/14:49:01.558229,6.16275835037
2019/09/06/14:49:01.562143,6.16315841675
2019/09/06/14:49:01.566256,6.16355848312
2019/09/06/14:49:01.570135,6.1639585495
2019/09/06/14:49:01.574157,6.16435861588
2019/09/06/14:49:01.578159,6.16475868225
2019/09/06/14:49:01.582227,6.16515874863
2019/09/06/14:49:01.586149,6.165558815
2019/09/06/14:49:01.590270,6.16595888138
2019/09/06/14:49:01.594179,6.16635894775
2019/09/06/14:49:01.598223,6.16675901413
2019/09/06/14:49:01.601894,6.16715908051
2019/09/06/14:49:01.606011,6.16755914688
2019/09/06/14:49:01.610177,6.16795921326
2019/09/06/14:49:01.614270,6.16835927963
2019/09/06/14:49:01.618223,6.16875934601
2019/09/06/14:49:01.622238,6.16915941238
2019/09/06/14:49:01.626365,6.16955947876
2019/09/06/14:49:01.630276,6.16995954514
2019/09/06/14:49:01.634202,6.17035961151
2019/09/06/14:49:01.638301,6.17075967789
2019/09/06/14:49:01.642102,6.17115974426
2019/09/06/14:49:01.646208,6.17155981064
2019/09/06/14:49:01.650118,6.17195987701
2019/09/06/14:49:01.654042,6.17235994339
2019/09/06/14:49:01.658165,6.17276000977
2019/09/06/14:49:01.662169,6.17316007614
2019/09/06/14:49:01.666149,6.17356014252
2019/09/06/14:49:01.670244,6.17396020889
2019/09/06/14:49:01.673929,6.17436027527
2019/09/06/14:49:01.678038,6.17476034164
2019/09/06/14:49:01.682092,6.17516040802
2019/09/06/14:49:01.685827,6.1755604744
2019/09/06/14:49:01.690080,6.17596054077
2019/09/06/14:49:01.694097,6.17636060715
2019/09/06/14:49:01.698079,6.17676067352
2019/09/06/14:49:01.702122,6.1771607399
2019/09/06/14:49:01.706121,6.17756080627
2019/09/06/14:49:01.710320,6.17796087265
2019/09/06/14:49:01.714278,6.17836093903
2019/09/06/14:49:01.718396,6.1787610054
2019/09/06/14:49:01.722250,6.17916107178
2019/09/06/14:49:01.726165,6.17956113815
2019/09/06/14:49:01.730101,6.17996120453
2019/09/06/14:49:01.734118,6.1803612709
2019/09/06/14:49:01.737890,6.18076133728
2019/09/06/14:49:01.742191,6.18116140366
2019/09/06/14:49:01.746278,6.18156147003
2019/09/06/14:49:01.750120,6.18196153641
2019/09/06/14:49:01.754030,6.18236160278
2019/09/06/14:49:01.758095,6.18276166916
2019/09/06/14:49:01.762125,6.18316173553
2019/09/06/14:49:01.766295,6.18356180191
2019/09/06/14:49:01.770319,6.18396186829
2019/09/06/14:49:01.775580,6.18436193466
2019/09/06/14:49:01.778004,6.18476200104
2019/09/06/14:49:01.782106,6.18516206741
2019/09/06/14:49:01.786079,6.18556213379
2019/09/06/14:49:01.790361,6.18596220016
2019/09/06/14:49:01.794341,6.18636226654
2019/09/06/14:49:01.797867,6.18676233292
2019/09/06/14:49:01.802160,6.18716239929
2019/09/06/14:49:01.806144,6.18756246567
2019/09/06/14:49:01.810313,6.18796253204
2019/09/06/14:49:01.814232,6.18836259842
2019/09/06/14:49:01.818115,6.18876266479
2019/09/06/14:49:01.822096,6.18916273117
2019/09/06/14:49:01.826351,6.18956279755
2019/09/06/14:49:01.830104,6.18996286392
2019/09/06/14:49:01.834265,6.1903629303
2019/09/06/14:49:01.838246,6.19076299667
2019/09/06/14:49:01.842065,6.19116306305
2019/09/06/14:49:01.846064,6.19156312943
2019/09/06/14:49:01.849915,6.1919631958
2019/09/06/14:49:01.854173,6.19236326218
2019/09/06/14:49:01.858095,6.19276332855
2019/09/06/14:49:01.862308,6.19316339493
2019/09/06/14:49:01.866302,6.1935634613
2019/09/06/14:49:01.870284,6.19396352768
2019/09/06/14:49:01.874218,6.19436359406
2019/09/06/14:49:01.878055,6.19476366043
2019/09/06/14:49:01.882118,6.19516372681
2019/09/06/14:49:01.886466,6.19556379318
2019/09/06/14:49:01.889984,6.19596385956
2019/09/06/14:49:01.894133,6.19636392593
2019/09/06/14:49:01.897951,6.19676399231
2019/09/06/14:49:01.902180,6.19716405869
2019/09/06/14:49:01.906200,6.19756412506
2019/09/06/14:49:01.910480,6.19796419144
2019/09/06/14:49:01.914363,6.19836425781
2019/09/06/14:49:01.918243,6.19876432419
2019/09/06/14:49:01.922091,6.19916439056
2019/09/06/14:49:01.926002,6.19956445694
2019/09/06/14:49:01.930304,6.19996452332
2019/09/06/14:49:01.934344,6.20036458969
2019/09/06/14:49:01.938207,6.20076465607
2019/09/06/14:49:01.941993,6.20116472244
2019/09/06/14:49:01.946236,6.20156478882
2019/09/06/14:49:01.950253,6.20196485519
2019/09/06/14:49:01.954059,6.20236492157
2019/09/06/14:49:01.958076,6.20276498795
2019/09/06/14:49:01.961996,6.20316505432
2019/09/06/14:49:01.966119,6.2035651207
2019/09/06/14:49:01.970114,6.20396518707
2019/09/06/14:49:01.974079,6.20436525345
2019/09/06/14:49:01.978247,6.20476531982
2019/09/06/14:49:01.982226,6.2051653862
2019/09/06/14:49:01.986370,6.20556545258
2019/09/06/14:49:01.990072,6.20596551895
2019/09/06/14:49:01.994018,6.20636558533
2019/09/06/14:49:01.998282,6.2067656517
2019/09/06/14:49:02.002100,6.20716571808
2019/09/06/14:49:02.006214,6.20756578445
2019/09/06/14:49:02.010301,6.20796585083
2019/09/06/14:49:02.014209,6.20836591721
2019/09/06/14:49:02.018138,6.20876598358
2019/09/06/14:49:02.022312,6.20916604996
2019/09/06/14:49:02.026343,6.20956611633
2019/09/06/14:49:02.030197,6.20996618271
2019/09/06/14:49:02.034623,6.21036624908
2019/09/06/14:49:02.038219,6.21076631546
2019/09/06/14:49:02.042323,6.21116638184
2019/09/06/14:49:02.046050,6.21156644821
2019/09/06/14:49:02.050177,6.21196651459
2019/09/06/14:49:02.053880,6.21236658096
2019/09/06/14:49:02.058099,6.21276664734
2019/09/06/14:49:02.062157,6.21316671371
2019/09/06/14:49:02.066127,6.21356678009
2019/09/06/14:49:02.070060,6.21396684647
2019/09/06/14:49:02.074076,6.21436691284
2019/09/06/14:49:02.078043,6.21476697922
2019/09/06/14:49:02.082168,6.21516704559
2019/09/06/14:49:02.086133,6.21556711197
2019/09/06/14:49:02.090063,6.21596717834
2019/09/06/14:49:02.094076,6.21636724472
2019/09/06/14:49:02.098146,6.2167673111
2019/09/06/14:49:02.102014,6.21716737747
2019/09/06/14:49:02.106086,6.21756744385
2019/09/06/14:49:02.110151,6.21796751022
2019/09/06/14:49:02.114085,6.2183675766
2019/09/06/14:49:02.118144,6.21876764297
2019/09/06/14:49:02.122178,6.21916770935
2019/09/06/14:49:02.126212,6.21956777573
2019/09/06/14:49:02.130196,6.2199678421
2019/09/06/14:49:02.134106,6.22036790848
2019/09/06/14:49:02.138106,6.22076797485
2019/09/06/14:49:02.142198,6.22116804123
2019/09/06/14:49:02.146105,6.2215681076
2019/09/06/14:49:02.150083,6.22196817398
2019/09/06/14:49:02.154132,6.22236824036
2019/09/06/14:49:02.158118,6.22276830673
2019/09/06/14:49:02.162249,6.22316837311
2019/09/06/14:49:02.166344,6.22356843948
2019/09/06/14:49:02.170003,6.22396850586
2019/09/06/14:49:02.174001,6.22436857224
2019/09/06/14:49:02.178206,6.22476863861
2019/09/06/14:49:02.182149,6.22516870499
2019/09/06/14:49:02.186000,6.22556877136
2019/09/06/14:49:02.190191,6.22596883774
2019/09/06/14:49:02.194286,6.22636890411
2019/09/06/14:49:02.198256,6.22676897049
2019/09/06/14:49:02.202269,6.22716903687
2019/09/06/14:49:02.206307,6.22756910324
2019/09/06/14:49:02.210320,6.22796916962
2019/09/06/14:49:02.214166,6.22836923599
2019/09/06/14:49:02.218163,6.22876930237
2019/09/06/14:49:02.222118,6.22916936874
2019/09/06/14:49:02.226241,6.22956943512
2019/09/06/14:49:02.230240,6.2299695015
2019/09/06/14:49:02.234146,6.23036956787
2019/09/06/14:49:02.238142,6.23076963425
2019/09/06/14:49:02.242085,6.23116970062
2019/09/06/14:49:02.245944,6.231569767
2019/09/06/14:49:02.250182,6.23196983337
2019/09/06/14:49:02.254143,6.23236989975
2019/09/06/14:49:02.258118,6.23276996613
2019/09/06/14:49:02.262197,6.2331700325
2019/09/06/14:49:02.266271,6.23357009888
2019/09/06/14:49:02.270333,6.23397016525
2019/09/06/14:49:02.274021,6.23437023163
2019/09/06/14:49:02.278112,6.234770298
2019/09/06/14:49:02.282081,6.23517036438
2019/09/06/14:49:02.285959,6.23557043076
2019/09/06/14:49:02.290050,6.23597049713
2019/09/06/14:49:02.294241,6.23637056351
2019/09/06/14:49:02.298155,6.23677062988
2019/09/06/14:49:02.302271,6.23717069626
2019/09/06/14:49:02.306238,6.23757076263
2019/09/06/14:49:02.310394,6.23797082901
2019/09/06/14:49:02.314205,6.23837089539
2019/09/06/14:49:02.318113,6.23877096176
2019/09/06/14:49:02.322246,6.23917102814
2019/09/06/14:49:02.326153,6.23957109451
2019/09/06/14:49:02.330261,6.23997116089
2019/09/06/14:49:02.334124,6.24037122726
2019/09/06/14:49:02.338163,6.24077129364
2019/09/06/14:49:02.342347,6.24117136002
2019/09/06/14:49:02.346297,6.24157142639
2019/09/06/14:49:02.350075,6.24197149277
2019/09/06/14:49:02.354109,6.24237155914
2019/09/06/14:49:02.358089,6.24277162552
2019/09/06/14:49:02.362199,6.24317169189
2019/09/06/14:49:02.366437,6.24357175827
2019/09/06/14:49:02.370112,6.24397182465
2019/09/06/14:49:02.374267,6.24437189102
2019/09/06/14:49:02.378021,6.2447719574
2019/09/06/14:49:02.382068,6.24517202377
2019/09/06/14:49:02.386083,6.24557209015
2019/09/06/14:49:02.390092,6.24597215652
2019/09/06/14:49:02.394055,6.2463722229
2019/09/06/14:49:02.398135,6.24677228928
2019/09/06/14:49:02.402159,6.24717235565
2019/09/06/14:49:02.405990,6.24757242203
2019/09/06/14:49:02.410063,6.2479724884
2019/09/06/14:49:02.414074,6.24837255478
2019/09/06/14:49:02.418125,6.24877262115
2019/09/06/14:49:02.422223,6.24917268753
2019/09/06/14:49:02.426132,6.24957275391
2019/09/06/14:49:02.430078,6.24997282028
2019/09/06/14:49:02.434164,6.25037288666
2019/09/06/14:49:02.438109,6.25077295303
2019/09/06/14:49:02.441884,6.25117301941
2019/09/06/14:49:02.446044,6.25157308578
2019/09/06/14:49:02.450140,6.25197315216
2019/09/06/14:49:02.453974,6.25237321854
2019/09/06/14:49:02.457979,6.25277328491
2019/09/06/14:49:02.462022,6.25317335129
2019/09/06/14:49:02.465947,6.25357341766
2019/09/06/14:49:02.470172,6.25397348404
2019/09/06/14:49:02.474028,6.25437355042
2019/09/06/14:49:02.478097,6.25477361679
2019/09/06/14:49:02.482021,6.25517368317
2019/09/06/14:49:02.486378,6.25557374954
2019/09/06/14:49:02.490179,6.25597381592
2019/09/06/14:49:02.494061,6.25637388229
2019/09/06/14:49:02.498217,6.25677394867
2019/09/06/14:49:02.502148,6.25717401505
2019/09/06/14:49:02.506251,6.25757408142
2019/09/06/14:49:02.510342,6.2579741478
2019/09/06/14:49:02.514194,6.25837421417
2019/09/06/14:49:02.518225,6.25877428055
2019/09/06/14:49:02.522200,6.25917434692
2019/09/06/14:49:02.526006,6.2595744133
2019/09/06/14:49:02.529953,6.25997447968
2019/09/06/14:49:02.534184,6.26037454605
2019/09/06/14:49:02.538060,6.26077461243
2019/09/06/14:49:02.542063,6.2611746788
2019/09/06/14:49:02.546009,6.26157474518
2019/09/06/14:49:02.549946,6.26197481155
2019/09/06/14:49:02.553976,6.26237487793
2019/09/06/14:49:02.558081,6.26277494431
2019/09/06/14:49:02.561974,6.26317501068
2019/09/06/14:49:02.566011,6.26357507706
2019/09/06/14:49:02.570105,6.26397514343
2019/09/06/14:49:02.574037,6.26437520981
2019/09/06/14:49:02.578003,6.26477527618
2019/09/06/14:49:02.582162,6.26517534256
2019/09/06/14:49:02.586191,6.26557540894
2019/09/06/14:49:02.590067,6.26597547531
2019/09/06/14:49:02.594031,6.26637554169
2019/09/06/14:49:02.598042,6.26677560806
2019/09/06/14:49:02.602224,6.26717567444
2019/09/06/14:49:02.606212,6.26757574081
2019/09/06/14:49:02.610010,6.26797580719
2019/09/06/14:49:02.614112,6.26837587357
2019/09/06/14:49:02.618101,6.26877593994
2019/09/06/14:49:02.622240,6.26917600632
2019/09/06/14:49:02.626140,6.26957607269
2019/09/06/14:49:02.630236,6.26997613907
2019/09/06/14:49:02.634293,6.27037620544
2019/09/06/14:49:02.638036,6.27077627182
2019/09/06/14:49:02.642152,6.2711763382
2019/09/06/14:49:02.646173,6.27157640457
2019/09/06/14:49:02.650182,6.27197647095
2019/09/06/14:49:02.654329,6.27237653732
2019/09/06/14:49:02.658119,6.2727766037
2019/09/06/14:49:02.662438,6.27317667007
2019/09/06/14:49:02.666113,6.27357673645
2019/09/06/14:49:02.670261,6.27397680283
2019/09/06/14:49:02.674283,6.2743768692
2019/09/06/14:49:02.678155,6.27477693558
2019/09/06/14:49:02.682129,6.27517700195
2019/09/06/14:49:02.685876,6.27557706833
2019/09/06/14:49:02.690189,6.2759771347
2019/09/06/14:49:02.694287,6.27637720108
2019/09/06/14:49:02.698117,6.27677726746
2019/09/06/14:49:02.702303,6.27717733383
2019/09/06/14:49:02.706273,6.27757740021
2019/09/06/14:49:02.710214,6.27797746658
2019/09/06/14:49:02.714272,6.27837753296
2019/09/06/14:49:02.718121,6.27877759933
2019/09/06/14:49:02.722066,6.27917766571
2019/09/06/14:49:02.726301,6.27957773209
2019/09/06/14:49:02.730186,6.27997779846
2019/09/06/14:49:02.734394,6.28037786484
2019/09/06/14:49:02.738016,6.28077793121
2019/09/06/14:49:02.741988,6.28117799759
2019/09/06/14:49:02.746016,6.28157806396
2019/09/06/14:49:02.750063,6.28197813034
2019/09/06/14:49:02.754134,6.28237819672
2019/09/06/14:49:02.758156,6.28277826309
2019/09/06/14:49:02.762216,6.28317832947
2019/09/06/14:49:02.766204,6.28357839584
2019/09/06/14:49:02.770244,6.28397846222
2019/09/06/14:49:02.774173,6.28437852859
2019/09/06/14:49:02.778150,6.28477859497
2019/09/06/14:49:02.782283,6.28517866135
2019/09/06/14:49:02.786322,6.28557872772
2019/09/06/14:49:02.790252,6.2859787941
2019/09/06/14:49:02.794136,6.28637886047
2019/09/06/14:49:02.798327,6.28677892685
2019/09/06/14:49:02.802152,6.28717899323
2019/09/06/14:49:02.806905,6.2875790596
2019/09/06/14:49:02.814858,6.28797912598
2019/09/06/14:49:02.814866,6.28837919235
2019/09/06/14:49:02.817748,6.28877925873
2019/09/06/14:49:02.821885,6.2891793251
2019/09/06/14:49:02.825822,6.28957939148
2019/09/06/14:49:02.829637,6.28997945786
2019/09/06/14:49:02.833628,6.29037952423
2019/09/06/14:49:02.837706,6.29077959061
2019/09/06/14:49:02.841925,6.29117965698
2019/09/06/14:49:02.845674,6.29157972336
2019/09/06/14:49:02.849821,6.29197978973
2019/09/06/14:49:02.853908,6.29237985611
2019/09/06/14:49:02.857754,6.29277992249
2019/09/06/14:49:02.861692,6.29317998886
2019/09/06/14:49:02.865811,6.29358005524
2019/09/06/14:49:02.869889,6.29398012161
2019/09/06/14:49:02.873978,6.29438018799
2019/09/06/14:49:02.877912,6.29478025436
2019/09/06/14:49:02.882079,6.29518032074
2019/09/06/14:49:02.886024,6.29558038712
2019/09/06/14:49:02.889926,6.29598045349
2019/09/06/14:49:02.894092,6.29638051987
2019/09/06/14:49:02.897853,6.29678058624
2019/09/06/14:49:02.901750,6.29718065262
2019/09/06/14:49:02.906034,6.29758071899
2019/09/06/14:49:02.909837,6.29798078537
2019/09/06/14:49:02.913939,6.29838085175
2019/09/06/14:49:02.917662,6.29878091812
2019/09/06/14:49:02.921726,6.2991809845
2019/09/06/14:49:02.925716,6.29958105087
2019/09/06/14:49:02.929658,6.29998111725
2019/09/06/14:49:02.933839,6.30038118362
2019/09/06/14:49:02.937734,6.30078125
2019/09/06/14:49:02.941913,6.30118131638
2019/09/06/14:49:02.946195,6.30158138275
2019/09/06/14:49:02.953205,6.30198144913
2019/09/06/14:49:02.953839,6.3023815155
2019/09/06/14:49:02.957967,6.30278158188
2019/09/06/14:49:02.961740,6.30318164825
2019/09/06/14:49:02.966011,6.30358171463
2019/09/06/14:49:02.969923,6.30398178101
2019/09/06/14:49:02.973717,6.30438184738
2019/09/06/14:49:02.977758,6.30478191376
2019/09/06/14:49:02.981940,6.30518198013
2019/09/06/14:49:02.985687,6.30558204651
2019/09/06/14:49:02.989846,6.30598211288
2019/09/06/14:49:02.993902,6.30638217926
2019/09/06/14:49:02.998030,6.30678224564
2019/09/06/14:49:03.002607,6.30718231201
2019/09/06/14:49:03.005757,6.30758237839
2019/09/06/14:49:03.009808,6.30798244476
2019/09/06/14:49:03.014077,6.30838251114
2019/09/06/14:49:03.017734,6.30878257751
2019/09/06/14:49:03.023778,6.30918264389
2019/09/06/14:49:03.025854,6.30958271027
2019/09/06/14:49:03.029990,6.30998277664
2019/09/06/14:49:03.034060,6.31038284302
2019/09/06/14:49:03.038408,6.31078290939
2019/09/06/14:49:03.042422,6.31118297577
2019/09/06/14:49:03.045758,6.31158304214
2019/09/06/14:49:03.049973,6.31198310852
2019/09/06/14:49:03.053876,6.3123831749
2019/09/06/14:49:03.058096,6.31278324127
2019/09/06/14:49:03.061934,6.31318330765
2019/09/06/14:49:03.065952,6.31358337402
2019/09/06/14:49:03.069907,6.3139834404
2019/09/06/14:49:03.074054,6.31438350677
2019/09/06/14:49:03.077855,6.31478357315
2019/09/06/14:49:03.081856,6.31518363953
2019/09/06/14:49:03.085860,6.3155837059
2019/09/06/14:49:03.090101,6.31598377228
2019/09/06/14:49:03.094122,6.31638383865
2019/09/06/14:49:03.098210,6.31678390503
2019/09/06/14:49:03.102241,6.31718397141
2019/09/06/14:49:03.106293,6.31758403778
2019/09/06/14:49:03.110176,6.31798410416
2019/09/06/14:49:03.114166,6.31838417053
2019/09/06/14:49:03.118138,6.31878423691
2019/09/06/14:49:03.122090,6.31918430328
2019/09/06/14:49:03.126158,6.31958436966
2019/09/06/14:49:03.130165,6.31998443604
2019/09/06/14:49:03.134137,6.32038450241
2019/09/06/14:49:03.138107,6.32078456879
2019/09/06/14:49:03.142297,6.32118463516
2019/09/06/14:49:03.146089,6.32158470154
2019/09/06/14:49:03.150043,6.32198476791
2019/09/06/14:49:03.153933,6.32238483429
2019/09/06/14:49:03.158033,6.32278490067
2019/09/06/14:49:03.161913,6.32318496704
2019/09/06/14:49:03.166099,6.32358503342
2019/09/06/14:49:03.170188,6.32398509979
2019/09/06/14:49:03.174079,6.32438516617
2019/09/06/14:49:03.178234,6.32478523254
2019/09/06/14:49:03.182174,6.32518529892
2019/09/06/14:49:03.186097,6.3255853653
2019/09/06/14:49:03.189975,6.32598543167
2019/09/06/14:49:03.193984,6.32638549805
2019/09/06/14:49:03.198006,6.32678556442
2019/09/06/14:49:03.202000,6.3271856308
2019/09/06/14:49:03.206017,6.32758569717
2019/09/06/14:49:03.210228,6.32798576355
2019/09/06/14:49:03.214385,6.32838582993
2019/09/06/14:49:03.218123,6.3287858963
2019/09/06/14:49:03.222192,6.32918596268
2019/09/06/14:49:03.226171,6.32958602905
2019/09/06/14:49:03.230389,6.32998609543
2019/09/06/14:49:03.234148,6.3303861618
2019/09/06/14:49:03.237924,6.33078622818
2019/09/06/14:49:03.242237,6.33118629456
2019/09/06/14:49:03.246052,6.33158636093
2019/09/06/14:49:03.250226,6.33198642731
2019/09/06/14:49:03.254174,6.33238649368
2019/09/06/14:49:03.258212,6.33278656006
2019/09/06/14:49:03.262273,6.33318662643
2019/09/06/14:49:03.266399,6.33358669281
2019/09/06/14:49:03.270289,6.33398675919
2019/09/06/14:49:03.274303,6.33438682556
2019/09/06/14:49:03.278406,6.33478689194
2019/09/06/14:49:03.282216,6.33518695831
2019/09/06/14:49:03.285946,6.33558702469
2019/09/06/14:49:03.290135,6.33598709106
2019/09/06/14:49:03.294228,6.33638715744
2019/09/06/14:49:03.298179,6.33678722382
2019/09/06/14:49:03.302337,6.33718729019
2019/09/06/14:49:03.306283,6.33758735657
2019/09/06/14:49:03.310207,6.33798742294
2019/09/06/14:49:03.314347,6.33838748932
2019/09/06/14:49:03.318429,6.33878755569
2019/09/06/14:49:03.322142,6.33918762207
2019/09/06/14:49:03.326049,6.33958768845
2019/09/06/14:49:03.330079,6.33998775482
2019/09/06/14:49:03.334042,6.3403878212
2019/09/06/14:49:03.338206,6.34078788757
2019/09/06/14:49:03.342245,6.34118795395
2019/09/06/14:49:03.346346,6.34158802032
2019/09/06/14:49:03.350137,6.3419880867
2019/09/06/14:49:03.354106,6.34238815308
2019/09/06/14:49:03.358114,6.34278821945
2019/09/06/14:49:03.362156,6.34318828583
2019/09/06/14:49:03.366140,6.3435883522
2019/09/06/14:49:03.370190,6.34398841858
2019/09/06/14:49:03.374156,6.34438848495
2019/09/06/14:49:03.378382,6.34478855133
2019/09/06/14:49:03.382320,6.34518861771
2019/09/06/14:49:03.386126,6.34558868408
2019/09/06/14:49:03.390089,6.34598875046
2019/09/06/14:49:03.394144,6.34638881683
2019/09/06/14:49:03.398410,6.34678888321
2019/09/06/14:49:03.402437,6.34718894958
2019/09/06/14:49:03.406323,6.34758901596
2019/09/06/14:49:03.410287,6.34798908234
2019/09/06/14:49:03.414203,6.34838914871
2019/09/06/14:49:03.418132,6.34878921509
2019/09/06/14:49:03.422340,6.34918928146
2019/09/06/14:49:03.426402,6.34958934784
2019/09/06/14:49:03.430300,6.34998941422
2019/09/06/14:49:03.434344,6.35038948059
2019/09/06/14:49:03.438057,6.35078954697
2019/09/06/14:49:03.442129,6.35118961334
2019/09/06/14:49:03.446077,6.35158967972
2019/09/06/14:49:03.450001,6.35198974609
2019/09/06/14:49:03.454049,6.35238981247
2019/09/06/14:49:03.458419,6.35278987885
2019/09/06/14:49:03.462374,6.35318994522
2019/09/06/14:49:03.466137,6.3535900116
2019/09/06/14:49:03.470200,6.35399007797
2019/09/06/14:49:03.474294,6.35439014435
2019/09/06/14:49:03.478536,6.35479021072
2019/09/06/14:49:03.482161,6.3551902771
2019/09/06/14:49:03.486055,6.35559034348
2019/09/06/14:49:03.490212,6.35599040985
2019/09/06/14:49:03.494370,6.35639047623
2019/09/06/14:49:03.498028,6.3567905426
2019/09/06/14:49:03.502122,6.35719060898
2019/09/06/14:49:03.506238,6.35759067535
2019/09/06/14:49:03.510190,6.35799074173
2019/09/06/14:49:03.514280,6.35839080811
2019/09/06/14:49:03.518505,6.35879087448
2019/09/06/14:49:03.522274,6.35919094086
2019/09/06/14:49:03.526173,6.35959100723
2019/09/06/14:49:03.530081,6.35999107361
2019/09/06/14:49:03.534312,6.36039113998
2019/09/06/14:49:03.538063,6.36079120636
2019/09/06/14:49:03.541809,6.36119127274
2019/09/06/14:49:03.546076,6.36159133911
2019/09/06/14:49:03.550234,6.36199140549
2019/09/06/14:49:03.554243,6.36239147186
2019/09/06/14:49:03.558303,6.36279153824
2019/09/06/14:49:03.562262,6.36319160461
2019/09/06/14:49:03.566141,6.36359167099
2019/09/06/14:49:03.570133,6.36399173737
2019/09/06/14:49:03.574185,6.36439180374
2019/09/06/14:49:03.578128,6.36479187012
2019/09/06/14:49:03.582162,6.36519193649
2019/09/06/14:49:03.586174,6.36559200287
2019/09/06/14:49:03.590109,6.36599206924
2019/09/06/14:49:03.594149,6.36639213562
2019/09/06/14:49:03.598069,6.366792202
2019/09/06/14:49:03.602175,6.36719226837
2019/09/06/14:49:03.606207,6.36759233475
2019/09/06/14:49:03.610199,6.36799240112
2019/09/06/14:49:03.614329,6.3683924675
2019/09/06/14:49:03.618416,6.36879253387
2019/09/06/14:49:03.622147,6.36919260025
2019/09/06/14:49:03.626320,6.36959266663
2019/09/06/14:49:03.630043,6.369992733
2019/09/06/14:49:03.634205,6.37039279938
2019/09/06/14:49:03.638199,6.37079286575
2019/09/06/14:49:03.642402,6.37119293213
2019/09/06/14:49:03.646069,6.3715929985
2019/09/06/14:49:03.650187,6.37199306488
2019/09/06/14:49:03.654255,6.37239313126
2019/09/06/14:49:03.658314,6.37279319763
2019/09/06/14:49:03.662139,6.37319326401
2019/09/06/14:49:03.666191,6.37359333038
2019/09/06/14:49:03.670198,6.37399339676
2019/09/06/14:49:03.674216,6.37439346313
2019/09/06/14:49:03.678220,6.37479352951
2019/09/06/14:49:03.682258,6.37519359589
2019/09/06/14:49:03.686206,6.37559366226
2019/09/06/14:49:03.690139,6.37599372864
2019/09/06/14:49:03.694094,6.37639379501
2019/09/06/14:49:03.698166,6.37679386139
2019/09/06/14:49:03.702255,6.37719392776
2019/09/06/14:49:03.706204,6.37759399414
2019/09/06/14:49:03.710281,6.37799406052
2019/09/06/14:49:03.714222,6.37839412689
2019/09/06/14:49:03.718287,6.37879419327
2019/09/06/14:49:03.722215,6.37919425964
2019/09/06/14:49:03.726141,6.37959432602
2019/09/06/14:49:03.730319,6.3799943924
2019/09/06/14:49:03.734285,6.38039445877
2019/09/06/14:49:03.738025,6.38079452515
2019/09/06/14:49:03.742191,6.38119459152
2019/09/06/14:49:03.746231,6.3815946579
2019/09/06/14:49:03.750325,6.38199472427
2019/09/06/14:49:03.754278,6.38239479065
2019/09/06/14:49:03.758190,6.38279485703
2019/09/06/14:49:03.762276,6.3831949234
2019/09/06/14:49:03.766318,6.38359498978
2019/09/06/14:49:03.770271,6.38399505615
2019/09/06/14:49:03.774307,6.38439512253
2019/09/06/14:49:03.778413,6.3847951889
2019/09/06/14:49:03.782372,6.38519525528
2019/09/06/14:49:03.786090,6.38559532166
2019/09/06/14:49:03.790125,6.38599538803
2019/09/06/14:49:03.794051,6.38639545441
2019/09/06/14:49:03.798289,6.38679552078
2019/09/06/14:49:03.802044,6.38719558716
2019/09/06/14:49:03.806095,6.38759565353
2019/09/06/14:49:03.810227,6.38799571991
2019/09/06/14:49:03.814317,6.38839578629
2019/09/06/14:49:03.818225,6.38879585266
2019/09/06/14:49:03.822128,6.38919591904
2019/09/06/14:49:03.826084,6.38959598541
2019/09/06/14:49:03.830171,6.38999605179
2019/09/06/14:49:03.834301,6.39039611816
2019/09/06/14:49:03.838090,6.39079618454
2019/09/06/14:49:03.842205,6.39119625092
2019/09/06/14:49:03.845972,6.39159631729
2019/09/06/14:49:03.850030,6.39199638367
2019/09/06/14:49:03.854046,6.39239645004
2019/09/06/14:49:03.858094,6.39279651642
2019/09/06/14:49:03.862166,6.39319658279
2019/09/06/14:49:03.866195,6.39359664917
2019/09/06/14:49:03.870226,6.39399671555
2019/09/06/14:49:03.874242,6.39439678192
2019/09/06/14:49:03.878308,6.3947968483
2019/09/06/14:49:03.882174,6.39519691467
2019/09/06/14:49:03.885992,6.39559698105
2019/09/06/14:49:03.890065,6.39599704742
2019/09/06/14:49:03.894141,6.3963971138
2019/09/06/14:49:03.898348,6.39679718018
2019/09/06/14:49:03.902092,6.39719724655
2019/09/06/14:49:03.906390,6.39759731293
2019/09/06/14:49:03.910013,6.3979973793
2019/09/06/14:49:03.914337,6.39839744568
2019/09/06/14:49:03.918151,6.39879751205
2019/09/06/14:49:03.922089,6.39919757843
2019/09/06/14:49:03.926110,6.39959764481
2019/09/06/14:49:03.930212,6.39999771118
2019/09/06/14:49:03.934091,6.40039777756
2019/09/06/14:49:03.939599,6.40079784393
2019/09/06/14:49:03.942140,6.40119791031
2019/09/06/14:49:03.946140,6.40159797668
2019/09/06/14:49:03.950172,6.40199804306
2019/09/06/14:49:03.953953,6.40239810944
2019/09/06/14:49:03.957969,6.40279817581
2019/09/06/14:49:03.962126,6.40319824219
2019/09/06/14:49:03.966016,6.40359830856
2019/09/06/14:49:03.970256,6.40399837494
2019/09/06/14:49:03.974176,6.40439844131
2019/09/06/14:49:03.978130,6.40479850769
2019/09/06/14:49:03.982138,6.40519857407
2019/09/06/14:49:03.986246,6.40559864044
2019/09/06/14:49:03.990113,6.40599870682
2019/09/06/14:49:03.993928,6.40639877319
2019/09/06/14:49:03.998154,6.40679883957
2019/09/06/14:49:04.002162,6.40719890594
2019/09/06/14:49:04.006126,6.40759897232
2019/09/06/14:49:04.010015,6.4079990387
2019/09/06/14:49:04.014052,6.40839910507
2019/09/06/14:49:04.018214,6.40879917145
2019/09/06/14:49:04.022235,6.40919923782
2019/09/06/14:49:04.026170,6.4095993042
2019/09/06/14:49:04.030165,6.40999937057
2019/09/06/14:49:04.034099,6.41039943695
2019/09/06/14:49:04.038217,6.41079950333
2019/09/06/14:49:04.041790,6.4111995697
2019/09/06/14:49:04.046091,6.41159963608
2019/09/06/14:49:04.050287,6.41199970245
2019/09/06/14:49:04.054282,6.41239976883
2019/09/06/14:49:04.058272,6.41279983521
2019/09/06/14:49:04.062208,6.41319990158
2019/09/06/14:49:04.066136,6.41359996796
2019/09/06/14:49:04.070399,6.41400003433
2019/09/06/14:49:04.074321,6.41440010071
2019/09/06/14:49:04.078479,6.41480016708
2019/09/06/14:49:04.082100,6.41520023346
2019/09/06/14:49:04.085986,6.41560029984
2019/09/06/14:49:04.090052,6.41600036621
2019/09/06/14:49:04.094190,6.41640043259
2019/09/06/14:49:04.098194,6.41680049896
2019/09/06/14:49:04.101964,6.41720056534
2019/09/06/14:49:04.106048,6.41760063171
2019/09/06/14:49:04.109930,6.41800069809
2019/09/06/14:49:04.114001,6.41840076447
2019/09/06/14:49:04.117960,6.41880083084
2019/09/06/14:49:04.122009,6.41920089722
2019/09/06/14:49:04.126161,6.41960096359
2019/09/06/14:49:04.130092,6.42000102997
2019/09/06/14:49:04.134264,6.42040109634
2019/09/06/14:49:04.138327,6.42080116272
2019/09/06/14:49:04.142176,6.4212012291
2019/09/06/14:49:04.146152,6.42160129547
2019/09/06/14:49:04.150064,6.42200136185
2019/09/06/14:49:04.154060,6.42240142822
2019/09/06/14:49:04.157949,6.4228014946
2019/09/06/14:49:04.162228,6.42320156097
2019/09/06/14:49:04.166086,6.42360162735
2019/09/06/14:49:04.170232,6.42400169373
2019/09/06/14:49:04.174238,6.4244017601
2019/09/06/14:49:04.178195,6.42480182648
2019/09/06/14:49:04.182280,6.42520189285
2019/09/06/14:49:04.186172,6.42560195923
2019/09/06/14:49:04.189920,6.4260020256
2019/09/06/14:49:04.193991,6.42640209198
2019/09/06/14:49:04.198058,6.42680215836
2019/09/06/14:49:04.202237,6.42720222473
2019/09/06/14:49:04.206086,6.42760229111
2019/09/06/14:49:04.210031,6.42800235748
2019/09/06/14:49:04.214018,6.42840242386
2019/09/06/14:49:04.218136,6.42880249023
2019/09/06/14:49:04.222141,6.42920255661
2019/09/06/14:49:04.225983,6.42960262299
2019/09/06/14:49:04.230110,6.43000268936
2019/09/06/14:49:04.234257,6.43040275574
2019/09/06/14:49:04.238152,6.43080282211
2019/09/06/14:49:04.242114,6.43120288849
2019/09/06/14:49:04.246066,6.43160295486
2019/09/06/14:49:04.250173,6.43200302124
2019/09/06/14:49:04.254259,6.43240308762
2019/09/06/14:49:04.258345,6.43280315399
2019/09/06/14:49:04.262393,6.43320322037
2019/09/06/14:49:04.266208,6.43360328674
2019/09/06/14:49:04.270212,6.43400335312
2019/09/06/14:49:04.274317,6.43440341949
2019/09/06/14:49:04.278251,6.43480348587
2019/09/06/14:49:04.282135,6.43520355225
2019/09/06/14:49:04.286302,6.43560361862
2019/09/06/14:49:04.290216,6.436003685
2019/09/06/14:49:04.294365,6.43640375137
2019/09/06/14:49:04.298173,6.43680381775
2019/09/06/14:49:04.302313,6.43720388412
2019/09/06/14:49:04.306129,6.4376039505
2019/09/06/14:49:04.310144,6.43800401688
2019/09/06/14:49:04.314090,6.43840408325
2019/09/06/14:49:04.318245,6.43880414963
2019/09/06/14:49:04.322101,6.439204216
2019/09/06/14:49:04.326072,6.43960428238
2019/09/06/14:49:04.330354,6.44000434875
2019/09/06/14:49:04.334251,6.44040441513
2019/09/06/14:49:04.338302,6.44080448151
2019/09/06/14:49:04.342009,6.44120454788
2019/09/06/14:49:04.346199,6.44160461426
2019/09/06/14:49:04.350298,6.44200468063
2019/09/06/14:49:04.354187,6.44240474701
2019/09/06/14:49:04.358336,6.44280481339
2019/09/06/14:49:04.362163,6.44320487976
2019/09/06/14:49:04.366116,6.44360494614
2019/09/06/14:49:04.370210,6.44400501251
2019/09/06/14:49:04.374120,6.44440507889
2019/09/06/14:49:04.378455,6.44480514526
2019/09/06/14:49:04.382155,6.44520521164
2019/09/06/14:49:04.386101,6.44560527802
2019/09/06/14:49:04.390255,6.44600534439
2019/09/06/14:49:04.394099,6.44640541077
2019/09/06/14:49:04.398258,6.44680547714
2019/09/06/14:49:04.402140,6.44720554352
2019/09/06/14:49:04.405900,6.44760560989
2019/09/06/14:49:04.410178,6.44800567627
2019/09/06/14:49:04.414104,6.44840574265
2019/09/06/14:49:04.418101,6.44880580902
2019/09/06/14:49:04.422103,6.4492058754
2019/09/06/14:49:04.426134,6.44960594177
2019/09/06/14:49:04.430048,6.45000600815
2019/09/06/14:49:04.434317,6.45040607452
2019/09/06/14:49:04.438219,6.4508061409
2019/09/06/14:49:04.442148,6.45120620728
2019/09/06/14:49:04.446160,6.45160627365
2019/09/06/14:49:04.450427,6.45200634003
2019/09/06/14:49:04.454038,6.4524064064
2019/09/06/14:49:04.458223,6.45280647278
2019/09/06/14:49:04.462200,6.45320653915
2019/09/06/14:49:04.466171,6.45360660553
2019/09/06/14:49:04.470229,6.45400667191
2019/09/06/14:49:04.474148,6.45440673828
2019/09/06/14:49:04.478361,6.45480680466
2019/09/06/14:49:04.482041,6.45520687103
2019/09/06/14:49:04.485960,6.45560693741
2019/09/06/14:49:04.490207,6.45600700378
2019/09/06/14:49:04.494277,6.45640707016
2019/09/06/14:49:04.498154,6.45680713654
2019/09/06/14:49:04.502257,6.45720720291
2019/09/06/14:49:04.506229,6.45760726929
2019/09/06/14:49:04.510058,6.45800733566
2019/09/06/14:49:04.514114,6.45840740204
2019/09/06/14:49:04.518166,6.45880746841
2019/09/06/14:49:04.522169,6.45920753479
2019/09/06/14:49:04.526288,6.45960760117
2019/09/06/14:49:04.530515,6.46000766754
2019/09/06/14:49:04.534096,6.46040773392
2019/09/06/14:49:04.538030,6.46080780029
2019/09/06/14:49:04.541858,6.46120786667
2019/09/06/14:49:04.546325,6.46160793304
2019/09/06/14:49:04.550276,6.46200799942
2019/09/06/14:49:04.554302,6.4624080658
2019/09/06/14:49:04.558028,6.46280813217
2019/09/06/14:49:04.562228,6.46320819855
2019/09/06/14:49:04.566124,6.46360826492
2019/09/06/14:49:04.570208,6.4640083313
2019/09/06/14:49:04.574193,6.46440839767
2019/09/06/14:49:04.578047,6.46480846405
2019/09/06/14:49:04.582372,6.46520853043
2019/09/06/14:49:04.586149,6.4656085968
2019/09/06/14:49:04.590130,6.46600866318
2019/09/06/14:49:04.594079,6.46640872955
2019/09/06/14:49:04.598304,6.46680879593
2019/09/06/14:49:04.602079,6.4672088623
2019/09/06/14:49:04.606171,6.46760892868
2019/09/06/14:49:04.610115,6.46800899506
2019/09/06/14:49:04.614014,6.46840906143
2019/09/06/14:49:04.618090,6.46880912781
2019/09/06/14:49:04.622010,6.46920919418
2019/09/06/14:49:04.626089,6.46960926056
2019/09/06/14:49:04.630064,6.47000932693
2019/09/06/14:49:04.634243,6.47040939331
2019/09/06/14:49:04.638114,6.47080945969
2019/09/06/14:49:04.642296,6.47120952606
2019/09/06/14:49:04.646198,6.47160959244
2019/09/06/14:49:04.650098,6.47200965881
2019/09/06/14:49:04.654121,6.47240972519
2019/09/06/14:49:04.657969,6.47280979156
2019/09/06/14:49:04.662310,6.47320985794
2019/09/06/14:49:04.666558,6.47360992432
2019/09/06/14:49:04.670298,6.47400999069
2019/09/06/14:49:04.674272,6.47441005707
2019/09/06/14:49:04.678085,6.47481012344
2019/09/06/14:49:04.682185,6.47521018982
2019/09/06/14:49:04.686050,6.4756102562
2019/09/06/14:49:04.690271,6.47601032257
2019/09/06/14:49:04.694091,6.47641038895
2019/09/06/14:49:04.698514,6.47681045532
2019/09/06/14:49:04.702068,6.4772105217
2019/09/06/14:49:04.705970,6.47761058807
2019/09/06/14:49:04.710072,6.47801065445
2019/09/06/14:49:04.714012,6.47841072083
2019/09/06/14:49:04.718013,6.4788107872
2019/09/06/14:49:04.721989,6.47921085358
2019/09/06/14:49:04.726041,6.47961091995
2019/09/06/14:49:04.730027,6.48001098633
2019/09/06/14:49:04.733885,6.4804110527
2019/09/06/14:49:04.738246,6.48081111908
2019/09/06/14:49:04.742003,6.48121118546
2019/09/06/14:49:04.746085,6.48161125183
2019/09/06/14:49:04.750284,6.48201131821
2019/09/06/14:49:04.754261,6.48241138458
2019/09/06/14:49:04.758306,6.48281145096
2019/09/06/14:49:04.762239,6.48321151733
2019/09/06/14:49:04.766140,6.48361158371
2019/09/06/14:49:04.770247,6.48401165009
2019/09/06/14:49:04.774196,6.48441171646
2019/09/06/14:49:04.778172,6.48481178284
2019/09/06/14:49:04.782113,6.48521184921
2019/09/06/14:49:04.785960,6.48561191559
2019/09/06/14:49:04.790066,6.48601198196
2019/09/06/14:49:04.794044,6.48641204834
2019/09/06/14:49:04.798206,6.48681211472
2019/09/06/14:49:04.802245,6.48721218109
2019/09/06/14:49:04.806103,6.48761224747
2019/09/06/14:49:04.810150,6.48801231384
2019/09/06/14:49:04.814008,6.48841238022
2019/09/06/14:49:04.818124,6.48881244659
2019/09/06/14:49:04.822232,6.48921251297
2019/09/06/14:49:04.826301,6.48961257935
2019/09/06/14:49:04.830310,6.49001264572
2019/09/06/14:49:04.834333,6.4904127121
2019/09/06/14:49:04.838155,6.49081277847
2019/09/06/14:49:04.842221,6.49121284485
2019/09/06/14:49:04.846127,6.49161291122
2019/09/06/14:49:04.850357,6.4920129776
2019/09/06/14:49:04.854211,6.49241304398
2019/09/06/14:49:04.858141,6.49281311035
2019/09/06/14:49:04.862030,6.49321317673
2019/09/06/14:49:04.866193,6.4936132431
2019/09/06/14:49:04.870199,6.49401330948
2019/09/06/14:49:04.874243,6.49441337585
2019/09/06/14:49:04.878111,6.49481344223
2019/09/06/14:49:04.882109,6.49521350861
2019/09/06/14:49:04.886284,6.49561357498
2019/09/06/14:49:04.890115,6.49601364136
2019/09/06/14:49:04.894390,6.49641370773
2019/09/06/14:49:04.898155,6.49681377411
2019/09/06/14:49:04.902250,6.49721384048
2019/09/06/14:49:04.906117,6.49761390686
2019/09/06/14:49:04.910151,6.49801397324
2019/09/06/14:49:04.914214,6.49841403961
2019/09/06/14:49:04.918061,6.49881410599
2019/09/06/14:49:04.922026,6.49921417236
2019/09/06/14:49:04.926236,6.49961423874
2019/09/06/14:49:04.930497,6.50001430511
2019/09/06/14:49:04.934358,6.50041437149
2019/09/06/14:49:04.938196,6.50081443787
2019/09/06/14:49:04.941770,6.50121450424
2019/09/06/14:49:04.946179,6.50161457062
2019/09/06/14:49:04.950196,6.50201463699
2019/09/06/14:49:04.954197,6.50241470337
2019/09/06/14:49:04.958286,6.50281476974
2019/09/06/14:49:04.962069,6.50321483612
2019/09/06/14:49:04.966439,6.5036149025
2019/09/06/14:49:04.970131,6.50401496887
2019/09/06/14:49:04.974122,6.50441503525
2019/09/06/14:49:04.978140,6.50481510162
2019/09/06/14:49:04.982067,6.505215168
2019/09/06/14:49:04.986054,6.50561523438
2019/09/06/14:49:04.990034,6.50601530075
2019/09/06/14:49:04.994095,6.50641536713
2019/09/06/14:49:04.998227,6.5068154335
2019/09/06/14:49:05.002394,6.50721549988
2019/09/06/14:49:05.006274,6.50761556625
2019/09/06/14:49:05.010159,6.50801563263
2019/09/06/14:49:05.014043,6.50841569901
2019/09/06/14:49:05.018075,6.50881576538
2019/09/06/14:49:05.022460,6.50921583176
2019/09/06/14:49:05.026234,6.50961589813
2019/09/06/14:49:05.030208,6.51001596451
2019/09/06/14:49:05.034275,6.51041603088
2019/09/06/14:49:05.038308,6.51081609726
2019/09/06/14:49:05.042277,6.51121616364
2019/09/06/14:49:05.046082,6.51161623001
2019/09/06/14:49:05.050109,6.51201629639
2019/09/06/14:49:05.054180,6.51241636276
2019/09/06/14:49:05.058179,6.51281642914
2019/09/06/14:49:05.062376,6.51321649551
2019/09/06/14:49:05.066231,6.51361656189
2019/09/06/14:49:05.070421,6.51401662827
2019/09/06/14:49:05.074160,6.51441669464
2019/09/06/14:49:05.078160,6.51481676102
2019/09/06/14:49:05.082333,6.51521682739
2019/09/06/14:49:05.086195,6.51561689377
2019/09/06/14:49:05.090157,6.51601696014
2019/09/06/14:49:05.094155,6.51641702652
2019/09/06/14:49:05.098074,6.5168170929
2019/09/06/14:49:05.102013,6.51721715927
2019/09/06/14:49:05.106344,6.51761722565
2019/09/06/14:49:05.110551,6.51801729202
2019/09/06/14:49:05.114471,6.5184173584
2019/09/06/14:49:05.118132,6.51881742477
2019/09/06/14:49:05.122201,6.51921749115
2019/09/06/14:49:05.126240,6.51961755753
2019/09/06/14:49:05.130249,6.5200176239
2019/09/06/14:49:05.134172,6.52041769028
2019/09/06/14:49:05.138165,6.52081775665
2019/09/06/14:49:05.142008,6.52121782303
2019/09/06/14:49:05.146091,6.5216178894
2019/09/06/14:49:05.150100,6.52201795578
2019/09/06/14:49:05.154142,6.52241802216
2019/09/06/14:49:05.158359,6.52281808853
2019/09/06/14:49:05.162181,6.52321815491
2019/09/06/14:49:05.166058,6.52361822128
2019/09/06/14:49:05.170193,6.52401828766
2019/09/06/14:49:05.174557,6.52441835403
2019/09/06/14:49:05.178235,6.52481842041
2019/09/06/14:49:05.182122,6.52521848679
2019/09/06/14:49:05.186158,6.52561855316
2019/09/06/14:49:05.190161,6.52601861954
2019/09/06/14:49:05.194076,6.52641868591
2019/09/06/14:49:05.198111,6.52681875229
2019/09/06/14:49:05.202187,6.52721881866
2019/09/06/14:49:05.206259,6.52761888504
2019/09/06/14:49:05.210118,6.52801895142
2019/09/06/14:49:05.213986,6.52841901779
2019/09/06/14:49:05.218358,6.52881908417
2019/09/06/14:49:05.222130,6.52921915054
2019/09/06/14:49:05.226178,6.52961921692
2019/09/06/14:49:05.230214,6.53001928329
2019/09/06/14:49:05.234473,6.53041934967
2019/09/06/14:49:05.238195,6.53081941605
2019/09/06/14:49:05.242098,6.53121948242
2019/09/06/14:49:05.245976,6.5316195488
2019/09/06/14:49:05.250130,6.53201961517
2019/09/06/14:49:05.254199,6.53241968155
2019/09/06/14:49:05.258230,6.53281974792
2019/09/06/14:49:05.262243,6.5332198143
2019/09/06/14:49:05.265940,6.53361988068
2019/09/06/14:49:05.269985,6.53401994705
2019/09/06/14:49:05.273969,6.53442001343
2019/09/06/14:49:05.277991,6.5348200798
2019/09/06/14:49:05.282142,6.53522014618
2019/09/06/14:49:05.286284,6.53562021255
2019/09/06/14:49:05.290359,6.53602027893
2019/09/06/14:49:05.294157,6.53642034531
2019/09/06/14:49:05.298025,6.53682041168
2019/09/06/14:49:05.302082,6.53722047806
2019/09/06/14:49:05.306030,6.53762054443
2019/09/06/14:49:05.310079,6.53802061081
2019/09/06/14:49:05.314155,6.53842067719
2019/09/06/14:49:05.318109,6.53882074356
2019/09/06/14:49:05.322464,6.53922080994
2019/09/06/14:49:05.326178,6.53962087631
2019/09/06/14:49:05.330004,6.54002094269
2019/09/06/14:49:05.334006,6.54042100906
2019/09/06/14:49:05.337952,6.54082107544
2019/09/06/14:49:05.342178,6.54122114182
2019/09/06/14:49:05.346104,6.54162120819
2019/09/06/14:49:05.350135,6.54202127457
2019/09/06/14:49:05.354188,6.54242134094
2019/09/06/14:49:05.358083,6.54282140732
2019/09/06/14:49:05.362184,6.54322147369
2019/09/06/14:49:05.366172,6.54362154007
2019/09/06/14:49:05.370066,6.54402160645
2019/09/06/14:49:05.374078,6.54442167282
2019/09/06/14:49:05.378191,6.5448217392
2019/09/06/14:49:05.382053,6.54522180557
2019/09/06/14:49:05.385833,6.54562187195
2019/09/06/14:49:05.389950,6.54602193832
2019/09/06/14:49:05.394263,6.5464220047
2019/09/06/14:49:05.398315,6.54682207108
2019/09/06/14:49:05.402143,6.54722213745
2019/09/06/14:49:05.406103,6.54762220383
2019/09/06/14:49:05.410116,6.5480222702
2019/09/06/14:49:05.413943,6.54842233658
2019/09/06/14:49:05.418136,6.54882240295
2019/09/06/14:49:05.422131,6.54922246933
2019/09/06/14:49:05.426048,6.54962253571
2019/09/06/14:49:05.430049,6.55002260208
2019/09/06/14:49:05.434379,6.55042266846
2019/09/06/14:49:05.438320,6.55082273483
2019/09/06/14:49:05.442261,6.55122280121
2019/09/06/14:49:05.446000,6.55162286758
2019/09/06/14:49:05.450252,6.55202293396
2019/09/06/14:49:05.454251,6.55242300034
2019/09/06/14:49:05.458214,6.55282306671
2019/09/06/14:49:05.462245,6.55322313309
2019/09/06/14:49:05.466391,6.55362319946
2019/09/06/14:49:05.470294,6.55402326584
2019/09/06/14:49:05.474275,6.55442333221
2019/09/06/14:49:05.478373,6.55482339859
2019/09/06/14:49:05.482332,6.55522346497
2019/09/06/14:49:05.486177,6.55562353134
2019/09/06/14:49:05.490300,6.55602359772
2019/09/06/14:49:05.494147,6.55642366409
2019/09/06/14:49:05.498115,6.55682373047
2019/09/06/14:49:05.502056,6.55722379684
2019/09/06/14:49:05.506260,6.55762386322
2019/09/06/14:49:05.510105,6.5580239296
2019/09/06/14:49:05.514240,6.55842399597
2019/09/06/14:49:05.518366,6.55882406235
2019/09/06/14:49:05.522287,6.55922412872
2019/09/06/14:49:05.526099,6.5596241951
2019/09/06/14:49:05.530308,6.56002426147
2019/09/06/14:49:05.534236,6.56042432785
2019/09/06/14:49:05.538433,6.56082439423
2019/09/06/14:49:05.541934,6.5612244606
2019/09/06/14:49:05.546212,6.56162452698
2019/09/06/14:49:05.550434,6.56202459335
2019/09/06/14:49:05.554169,6.56242465973
2019/09/06/14:49:05.557941,6.5628247261
2019/09/06/14:49:05.561916,6.56322479248
2019/09/06/14:49:05.566096,6.56362485886
2019/09/06/14:49:05.570065,6.56402492523
2019/09/06/14:49:05.574112,6.56442499161
2019/09/06/14:49:05.578137,6.56482505798
2019/09/06/14:49:05.582212,6.56522512436
2019/09/06/14:49:05.586255,6.56562519073
2019/09/06/14:49:05.590254,6.56602525711
2019/09/06/14:49:05.594127,6.56642532349
2019/09/06/14:49:05.598270,6.56682538986
2019/09/06/14:49:05.602231,6.56722545624
2019/09/06/14:49:05.606196,6.56762552261
2019/09/06/14:49:05.610513,6.56802558899
2019/09/06/14:49:05.614387,6.56842565536
2019/09/06/14:49:05.618288,6.56882572174
2019/09/06/14:49:05.622207,6.56922578812
2019/09/06/14:49:05.626266,6.56962585449
2019/09/06/14:49:05.630346,6.57002592087
2019/09/06/14:49:05.634262,6.57042598724
2019/09/06/14:49:05.638075,6.57082605362
2019/09/06/14:49:05.642242,6.57122612
2019/09/06/14:49:05.646158,6.57162618637
2019/09/06/14:49:05.650133,6.57202625275
2019/09/06/14:49:05.654384,6.57242631912
2019/09/06/14:49:05.658305,6.5728263855
2019/09/06/14:49:05.662298,6.57322645187
2019/09/06/14:49:05.666204,6.57362651825
2019/09/06/14:49:05.670252,6.57402658463
2019/09/06/14:49:05.674283,6.574426651
2019/09/06/14:49:05.678175,6.57482671738
2019/09/06/14:49:05.682323,6.57522678375
2019/09/06/14:49:05.686189,6.57562685013
2019/09/06/14:49:05.690235,6.5760269165
2019/09/06/14:49:05.694255,6.57642698288
2019/09/06/14:49:05.698371,6.57682704926
2019/09/06/14:49:05.702098,6.57722711563
2019/09/06/14:49:05.705977,6.57762718201
2019/09/06/14:49:05.710083,6.57802724838
2019/09/06/14:49:05.714270,6.57842731476
2019/09/06/14:49:05.718302,6.57882738113
2019/09/06/14:49:05.722050,6.57922744751
2019/09/06/14:49:05.726159,6.57962751389
2019/09/06/14:49:05.730145,6.58002758026
2019/09/06/14:49:05.734221,6.58042764664
2019/09/06/14:49:05.738074,6.58082771301
2019/09/06/14:49:05.742057,6.58122777939
2019/09/06/14:49:05.746300,6.58162784576
2019/09/06/14:49:05.750207,6.58202791214
2019/09/06/14:49:05.754300,6.58242797852
2019/09/06/14:49:05.758384,6.58282804489
2019/09/06/14:49:05.762024,6.58322811127
2019/09/06/14:49:05.766136,6.58362817764
2019/09/06/14:49:05.770210,6.58402824402
2019/09/06/14:49:05.774096,6.58442831039
2019/09/06/14:49:05.778152,6.58482837677
2019/09/06/14:49:05.782243,6.58522844315
2019/09/06/14:49:05.786165,6.58562850952
2019/09/06/14:49:05.790255,6.5860285759
2019/09/06/14:49:05.794168,6.58642864227
2019/09/06/14:49:05.798254,6.58682870865
2019/09/06/14:49:05.802045,6.58722877502
2019/09/06/14:49:05.806259,6.5876288414
2019/09/06/14:49:05.810345,6.58802890778
2019/09/06/14:49:05.814231,6.58842897415
2019/09/06/14:49:05.818114,6.58882904053
2019/09/06/14:49:05.822100,6.5892291069
2019/09/06/14:49:05.826293,6.58962917328
2019/09/06/14:49:05.830226,6.59002923965
2019/09/06/14:49:05.834230,6.59042930603
2019/09/06/14:49:05.838349,6.59082937241
2019/09/06/14:49:05.842315,6.59122943878
2019/09/06/14:49:05.846100,6.59162950516
2019/09/06/14:49:05.850233,6.59202957153
2019/09/06/14:49:05.854164,6.59242963791
2019/09/06/14:49:05.858365,6.59282970428
2019/09/06/14:49:05.862365,6.59322977066
2019/09/06/14:49:05.865983,6.59362983704
2019/09/06/14:49:05.870047,6.59402990341
2019/09/06/14:49:05.874001,6.59442996979
2019/09/06/14:49:05.878207,6.59483003616
2019/09/06/14:49:05.882296,6.59523010254
2019/09/06/14:49:05.886365,6.59563016891
2019/09/06/14:49:05.890286,6.59603023529
2019/09/06/14:49:05.894253,6.59643030167
2019/09/06/14:49:05.898226,6.59683036804
2019/09/06/14:49:05.902105,6.59723043442
2019/09/06/14:49:05.906289,6.59763050079
2019/09/06/14:49:05.910083,6.59803056717
2019/09/06/14:49:05.914128,6.59843063354
2019/09/06/14:49:05.918205,6.59883069992
2019/09/06/14:49:05.922045,6.5992307663
2019/09/06/14:49:05.926233,6.59963083267
2019/09/06/14:49:05.930146,6.60003089905
2019/09/06/14:49:05.934136,6.60043096542
2019/09/06/14:49:05.938425,6.6008310318
2019/09/06/14:49:05.942317,6.60123109818
2019/09/06/14:49:05.946254,6.60163116455
2019/09/06/14:49:05.950165,6.60203123093
2019/09/06/14:49:05.954096,6.6024312973
2019/09/06/14:49:05.958250,6.60283136368
2019/09/06/14:49:05.962370,6.60323143005
2019/09/06/14:49:05.966364,6.60363149643
2019/09/06/14:49:05.970018,6.60403156281
2019/09/06/14:49:05.974190,6.60443162918
2019/09/06/14:49:05.978151,6.60483169556
2019/09/06/14:49:05.982211,6.60523176193
2019/09/06/14:49:05.986292,6.60563182831
2019/09/06/14:49:05.990201,6.60603189468
2019/09/06/14:49:05.994076,6.60643196106
2019/09/06/14:49:05.998277,6.60683202744
2019/09/06/14:49:06.001984,6.60723209381
2019/09/06/14:49:06.006123,6.60763216019
2019/09/06/14:49:06.010190,6.60803222656
2019/09/06/14:49:06.014189,6.60843229294
2019/09/06/14:49:06.018197,6.60883235931
2019/09/06/14:49:06.022171,6.60923242569
2019/09/06/14:49:06.026251,6.60963249207
2019/09/06/14:49:06.030074,6.61003255844
2019/09/06/14:49:06.034038,6.61043262482
2019/09/06/14:49:06.038268,6.61083269119
2019/09/06/14:49:06.042183,6.61123275757
2019/09/06/14:49:06.046169,6.61163282394
2019/09/06/14:49:06.050350,6.61203289032
2019/09/06/14:49:06.054258,6.6124329567
2019/09/06/14:49:06.058586,6.61283302307
2019/09/06/14:49:06.062366,6.61323308945
2019/09/06/14:49:06.066118,6.61363315582
2019/09/06/14:49:06.070194,6.6140332222
2019/09/06/14:49:06.074160,6.61443328857
2019/09/06/14:49:06.078242,6.61483335495
2019/09/06/14:49:06.082428,6.61523342133
2019/09/06/14:49:06.086116,6.6156334877
2019/09/06/14:49:06.090158,6.61603355408
2019/09/06/14:49:06.094121,6.61643362045
2019/09/06/14:49:06.098190,6.61683368683
2019/09/06/14:49:06.102362,6.6172337532
2019/09/06/14:49:06.106224,6.61763381958
2019/09/06/14:49:06.110190,6.61803388596
2019/09/06/14:49:06.114266,6.61843395233
2019/09/06/14:49:06.118204,6.61883401871
2019/09/06/14:49:06.122156,6.61923408508
2019/09/06/14:49:06.126137,6.61963415146
2019/09/06/14:49:06.130214,6.62003421783
2019/09/06/14:49:06.134331,6.62043428421
2019/09/06/14:49:06.138266,6.62083435059
2019/09/06/14:49:06.142214,6.62123441696
2019/09/06/14:49:06.146139,6.62163448334
2019/09/06/14:49:06.150105,6.62203454971
2019/09/06/14:49:06.154136,6.62243461609
2019/09/06/14:49:06.158158,6.62283468246
2019/09/06/14:49:06.162129,6.62323474884
2019/09/06/14:49:06.166167,6.62363481522
2019/09/06/14:49:06.170152,6.62403488159
2019/09/06/14:49:06.174032,6.62443494797
2019/09/06/14:49:06.178157,6.62483501434
2019/09/06/14:49:06.182122,6.62523508072
2019/09/06/14:49:06.186153,6.62563514709
2019/09/06/14:49:06.190088,6.62603521347
2019/09/06/14:49:06.194096,6.62643527985
2019/09/06/14:49:06.198118,6.62683534622
2019/09/06/14:49:06.202179,6.6272354126
2019/09/06/14:49:06.206084,6.62763547897
2019/09/06/14:49:06.210350,6.62803554535
2019/09/06/14:49:06.214289,6.62843561172
2019/09/06/14:49:06.218258,6.6288356781
2019/09/06/14:49:06.222074,6.62923574448
2019/09/06/14:49:06.226176,6.62963581085
2019/09/06/14:49:06.230409,6.63003587723
2019/09/06/14:49:06.234091,6.6304359436
2019/09/06/14:49:06.238351,6.63083600998
2019/09/06/14:49:06.242214,6.63123607635
2019/09/06/14:49:06.246228,6.63163614273
2019/09/06/14:49:06.250523,6.63203620911
2019/09/06/14:49:06.254097,6.63243627548
2019/09/06/14:49:06.258363,6.63283634186
2019/09/06/14:49:06.262223,6.63323640823
2019/09/06/14:49:06.266274,6.63363647461
2019/09/06/14:49:06.270165,6.63403654099
2019/09/06/14:49:06.274135,6.63443660736
2019/09/06/14:49:06.278216,6.63483667374
2019/09/06/14:49:06.282288,6.63523674011
2019/09/06/14:49:06.286176,6.63563680649
2019/09/06/14:49:06.290169,6.63603687286
2019/09/06/14:49:06.294277,6.63643693924
2019/09/06/14:49:06.298150,6.63683700562
2019/09/06/14:49:06.302167,6.63723707199
2019/09/06/14:49:06.306265,6.63763713837
2019/09/06/14:49:06.310269,6.63803720474
2019/09/06/14:49:06.314152,6.63843727112
2019/09/06/14:49:06.318028,6.63883733749
2019/09/06/14:49:06.322180,6.63923740387
2019/09/06/14:49:06.325959,6.63963747025
2019/09/06/14:49:06.330300,6.64003753662
2019/09/06/14:49:06.334091,6.640437603
2019/09/06/14:49:06.338351,6.64083766937
2019/09/06/14:49:06.342177,6.64123773575
2019/09/06/14:49:06.345998,6.64163780212
2019/09/06/14:49:06.350155,6.6420378685
2019/09/06/14:49:06.354064,6.64243793488
2019/09/06/14:49:06.358176,6.64283800125
2019/09/06/14:49:06.361995,6.64323806763
2019/09/06/14:49:06.366080,6.643638134
2019/09/06/14:49:06.370119,6.64403820038
2019/09/06/14:49:06.374245,6.64443826675
2019/09/06/14:49:06.378012,6.64483833313
2019/09/06/14:49:06.382016,6.64523839951
2019/09/06/14:49:06.386020,6.64563846588
2019/09/06/14:49:06.390004,6.64603853226
2019/09/06/14:49:06.394115,6.64643859863
2019/09/06/14:49:06.398006,6.64683866501
2019/09/06/14:49:06.402032,6.64723873138
2019/09/06/14:49:06.406114,6.64763879776
2019/09/06/14:49:06.410138,6.64803886414
2019/09/06/14:49:06.414151,6.64843893051
2019/09/06/14:49:06.418101,6.64883899689
2019/09/06/14:49:06.422024,6.64923906326
2019/09/06/14:49:06.426138,6.64963912964
2019/09/06/14:49:06.430246,6.65003919601
2019/09/06/14:49:06.434338,6.65043926239
2019/09/06/14:49:06.438353,6.65083932877
2019/09/06/14:49:06.442319,6.65123939514
2019/09/06/14:49:06.446136,6.65163946152
2019/09/06/14:49:06.450135,6.65203952789
2019/09/06/14:49:06.454211,6.65243959427
2019/09/06/14:49:06.458142,6.65283966064
2019/09/06/14:49:06.462122,6.65323972702
2019/09/06/14:49:06.466188,6.6536397934
2019/09/06/14:49:06.470208,6.65403985977
2019/09/06/14:49:06.474578,6.65443992615
2019/09/06/14:49:06.478261,6.65483999252
2019/09/06/14:49:06.482274,6.6552400589
2019/09/06/14:49:06.486070,6.65564012527
2019/09/06/14:49:06.490100,6.65604019165
2019/09/06/14:49:06.494174,6.65644025803
2019/09/06/14:49:06.498105,6.6568403244
2019/09/06/14:49:06.502336,6.65724039078
2019/09/06/14:49:06.506177,6.65764045715
2019/09/06/14:49:06.510346,6.65804052353
2019/09/06/14:49:06.514178,6.6584405899
2019/09/06/14:49:06.518130,6.65884065628
2019/09/06/14:49:06.522130,6.65924072266
2019/09/06/14:49:06.526273,6.65964078903
2019/09/06/14:49:06.530554,6.66004085541
2019/09/06/14:49:06.534154,6.66044092178
2019/09/06/14:49:06.538142,6.66084098816
2019/09/06/14:49:06.541844,6.66124105453
2019/09/06/14:49:06.546097,6.66164112091
2019/09/06/14:49:06.550052,6.66204118729
2019/09/06/14:49:06.554095,6.66244125366
2019/09/06/14:49:06.558154,6.66284132004
2019/09/06/14:49:06.562176,6.66324138641
2019/09/06/14:49:06.566281,6.66364145279
2019/09/06/14:49:06.570327,6.66404151917
2019/09/06/14:49:06.574245,6.66444158554
2019/09/06/14:49:06.578122,6.66484165192
2019/09/06/14:49:06.582269,6.66524171829
2019/09/06/14:49:06.586130,6.66564178467
2019/09/06/14:49:06.590208,6.66604185104
2019/09/06/14:49:06.594227,6.66644191742
2019/09/06/14:49:06.598090,6.6668419838
2019/09/06/14:49:06.602080,6.66724205017
2019/09/06/14:49:06.606023,6.66764211655
2019/09/06/14:49:06.610178,6.66804218292
2019/09/06/14:49:06.614226,6.6684422493
2019/09/06/14:49:06.618508,6.66884231567
2019/09/06/14:49:06.622234,6.66924238205
2019/09/06/14:49:06.626245,6.66964244843
2019/09/06/14:49:06.630137,6.6700425148
2019/09/06/14:49:06.634256,6.67044258118
2019/09/06/14:49:06.638075,6.67084264755
2019/09/06/14:49:06.642179,6.67124271393
2019/09/06/14:49:06.646306,6.6716427803
2019/09/06/14:49:06.650215,6.67204284668
2019/09/06/14:49:06.654271,6.67244291306
2019/09/06/14:49:06.658239,6.67284297943
2019/09/06/14:49:06.662163,6.67324304581
2019/09/06/14:49:06.666181,6.67364311218
2019/09/06/14:49:06.670146,6.67404317856
2019/09/06/14:49:06.674377,6.67444324493
2019/09/06/14:49:06.678305,6.67484331131
2019/09/06/14:49:06.682376,6.67524337769
2019/09/06/14:49:06.686106,6.67564344406
2019/09/06/14:49:06.690237,6.67604351044
2019/09/06/14:49:06.694171,6.67644357681
2019/09/06/14:49:06.698272,6.67684364319
2019/09/06/14:49:06.702437,6.67724370956
2019/09/06/14:49:06.706268,6.67764377594
2019/09/06/14:49:06.710311,6.67804384232
2019/09/06/14:49:06.714368,6.67844390869
2019/09/06/14:49:06.718208,6.67884397507
2019/09/06/14:49:06.722155,6.67924404144
2019/09/06/14:49:06.726225,6.67964410782
2019/09/06/14:49:06.730323,6.68004417419
2019/09/06/14:49:06.734130,6.68044424057
2019/09/06/14:49:06.738395,6.68084430695
2019/09/06/14:49:06.742271,6.68124437332
2019/09/06/14:49:06.746137,6.6816444397
2019/09/06/14:49:06.750274,6.68204450607
2019/09/06/14:49:06.754111,6.68244457245
2019/09/06/14:49:06.758170,6.68284463882
2019/09/06/14:49:06.762114,6.6832447052
2019/09/06/14:49:06.766138,6.68364477158
2019/09/06/14:49:06.770157,6.68404483795
2019/09/06/14:49:06.774320,6.68444490433
2019/09/06/14:49:06.778404,6.6848449707
2019/09/06/14:49:06.782239,6.68524503708
2019/09/06/14:49:06.786119,6.68564510345
2019/09/06/14:49:06.790150,6.68604516983
2019/09/06/14:49:06.794195,6.68644523621
2019/09/06/14:49:06.798010,6.68684530258
2019/09/06/14:49:06.802306,6.68724536896
2019/09/06/14:49:06.806366,6.68764543533
2019/09/06/14:49:06.810192,6.68804550171
2019/09/06/14:49:06.814091,6.68844556808
2019/09/06/14:49:06.818083,6.68884563446
2019/09/06/14:49:06.822303,6.68924570084
2019/09/06/14:49:06.826161,6.68964576721
2019/09/06/14:49:06.830214,6.69004583359
2019/09/06/14:49:06.834204,6.69044589996
2019/09/06/14:49:06.837888,6.69084596634
2019/09/06/14:49:06.842173,6.69124603271
2019/09/06/14:49:06.846318,6.69164609909
2019/09/06/14:49:06.850180,6.69204616547
2019/09/06/14:49:06.854209,6.69244623184
2019/09/06/14:49:06.858381,6.69284629822
2019/09/06/14:49:06.862233,6.69324636459
2019/09/06/14:49:06.866169,6.69364643097
2019/09/06/14:49:06.870186,6.69404649734
2019/09/06/14:49:06.874238,6.69444656372
2019/09/06/14:49:06.878226,6.6948466301
2019/09/06/14:49:06.882365,6.69524669647
2019/09/06/14:49:06.886032,6.69564676285
2019/09/06/14:49:06.890155,6.69604682922
2019/09/06/14:49:06.894263,6.6964468956
2019/09/06/14:49:06.898174,6.69684696198
2019/09/06/14:49:06.902265,6.69724702835
2019/09/06/14:49:06.906170,6.69764709473
2019/09/06/14:49:06.910228,6.6980471611
2019/09/06/14:49:06.914158,6.69844722748
2019/09/06/14:49:06.918141,6.69884729385
2019/09/06/14:49:06.922299,6.69924736023
2019/09/06/14:49:06.926198,6.69964742661
2019/09/06/14:49:06.930154,6.70004749298
2019/09/06/14:49:06.934165,6.70044755936
2019/09/06/14:49:06.938259,6.70084762573
2019/09/06/14:49:06.941956,6.70124769211
2019/09/06/14:49:06.946093,6.70164775848
2019/09/06/14:49:06.950061,6.70204782486
2019/09/06/14:49:06.953966,6.70244789124
2019/09/06/14:49:06.958084,6.70284795761
2019/09/06/14:49:06.962196,6.70324802399
2019/09/06/14:49:06.966199,6.70364809036
2019/09/06/14:49:06.970220,6.70404815674
2019/09/06/14:49:06.974195,6.70444822311
2019/09/06/14:49:06.978215,6.70484828949
2019/09/06/14:49:06.982278,6.70524835587
2019/09/06/14:49:06.986341,6.70564842224
2019/09/06/14:49:06.990062,6.70604848862
2019/09/06/14:49:06.994369,6.70644855499
2019/09/06/14:49:06.998094,6.70684862137
2019/09/06/14:49:07.002116,6.70724868774
2019/09/06/14:49:07.006218,6.70764875412
2019/09/06/14:49:07.010311,6.7080488205
2019/09/06/14:49:07.014221,6.70844888687
2019/09/06/14:49:07.018291,6.70884895325
2019/09/06/14:49:07.022337,6.70924901962
2019/09/06/14:49:07.026551,6.709649086
2019/09/06/14:49:07.030142,6.71004915237
2019/09/06/14:49:07.034426,6.71044921875
2019/09/06/14:49:07.038218,6.71084928513
2019/09/06/14:49:07.042341,6.7112493515
2019/09/06/14:49:07.046169,6.71164941788
2019/09/06/14:49:07.049968,6.71204948425
2019/09/06/14:49:07.054407,6.71244955063
2019/09/06/14:49:07.058305,6.712849617
2019/09/06/14:49:07.062262,6.71324968338
2019/09/06/14:49:07.066318,6.71364974976
2019/09/06/14:49:07.070278,6.71404981613
2019/09/06/14:49:07.074189,6.71444988251
2019/09/06/14:49:07.078226,6.71484994888
2019/09/06/14:49:07.082340,6.71525001526
2019/09/06/14:49:07.086504,6.71565008163
2019/09/06/14:49:07.090192,6.71605014801
2019/09/06/14:49:07.094041,6.71645021439
2019/09/06/14:49:07.098378,6.71685028076
2019/09/06/14:49:07.102256,6.71725034714
2019/09/06/14:49:07.106248,6.71765041351
2019/09/06/14:49:07.110281,6.71805047989
2019/09/06/14:49:07.114257,6.71845054626
2019/09/06/14:49:07.118260,6.71885061264
2019/09/06/14:49:07.122228,6.71925067902
2019/09/06/14:49:07.126096,6.71965074539
2019/09/06/14:49:07.130205,6.72005081177
2019/09/06/14:49:07.134208,6.72045087814
2019/09/06/14:49:07.138302,6.72085094452
2019/09/06/14:49:07.142248,6.72125101089
2019/09/06/14:49:07.146138,6.72165107727
2019/09/06/14:49:07.150120,6.72205114365
2019/09/06/14:49:07.154249,6.72245121002
2019/09/06/14:49:07.158244,6.7228512764
2019/09/06/14:49:07.162205,6.72325134277
2019/09/06/14:49:07.166360,6.72365140915
2019/09/06/14:49:07.170071,6.72405147552
2019/09/06/14:49:07.174248,6.7244515419
2019/09/06/14:49:07.178200,6.72485160828
2019/09/06/14:49:07.182235,6.72525167465
2019/09/06/14:49:07.186231,6.72565174103
2019/09/06/14:49:07.189992,6.7260518074
2019/09/06/14:49:07.194173,6.72645187378
2019/09/06/14:49:07.198064,6.72685194016
2019/09/06/14:49:07.202101,6.72725200653
2019/09/06/14:49:07.206053,6.72765207291
2019/09/06/14:49:07.210221,6.72805213928
2019/09/06/14:49:07.214134,6.72845220566
2019/09/06/14:49:07.218169,6.72885227203
2019/09/06/14:49:07.222155,6.72925233841
2019/09/06/14:49:07.226084,6.72965240479
2019/09/06/14:49:07.230116,6.73005247116
2019/09/06/14:49:07.234092,6.73045253754
2019/09/06/14:49:07.238045,6.73085260391
2019/09/06/14:49:07.242265,6.73125267029
2019/09/06/14:49:07.246262,6.73165273666
2019/09/06/14:49:07.250241,6.73205280304
2019/09/06/14:49:07.254276,6.73245286942
2019/09/06/14:49:07.258183,6.73285293579
2019/09/06/14:49:07.262312,6.73325300217
2019/09/06/14:49:07.266152,6.73365306854
2019/09/06/14:49:07.270212,6.73405313492
2019/09/06/14:49:07.274427,6.73445320129
2019/09/06/14:49:07.278449,6.73485326767
2019/09/06/14:49:07.282351,6.73525333405
2019/09/06/14:49:07.286122,6.73565340042
2019/09/06/14:49:07.290371,6.7360534668
2019/09/06/14:49:07.294253,6.73645353317
2019/09/06/14:49:07.298230,6.73685359955
2019/09/06/14:49:07.302261,6.73725366592
2019/09/06/14:49:07.306396,6.7376537323
2019/09/06/14:49:07.310217,6.73805379868
2019/09/06/14:49:07.314263,6.73845386505
2019/09/06/14:49:07.318284,6.73885393143
2019/09/06/14:49:07.322182,6.7392539978
2019/09/06/14:49:07.326277,6.73965406418
2019/09/06/14:49:07.330335,6.74005413055
2019/09/06/14:49:07.334247,6.74045419693
2019/09/06/14:49:07.338530,6.74085426331
2019/09/06/14:49:07.342162,6.74125432968
2019/09/06/14:49:07.346305,6.74165439606
2019/09/06/14:49:07.349972,6.74205446243
2019/09/06/14:49:07.354018,6.74245452881
2019/09/06/14:49:07.358094,6.74285459518
2019/09/06/14:49:07.361967,6.74325466156
2019/09/06/14:49:07.365936,6.74365472794
2019/09/06/14:49:07.370021,6.74405479431
2019/09/06/14:49:07.374098,6.74445486069
2019/09/06/14:49:07.378016,6.74485492706
2019/09/06/14:49:07.382028,6.74525499344
2019/09/06/14:49:07.385937,6.74565505981
2019/09/06/14:49:07.389966,6.74605512619
2019/09/06/14:49:07.394089,6.74645519257
2019/09/06/14:49:07.398031,6.74685525894
2019/09/06/14:49:07.402126,6.74725532532
2019/09/06/14:49:07.406327,6.74765539169
2019/09/06/14:49:07.410019,6.74805545807
2019/09/06/14:49:07.414298,6.74845552444
2019/09/06/14:49:07.417951,6.74885559082
2019/09/06/14:49:07.421970,6.7492556572
2019/09/06/14:49:07.426051,6.74965572357
2019/09/06/14:49:07.429933,6.75005578995
2019/09/06/14:49:07.434214,6.75045585632
2019/09/06/14:49:07.438105,6.7508559227
2019/09/06/14:49:07.442206,6.75125598907
2019/09/06/14:49:07.446548,6.75165605545
2019/09/06/14:49:07.450279,6.75205612183
2019/09/06/14:49:07.454256,6.7524561882
2019/09/06/14:49:07.458161,6.75285625458
2019/09/06/14:49:07.462198,6.75325632095
2019/09/06/14:49:07.466188,6.75365638733
2019/09/06/14:49:07.470112,6.7540564537
2019/09/06/14:49:07.474161,6.75445652008
2019/09/06/14:49:07.478213,6.75485658646
2019/09/06/14:49:07.482211,6.75525665283
2019/09/06/14:49:07.486265,6.75565671921
2019/09/06/14:49:07.490046,6.75605678558
2019/09/06/14:49:07.494168,6.75645685196
2019/09/06/14:49:07.498190,6.75685691833
2019/09/06/14:49:07.502143,6.75725698471
2019/09/06/14:49:07.506215,6.75765705109
2019/09/06/14:49:07.510240,6.75805711746
2019/09/06/14:49:07.514246,6.75845718384
2019/09/06/14:49:07.518191,6.75885725021
2019/09/06/14:49:07.522114,6.75925731659
2019/09/06/14:49:07.526118,6.75965738297
2019/09/06/14:49:07.530208,6.76005744934
2019/09/06/14:49:07.534191,6.76045751572
2019/09/06/14:49:07.538580,6.76085758209
2019/09/06/14:49:07.542123,6.76125764847
2019/09/06/14:49:07.546124,6.76165771484
2019/09/06/14:49:07.550086,6.76205778122
2019/09/06/14:49:07.554165,6.7624578476
2019/09/06/14:49:07.558207,6.76285791397
2019/09/06/14:49:07.562192,6.76325798035
2019/09/06/14:49:07.566253,6.76365804672
2019/09/06/14:49:07.570143,6.7640581131
2019/09/06/14:49:07.574215,6.76445817947
2019/09/06/14:49:07.578237,6.76485824585
2019/09/06/14:49:07.582332,6.76525831223
2019/09/06/14:49:07.586157,6.7656583786
2019/09/06/14:49:07.590126,6.76605844498
2019/09/06/14:49:07.594332,6.76645851135
2019/09/06/14:49:07.598195,6.76685857773
2019/09/06/14:49:07.602220,6.7672586441
2019/09/06/14:49:07.606226,6.76765871048
2019/09/06/14:49:07.610217,6.76805877686
2019/09/06/14:49:07.614259,6.76845884323
2019/09/06/14:49:07.618228,6.76885890961
2019/09/06/14:49:07.622064,6.76925897598
2019/09/06/14:49:07.625960,6.76965904236
2019/09/06/14:49:07.630098,6.77005910873
2019/09/06/14:49:07.634195,6.77045917511
2019/09/06/14:49:07.638072,6.77085924149
2019/09/06/14:49:07.642141,6.77125930786
2019/09/06/14:49:07.646035,6.77165937424
2019/09/06/14:49:07.650028,6.77205944061
2019/09/06/14:49:07.653975,6.77245950699
2019/09/06/14:49:07.658136,6.77285957336
2019/09/06/14:49:07.662065,6.77325963974
2019/09/06/14:49:07.666145,6.77365970612
2019/09/06/14:49:07.670117,6.77405977249
2019/09/06/14:49:07.674090,6.77445983887
2019/09/06/14:49:07.678021,6.77485990524
2019/09/06/14:49:07.682128,6.77525997162
2019/09/06/14:49:07.686310,6.77566003799
2019/09/06/14:49:07.690219,6.77606010437
2019/09/06/14:49:07.694139,6.77646017075
2019/09/06/14:49:07.698078,6.77686023712
2019/09/06/14:49:07.702079,6.7772603035
2019/09/06/14:49:07.706168,6.77766036987
2019/09/06/14:49:07.710047,6.77806043625
2019/09/06/14:49:07.714026,6.77846050262
2019/09/06/14:49:07.718121,6.778860569
2019/09/06/14:49:07.722105,6.77926063538
2019/09/06/14:49:07.726411,6.77966070175
2019/09/06/14:49:07.730371,6.78006076813
2019/09/06/14:49:07.734216,6.7804608345
2019/09/06/14:49:07.737746,6.78086090088
2019/09/06/14:49:07.742268,6.78126096725
2019/09/06/14:49:07.746340,6.78166103363
2019/09/06/14:49:07.750130,6.78206110001
2019/09/06/14:49:07.754143,6.78246116638
2019/09/06/14:49:07.758166,6.78286123276
2019/09/06/14:49:07.762216,6.78326129913
2019/09/06/14:49:07.766283,6.78366136551
2019/09/06/14:49:07.770219,6.78406143188
2019/09/06/14:49:07.774175,6.78446149826
2019/09/06/14:49:07.778095,6.78486156464
2019/09/06/14:49:07.782247,6.78526163101
2019/09/06/14:49:07.786090,6.78566169739
2019/09/06/14:49:07.790223,6.78606176376
2019/09/06/14:49:07.794236,6.78646183014
2019/09/06/14:49:07.798214,6.78686189651
2019/09/06/14:49:07.802264,6.78726196289
2019/09/06/14:49:07.806358,6.78766202927
2019/09/06/14:49:07.810056,6.78806209564
2019/09/06/14:49:07.814229,6.78846216202
2019/09/06/14:49:07.818200,6.78886222839
2019/09/06/14:49:07.822185,6.78926229477
2019/09/06/14:49:07.826115,6.78966236115
2019/09/06/14:49:07.830036,6.79006242752
2019/09/06/14:49:07.834381,6.7904624939
2019/09/06/14:49:07.838024,6.79086256027
2019/09/06/14:49:07.842204,6.79126262665
2019/09/06/14:49:07.846082,6.79166269302
2019/09/06/14:49:07.849967,6.7920627594
2019/09/06/14:49:07.854398,6.79246282578
2019/09/06/14:49:07.858273,6.79286289215
2019/09/06/14:49:07.862016,6.79326295853
2019/09/06/14:49:07.865986,6.7936630249
2019/09/06/14:49:07.869833,6.79406309128
2019/09/06/14:49:07.873884,6.79446315765
2019/09/06/14:49:07.877989,6.79486322403
2019/09/06/14:49:07.882101,6.79526329041
2019/09/06/14:49:07.885918,6.79566335678
2019/09/06/14:49:07.890111,6.79606342316
2019/09/06/14:49:07.894078,6.79646348953
2019/09/06/14:49:07.897990,6.79686355591
2019/09/06/14:49:07.901996,6.79726362228
2019/09/06/14:49:07.906051,6.79766368866
2019/09/06/14:49:07.909938,6.79806375504
2019/09/06/14:49:07.913953,6.79846382141
2019/09/06/14:49:07.918152,6.79886388779
2019/09/06/14:49:07.922124,6.79926395416
2019/09/06/14:49:07.926088,6.79966402054
2019/09/06/14:49:07.929820,6.80006408691
2019/09/06/14:49:07.934171,6.80046415329
2019/09/06/14:49:07.938074,6.80086421967
2019/09/06/14:49:07.942258,6.80126428604
2019/09/06/14:49:07.946009,6.80166435242
2019/09/06/14:49:07.949930,6.80206441879
2019/09/06/14:49:07.953999,6.80246448517
2019/09/06/14:49:07.957987,6.80286455154
2019/09/06/14:49:07.962026,6.80326461792
2019/09/06/14:49:07.966053,6.8036646843
2019/09/06/14:49:07.969949,6.80406475067
2019/09/06/14:49:07.974069,6.80446481705
2019/09/06/14:49:07.978030,6.80486488342
2019/09/06/14:49:07.982175,6.8052649498
2019/09/06/14:49:07.986221,6.80566501617
2019/09/06/14:49:07.990041,6.80606508255
2019/09/06/14:49:07.993925,6.80646514893
2019/09/06/14:49:07.998065,6.8068652153
2019/09/06/14:49:08.002028,6.80726528168
2019/09/06/14:49:08.006222,6.80766534805
2019/09/06/14:49:08.010132,6.80806541443
2019/09/06/14:49:08.014203,6.8084654808
2019/09/06/14:49:08.018087,6.80886554718
2019/09/06/14:49:08.022279,6.80926561356
2019/09/06/14:49:08.026216,6.80966567993
2019/09/06/14:49:08.029836,6.81006574631
2019/09/06/14:49:08.034193,6.81046581268
2019/09/06/14:49:08.038085,6.81086587906
2019/09/06/14:49:08.042065,6.81126594543
2019/09/06/14:49:08.045969,6.81166601181
2019/09/06/14:49:08.050173,6.81206607819
2019/09/06/14:49:08.053957,6.81246614456
2019/09/06/14:49:08.058032,6.81286621094
2019/09/06/14:49:08.061968,6.81326627731
2019/09/06/14:49:08.066075,6.81366634369
2019/09/06/14:49:08.070191,6.81406641006
2019/09/06/14:49:08.074534,6.81446647644
2019/09/06/14:49:08.078215,6.81486654282
2019/09/06/14:49:08.082263,6.81526660919
2019/09/06/14:49:08.086137,6.81566667557
2019/09/06/14:49:08.090136,6.81606674194
2019/09/06/14:49:08.094304,6.81646680832
2019/09/06/14:49:08.098293,6.81686687469
2019/09/06/14:49:08.102185,6.81726694107
2019/09/06/14:49:08.106264,6.81766700745
2019/09/06/14:49:08.110206,6.81806707382
2019/09/06/14:49:08.114446,6.8184671402
2019/09/06/14:49:08.118248,6.81886720657
2019/09/06/14:49:08.122201,6.81926727295
2019/09/06/14:49:08.126585,6.81966733932
2019/09/06/14:49:08.130067,6.8200674057
2019/09/06/14:49:08.134325,6.82046747208
2019/09/06/14:49:08.138055,6.82086753845
2019/09/06/14:49:08.142077,6.82126760483
2019/09/06/14:49:08.146014,6.8216676712
2019/09/06/14:49:08.150148,6.82206773758
2019/09/06/14:49:08.154258,6.82246780396
2019/09/06/14:49:08.158257,6.82286787033
2019/09/06/14:49:08.162426,6.82326793671
2019/09/06/14:49:08.166364,6.82366800308
2019/09/06/14:49:08.170165,6.82406806946
2019/09/06/14:49:08.174251,6.82446813583
2019/09/06/14:49:08.178290,6.82486820221
2019/09/06/14:49:08.182219,6.82526826859
2019/09/06/14:49:08.186484,6.82566833496
2019/09/06/14:49:08.190220,6.82606840134
2019/09/06/14:49:08.194115,6.82646846771
2019/09/06/14:49:08.198204,6.82686853409
2019/09/06/14:49:08.202281,6.82726860046
2019/09/06/14:49:08.206321,6.82766866684
2019/09/06/14:49:08.210212,6.82806873322
2019/09/06/14:49:08.214158,6.82846879959
2019/09/06/14:49:08.218420,6.82886886597
2019/09/06/14:49:08.222301,6.82926893234
2019/09/06/14:49:08.226222,6.82966899872
2019/09/06/14:49:08.230197,6.83006906509
2019/09/06/14:49:08.234136,6.83046913147
2019/09/06/14:49:08.238235,6.83086919785
2019/09/06/14:49:08.242339,6.83126926422
2019/09/06/14:49:08.246442,6.8316693306
2019/09/06/14:49:08.250105,6.83206939697
2019/09/06/14:49:08.254085,6.83246946335
2019/09/06/14:49:08.258500,6.83286952972
2019/09/06/14:49:08.262372,6.8332695961
2019/09/06/14:49:08.266241,6.83366966248
2019/09/06/14:49:08.270278,6.83406972885
2019/09/06/14:49:08.274190,6.83446979523
2019/09/06/14:49:08.278183,6.8348698616
2019/09/06/14:49:08.282264,6.83526992798
2019/09/06/14:49:08.286340,6.83566999435
2019/09/06/14:49:08.290330,6.83607006073
2019/09/06/14:49:08.294433,6.83647012711
2019/09/06/14:49:08.298093,6.83687019348
2019/09/06/14:49:08.302198,6.83727025986
2019/09/06/14:49:08.306247,6.83767032623
2019/09/06/14:49:08.310330,6.83807039261
2019/09/06/14:49:08.314385,6.83847045898
2019/09/06/14:49:08.318164,6.83887052536
2019/09/06/14:49:08.322125,6.83927059174
2019/09/06/14:49:08.326347,6.83967065811
2019/09/06/14:49:08.330211,6.84007072449
2019/09/06/14:49:08.334141,6.84047079086
2019/09/06/14:49:08.338252,6.84087085724
2019/09/06/14:49:08.342173,6.84127092361
2019/09/06/14:49:08.346146,6.84167098999
2019/09/06/14:49:08.350123,6.84207105637
2019/09/06/14:49:08.354354,6.84247112274
2019/09/06/14:49:08.358138,6.84287118912
2019/09/06/14:49:08.362134,6.84327125549
2019/09/06/14:49:08.366144,6.84367132187
2019/09/06/14:49:08.370199,6.84407138824
2019/09/06/14:49:08.374226,6.84447145462
2019/09/06/14:49:08.378288,6.844871521
2019/09/06/14:49:08.382349,6.84527158737
2019/09/06/14:49:08.386334,6.84567165375
2019/09/06/14:49:08.390265,6.84607172012
2019/09/06/14:49:08.394131,6.8464717865
2019/09/06/14:49:08.398307,6.84687185287
2019/09/06/14:49:08.402265,6.84727191925
2019/09/06/14:49:08.406296,6.84767198563
2019/09/06/14:49:08.410061,6.848072052
2019/09/06/14:49:08.414140,6.84847211838
2019/09/06/14:49:08.418187,6.84887218475
2019/09/06/14:49:08.422368,6.84927225113
2019/09/06/14:49:08.426267,6.8496723175
2019/09/06/14:49:08.430219,6.85007238388
2019/09/06/14:49:08.434179,6.85047245026
2019/09/06/14:49:08.438209,6.85087251663
2019/09/06/14:49:08.442044,6.85127258301
2019/09/06/14:49:08.446106,6.85167264938
2019/09/06/14:49:08.450084,6.85207271576
2019/09/06/14:49:08.454245,6.85247278214
2019/09/06/14:49:08.458283,6.85287284851
2019/09/06/14:49:08.462241,6.85327291489
2019/09/06/14:49:08.466198,6.85367298126
2019/09/06/14:49:08.470109,6.85407304764
2019/09/06/14:49:08.474231,6.85447311401
2019/09/06/14:49:08.478310,6.85487318039
2019/09/06/14:49:08.482289,6.85527324677
2019/09/06/14:49:08.486570,6.85567331314
2019/09/06/14:49:08.490173,6.85607337952
2019/09/06/14:49:08.494106,6.85647344589
2019/09/06/14:49:08.498097,6.85687351227
2019/09/06/14:49:08.502482,6.85727357864
2019/09/06/14:49:08.506053,6.85767364502
2019/09/06/14:49:08.510231,6.8580737114
2019/09/06/14:49:08.514040,6.85847377777
2019/09/06/14:49:08.518043,6.85887384415
2019/09/06/14:49:08.521937,6.85927391052
2019/09/06/14:49:08.526296,6.8596739769
2019/09/06/14:49:08.530049,6.86007404327
2019/09/06/14:49:08.534131,6.86047410965
2019/09/06/14:49:08.538128,6.86087417603
2019/09/06/14:49:08.542037,6.8612742424
2019/09/06/14:49:08.546070,6.86167430878
2019/09/06/14:49:08.550162,6.86207437515
2019/09/06/14:49:08.554131,6.86247444153
2019/09/06/14:49:08.558137,6.8628745079
2019/09/06/14:49:08.562204,6.86327457428
2019/09/06/14:49:08.566186,6.86367464066
2019/09/06/14:49:08.570188,6.86407470703
2019/09/06/14:49:08.574528,6.86447477341
2019/09/06/14:49:08.578414,6.86487483978
2019/09/06/14:49:08.582105,6.86527490616
2019/09/06/14:49:08.586196,6.86567497253
2019/09/06/14:49:08.590190,6.86607503891
2019/09/06/14:49:08.594289,6.86647510529
2019/09/06/14:49:08.598179,6.86687517166
2019/09/06/14:49:08.602215,6.86727523804
2019/09/06/14:49:08.606302,6.86767530441
2019/09/06/14:49:08.610161,6.86807537079
2019/09/06/14:49:08.614167,6.86847543716
2019/09/06/14:49:08.618142,6.86887550354
2019/09/06/14:49:08.622356,6.86927556992
2019/09/06/14:49:08.626000,6.86967563629
2019/09/06/14:49:08.630032,6.87007570267
2019/09/06/14:49:08.634112,6.87047576904
2019/09/06/14:49:08.638194,6.87087583542
2019/09/06/14:49:08.642535,6.87127590179
2019/09/06/14:49:08.646217,6.87167596817
2019/09/06/14:49:08.650212,6.87207603455
2019/09/06/14:49:08.653980,6.87247610092
2019/09/06/14:49:08.658325,6.8728761673
2019/09/06/14:49:08.662228,6.87327623367
2019/09/06/14:49:08.666171,6.87367630005
2019/09/06/14:49:08.670322,6.87407636642
2019/09/06/14:49:08.674177,6.8744764328
2019/09/06/14:49:08.678066,6.87487649918
2019/09/06/14:49:08.682174,6.87527656555
2019/09/06/14:49:08.686103,6.87567663193
2019/09/06/14:49:08.690111,6.8760766983
2019/09/06/14:49:08.694253,6.87647676468
2019/09/06/14:49:08.698216,6.87687683105
2019/09/06/14:49:08.702200,6.87727689743
2019/09/06/14:49:08.706211,6.87767696381
2019/09/06/14:49:08.710255,6.87807703018
2019/09/06/14:49:08.714171,6.87847709656
2019/09/06/14:49:08.718222,6.87887716293
2019/09/06/14:49:08.722225,6.87927722931
2019/09/06/14:49:08.726242,6.87967729568
2019/09/06/14:49:08.730214,6.88007736206
2019/09/06/14:49:08.734109,6.88047742844
2019/09/06/14:49:08.738288,6.88087749481
2019/09/06/14:49:08.742326,6.88127756119
2019/09/06/14:49:08.746026,6.88167762756
2019/09/06/14:49:08.750055,6.88207769394
2019/09/06/14:49:08.754284,6.88247776031
2019/09/06/14:49:08.758302,6.88287782669
2019/09/06/14:49:08.762175,6.88327789307
2019/09/06/14:49:08.766281,6.88367795944
2019/09/06/14:49:08.770480,6.88407802582
2019/09/06/14:49:08.774309,6.88447809219
2019/09/06/14:49:08.778165,6.88487815857
2019/09/06/14:49:08.782299,6.88527822495
2019/09/06/14:49:08.785917,6.88567829132
2019/09/06/14:49:08.790119,6.8860783577
2019/09/06/14:49:08.794189,6.88647842407
2019/09/06/14:49:08.798204,6.88687849045
2019/09/06/14:49:08.802452,6.88727855682
2019/09/06/14:49:08.806399,6.8876786232
2019/09/06/14:49:08.810312,6.88807868958
2019/09/06/14:49:08.814328,6.88847875595
2019/09/06/14:49:08.818235,6.88887882233
2019/09/06/14:49:08.822194,6.8892788887
2019/09/06/14:49:08.826311,6.88967895508
2019/09/06/14:49:08.830167,6.89007902145
2019/09/06/14:49:08.834042,6.89047908783
2019/09/06/14:49:08.838112,6.89087915421
2019/09/06/14:49:08.842222,6.89127922058
2019/09/06/14:49:08.846143,6.89167928696
2019/09/06/14:49:08.850106,6.89207935333
2019/09/06/14:49:08.854245,6.89247941971
2019/09/06/14:49:08.858248,6.89287948608
2019/09/06/14:49:08.862197,6.89327955246
2019/09/06/14:49:08.866137,6.89367961884
2019/09/06/14:49:08.870224,6.89407968521
2019/09/06/14:49:08.874116,6.89447975159
2019/09/06/14:49:08.878213,6.89487981796
2019/09/06/14:49:08.882188,6.89527988434
2019/09/06/14:49:08.886381,6.89567995071
2019/09/06/14:49:08.890391,6.89608001709
2019/09/06/14:49:08.894132,6.89648008347
2019/09/06/14:49:08.898160,6.89688014984
2019/09/06/14:49:08.902310,6.89728021622
2019/09/06/14:49:08.906271,6.89768028259
2019/09/06/14:49:08.910267,6.89808034897
2019/09/06/14:49:08.914256,6.89848041534
2019/09/06/14:49:08.918248,6.89888048172
2019/09/06/14:49:08.922199,6.8992805481
2019/09/06/14:49:08.926211,6.89968061447
2019/09/06/14:49:08.930182,6.90008068085
2019/09/06/14:49:08.934343,6.90048074722
2019/09/06/14:49:08.938166,6.9008808136
2019/09/06/14:49:08.942244,6.90128087997
2019/09/06/14:49:08.946285,6.90168094635
2019/09/06/14:49:08.950120,6.90208101273
2019/09/06/14:49:08.954147,6.9024810791
2019/09/06/14:49:08.958054,6.90288114548
2019/09/06/14:49:08.962155,6.90328121185
2019/09/06/14:49:08.966171,6.90368127823
2019/09/06/14:49:08.970008,6.9040813446
2019/09/06/14:49:08.974207,6.90448141098
2019/09/06/14:49:08.978204,6.90488147736
2019/09/06/14:49:08.982402,6.90528154373
2019/09/06/14:49:08.986257,6.90568161011
2019/09/06/14:49:08.990244,6.90608167648
2019/09/06/14:49:08.994402,6.90648174286
2019/09/06/14:49:08.998140,6.90688180923
2019/09/06/14:49:09.002159,6.90728187561
2019/09/06/14:49:09.006118,6.90768194199
2019/09/06/14:49:09.010099,6.90808200836
2019/09/06/14:49:09.014328,6.90848207474
2019/09/06/14:49:09.018465,6.90888214111
2019/09/06/14:49:09.022235,6.90928220749
2019/09/06/14:49:09.026194,6.90968227386
2019/09/06/14:49:09.030172,6.91008234024
2019/09/06/14:49:09.034202,6.91048240662
2019/09/06/14:49:09.038190,6.91088247299
2019/09/06/14:49:09.042200,6.91128253937
2019/09/06/14:49:09.046032,6.91168260574
2019/09/06/14:49:09.050436,6.91208267212
2019/09/06/14:49:09.054209,6.91248273849
2019/09/06/14:49:09.058225,6.91288280487
2019/09/06/14:49:09.062229,6.91328287125
2019/09/06/14:49:09.066192,6.91368293762
2019/09/06/14:49:09.070263,6.914083004
2019/09/06/14:49:09.074205,6.91448307037
2019/09/06/14:49:09.078204,6.91488313675
2019/09/06/14:49:09.082200,6.91528320312
2019/09/06/14:49:09.086044,6.9156832695
2019/09/06/14:49:09.090153,6.91608333588
2019/09/06/14:49:09.094375,6.91648340225
2019/09/06/14:49:09.098116,6.91688346863
2019/09/06/14:49:09.102102,6.917283535
2019/09/06/14:49:09.106243,6.91768360138
2019/09/06/14:49:09.110360,6.91808366776
2019/09/06/14:49:09.114450,6.91848373413
2019/09/06/14:49:09.118276,6.91888380051
2019/09/06/14:49:09.122113,6.91928386688
2019/09/06/14:49:09.126137,6.91968393326
2019/09/06/14:49:09.130157,6.92008399963
2019/09/06/14:49:09.134094,6.92048406601
2019/09/06/14:49:09.138134,6.92088413239
2019/09/06/14:49:09.142150,6.92128419876
2019/09/06/14:49:09.146315,6.92168426514
2019/09/06/14:49:09.150248,6.92208433151
2019/09/06/14:49:09.154148,6.92248439789
2019/09/06/14:49:09.158237,6.92288446426
2019/09/06/14:49:09.162205,6.92328453064
2019/09/06/14:49:09.166409,6.92368459702
2019/09/06/14:49:09.170158,6.92408466339
2019/09/06/14:49:09.174142,6.92448472977
2019/09/06/14:49:09.178140,6.92488479614
2019/09/06/14:49:09.182218,6.92528486252
2019/09/06/14:49:09.186166,6.92568492889
2019/09/06/14:49:09.190134,6.92608499527
2019/09/06/14:49:09.194133,6.92648506165
2019/09/06/14:49:09.198154,6.92688512802
2019/09/06/14:49:09.202145,6.9272851944
2019/09/06/14:49:09.206387,6.92768526077
2019/09/06/14:49:09.210236,6.92808532715
2019/09/06/14:49:09.214134,6.92848539352
2019/09/06/14:49:09.218134,6.9288854599
2019/09/06/14:49:09.222142,6.92928552628
2019/09/06/14:49:09.226462,6.92968559265
2019/09/06/14:49:09.230205,6.93008565903
2019/09/06/14:49:09.234303,6.9304857254
2019/09/06/14:49:09.238263,6.93088579178
2019/09/06/14:49:09.242263,6.93128585815
2019/09/06/14:49:09.246470,6.93168592453
2019/09/06/14:49:09.250235,6.93208599091
2019/09/06/14:49:09.254209,6.93248605728
2019/09/06/14:49:09.258106,6.93288612366
2019/09/06/14:49:09.262214,6.93328619003
2019/09/06/14:49:09.266236,6.93368625641
2019/09/06/14:49:09.270149,6.93408632278
2019/09/06/14:49:09.274455,6.93448638916
2019/09/06/14:49:09.278336,6.93488645554
2019/09/06/14:49:09.282249,6.93528652191
2019/09/06/14:49:09.286199,6.93568658829
2019/09/06/14:49:09.290018,6.93608665466
2019/09/06/14:49:09.294178,6.93648672104
2019/09/06/14:49:09.298359,6.93688678741
2019/09/06/14:49:09.302248,6.93728685379
2019/09/06/14:49:09.306316,6.93768692017
2019/09/06/14:49:09.310186,6.93808698654
2019/09/06/14:49:09.314140,6.93848705292
2019/09/06/14:49:09.318177,6.93888711929
2019/09/06/14:49:09.322242,6.93928718567
2019/09/06/14:49:09.326512,6.93968725204
2019/09/06/14:49:09.330157,6.94008731842
2019/09/06/14:49:09.334167,6.9404873848
2019/09/06/14:49:09.338223,6.94088745117
2019/09/06/14:49:09.342505,6.94128751755
2019/09/06/14:49:09.346236,6.94168758392
2019/09/06/14:49:09.350191,6.9420876503
2019/09/06/14:49:09.354117,6.94248771667
2019/09/06/14:49:09.357966,6.94288778305
2019/09/06/14:49:09.361993,6.94328784943
2019/09/06/14:49:09.366169,6.9436879158
2019/09/06/14:49:09.370217,6.94408798218
2019/09/06/14:49:09.374351,6.94448804855
2019/09/06/14:49:09.378199,6.94488811493
2019/09/06/14:49:09.382192,6.9452881813
2019/09/06/14:49:09.385986,6.94568824768
2019/09/06/14:49:09.390155,6.94608831406
2019/09/06/14:49:09.394212,6.94648838043
2019/09/06/14:49:09.398287,6.94688844681
2019/09/06/14:49:09.402454,6.94728851318
2019/09/06/14:49:09.406236,6.94768857956
2019/09/06/14:49:09.410139,6.94808864594
2019/09/06/14:49:09.414119,6.94848871231
2019/09/06/14:49:09.418420,6.94888877869
2019/09/06/14:49:09.422316,6.94928884506
2019/09/06/14:49:09.426211,6.94968891144
2019/09/06/14:49:09.430010,6.95008897781
2019/09/06/14:49:09.434087,6.95048904419
2019/09/06/14:49:09.438190,6.95088911057
2019/09/06/14:49:09.442323,6.95128917694
2019/09/06/14:49:09.446248,6.95168924332
2019/09/06/14:49:09.450098,6.95208930969
2019/09/06/14:49:09.454131,6.95248937607
2019/09/06/14:49:09.458202,6.95288944244
2019/09/06/14:49:09.462270,6.95328950882
2019/09/06/14:49:09.466444,6.9536895752
2019/09/06/14:49:09.470195,6.95408964157
2019/09/06/14:49:09.474092,6.95448970795
2019/09/06/14:49:09.478107,6.95488977432
2019/09/06/14:49:09.482137,6.9552898407
2019/09/06/14:49:09.486423,6.95568990707
2019/09/06/14:49:09.490147,6.95608997345
2019/09/06/14:49:09.494131,6.95649003983
2019/09/06/14:49:09.498206,6.9568901062
2019/09/06/14:49:09.502212,6.95729017258
2019/09/06/14:49:09.506259,6.95769023895
2019/09/06/14:49:09.510304,6.95809030533
2019/09/06/14:49:09.514186,6.9584903717
2019/09/06/14:49:09.518528,6.95889043808
2019/09/06/14:49:09.522312,6.95929050446
2019/09/06/14:49:09.526147,6.95969057083
2019/09/06/14:49:09.530171,6.96009063721
2019/09/06/14:49:09.534072,6.96049070358
2019/09/06/14:49:09.538027,6.96089076996
2019/09/06/14:49:09.542183,6.96129083633
2019/09/06/14:49:09.546139,6.96169090271
2019/09/06/14:49:09.550170,6.96209096909
2019/09/06/14:49:09.554037,6.96249103546
2019/09/06/14:49:09.558100,6.96289110184
2019/09/06/14:49:09.562193,6.96329116821
2019/09/06/14:49:09.566417,6.96369123459
2019/09/06/14:49:09.570215,6.96409130096
2019/09/06/14:49:09.574148,6.96449136734
2019/09/06/14:49:09.578034,6.96489143372
2019/09/06/14:49:09.582495,6.96529150009
2019/09/06/14:49:09.586395,6.96569156647
2019/09/06/14:49:09.590042,6.96609163284
2019/09/06/14:49:09.594177,6.96649169922
2019/09/06/14:49:09.598225,6.96689176559
2019/09/06/14:49:09.602240,6.96729183197
2019/09/06/14:49:09.606295,6.96769189835
2019/09/06/14:49:09.610211,6.96809196472
2019/09/06/14:49:09.614065,6.9684920311
2019/09/06/14:49:09.618289,6.96889209747
2019/09/06/14:49:09.622156,6.96929216385
2019/09/06/14:49:09.626465,6.96969223022
2019/09/06/14:49:09.630435,6.9700922966
2019/09/06/14:49:09.634282,6.97049236298
2019/09/06/14:49:09.638446,6.97089242935
2019/09/06/14:49:09.642237,6.97129249573
2019/09/06/14:49:09.646178,6.9716925621
2019/09/06/14:49:09.650117,6.97209262848
2019/09/06/14:49:09.654196,6.97249269485
2019/09/06/14:49:09.658232,6.97289276123
2019/09/06/14:49:09.662110,6.97329282761
2019/09/06/14:49:09.666156,6.97369289398
2019/09/06/14:49:09.670299,6.97409296036
2019/09/06/14:49:09.674238,6.97449302673
2019/09/06/14:49:09.678223,6.97489309311
2019/09/06/14:49:09.682307,6.97529315948
2019/09/06/14:49:09.686020,6.97569322586
2019/09/06/14:49:09.690333,6.97609329224
2019/09/06/14:49:09.694247,6.97649335861
2019/09/06/14:49:09.698155,6.97689342499
2019/09/06/14:49:09.702311,6.97729349136
2019/09/06/14:49:09.706225,6.97769355774
2019/09/06/14:49:09.710403,6.97809362411
2019/09/06/14:49:09.714356,6.97849369049
2019/09/06/14:49:09.718092,6.97889375687
2019/09/06/14:49:09.722195,6.97929382324
2019/09/06/14:49:09.726560,6.97969388962
2019/09/06/14:49:09.730259,6.98009395599
2019/09/06/14:49:09.734328,6.98049402237
2019/09/06/14:49:09.738364,6.98089408875
2019/09/06/14:49:09.742256,6.98129415512
2019/09/06/14:49:09.746211,6.9816942215
2019/09/06/14:49:09.750158,6.98209428787
2019/09/06/14:49:09.754080,6.98249435425
2019/09/06/14:49:09.758182,6.98289442062
2019/09/06/14:49:09.762323,6.983294487
2019/09/06/14:49:09.766326,6.98369455338
2019/09/06/14:49:09.770246,6.98409461975
2019/09/06/14:49:09.774086,6.98449468613
2019/09/06/14:49:09.778290,6.9848947525
2019/09/06/14:49:09.782504,6.98529481888
2019/09/06/14:49:09.786450,6.98569488525
2019/09/06/14:49:09.790439,6.98609495163
2019/09/06/14:49:09.794262,6.98649501801
2019/09/06/14:49:09.798239,6.98689508438
2019/09/06/14:49:09.802238,6.98729515076
2019/09/06/14:49:09.806396,6.98769521713
2019/09/06/14:49:09.810168,6.98809528351
2019/09/06/14:49:09.814151,6.98849534988
2019/09/06/14:49:09.818235,6.98889541626
2019/09/06/14:49:09.822303,6.98929548264
2019/09/06/14:49:09.826281,6.98969554901
2019/09/06/14:49:09.830211,6.99009561539
2019/09/06/14:49:09.834321,6.99049568176
2019/09/06/14:49:09.838343,6.99089574814
2019/09/06/14:49:09.842274,6.99129581451
2019/09/06/14:49:09.846040,6.99169588089
2019/09/06/14:49:09.850121,6.99209594727
2019/09/06/14:49:09.853988,6.99249601364
2019/09/06/14:49:09.858047,6.99289608002
2019/09/06/14:49:09.862067,6.99329614639
2019/09/06/14:49:09.866018,6.99369621277
2019/09/06/14:49:09.869984,6.99409627914
2019/09/06/14:49:09.874001,6.99449634552
2019/09/06/14:49:09.878108,6.9948964119
2019/09/06/14:49:09.882319,6.99529647827
2019/09/06/14:49:09.886243,6.99569654465
2019/09/06/14:49:09.890087,6.99609661102
2019/09/06/14:49:09.893982,6.9964966774
2019/09/06/14:49:09.897987,6.99689674377
2019/09/06/14:49:09.902000,6.99729681015
2019/09/06/14:49:09.905999,6.99769687653
2019/09/06/14:49:09.910218,6.9980969429
2019/09/06/14:49:09.914063,6.99849700928
2019/09/06/14:49:09.918255,6.99889707565
2019/09/06/14:49:09.922069,6.99929714203
2019/09/06/14:49:09.926334,6.9996972084
2019/09/06/14:49:09.930217,7.00009727478
2019/09/06/14:49:09.934117,7.00049734116
2019/09/06/14:49:09.938126,7.00089740753
2019/09/06/14:49:09.942031,7.00129747391
2019/09/06/14:49:09.946230,7.00169754028
2019/09/06/14:49:09.950263,7.00209760666
2019/09/06/14:49:09.954175,7.00249767303
2019/09/06/14:49:09.958436,7.00289773941
2019/09/06/14:49:09.962260,7.00329780579
2019/09/06/14:49:09.966213,7.00369787216
2019/09/06/14:49:09.970410,7.00409793854
2019/09/06/14:49:09.974180,7.00449800491
2019/09/06/14:49:09.978417,7.00489807129
2019/09/06/14:49:09.982159,7.00529813766
2019/09/06/14:49:09.986190,7.00569820404
2019/09/06/14:49:09.990256,7.00609827042
2019/09/06/14:49:09.994120,7.00649833679
2019/09/06/14:49:09.998204,7.00689840317
2019/09/06/14:49:10.002177,7.00729846954
2019/09/06/14:49:10.006199,7.00769853592
2019/09/06/14:49:10.010216,7.00809860229
2019/09/06/14:49:10.014142,7.00849866867
2019/09/06/14:49:10.018218,7.00889873505
2019/09/06/14:49:10.022229,7.00929880142
2019/09/06/14:49:10.026235,7.0096988678
2019/09/06/14:49:10.030470,7.01009893417
2019/09/06/14:49:10.034278,7.01049900055
2019/09/06/14:49:10.038334,7.01089906693
2019/09/06/14:49:10.042408,7.0112991333
2019/09/06/14:49:10.046297,7.01169919968
2019/09/06/14:49:10.050131,7.01209926605
2019/09/06/14:49:10.054137,7.01249933243
2019/09/06/14:49:10.058252,7.0128993988
2019/09/06/14:49:10.062182,7.01329946518
2019/09/06/14:49:10.066247,7.01369953156
2019/09/06/14:49:10.070190,7.01409959793
2019/09/06/14:49:10.074253,7.01449966431
2019/09/06/14:49:10.078211,7.01489973068
2019/09/06/14:49:10.082144,7.01529979706
2019/09/06/14:49:10.086133,7.01569986343
2019/09/06/14:49:10.090181,7.01609992981
2019/09/06/14:49:10.094197,7.01649999619
2019/09/06/14:49:10.098028,7.01690006256
2019/09/06/14:49:10.102162,7.01730012894
2019/09/06/14:49:10.106107,7.01770019531
2019/09/06/14:49:10.110224,7.01810026169
2019/09/06/14:49:10.114298,7.01850032806
2019/09/06/14:49:10.118182,7.01890039444
2019/09/06/14:49:10.122431,7.01930046082
2019/09/06/14:49:10.126001,7.01970052719
2019/09/06/14:49:10.130454,7.02010059357
2019/09/06/14:49:10.134232,7.02050065994
2019/09/06/14:49:10.138198,7.02090072632
2019/09/06/14:49:10.141938,7.02130079269
2019/09/06/14:49:10.146338,7.02170085907
2019/09/06/14:49:10.150244,7.02210092545
2019/09/06/14:49:10.154310,7.02250099182
2019/09/06/14:49:10.158293,7.0229010582
2019/09/06/14:49:10.162018,7.02330112457
2019/09/06/14:49:10.166053,7.02370119095
2019/09/06/14:49:10.170053,7.02410125732
2019/09/06/14:49:10.174256,7.0245013237
2019/09/06/14:49:10.178251,7.02490139008
2019/09/06/14:49:10.182353,7.02530145645
2019/09/06/14:49:10.186069,7.02570152283
2019/09/06/14:49:10.190098,7.0261015892
2019/09/06/14:49:10.194237,7.02650165558
2019/09/06/14:49:10.198171,7.02690172195
2019/09/06/14:49:10.202161,7.02730178833
2019/09/06/14:49:10.206106,7.02770185471
2019/09/06/14:49:10.210219,7.02810192108
2019/09/06/14:49:10.214322,7.02850198746
2019/09/06/14:49:10.218300,7.02890205383
2019/09/06/14:49:10.222243,7.02930212021
2019/09/06/14:49:10.226272,7.02970218658
2019/09/06/14:49:10.230307,7.03010225296
2019/09/06/14:49:10.234328,7.03050231934
2019/09/06/14:49:10.238238,7.03090238571
2019/09/06/14:49:10.242129,7.03130245209
2019/09/06/14:49:10.246236,7.03170251846
2019/09/06/14:49:10.250162,7.03210258484
2019/09/06/14:49:10.254181,7.03250265121
2019/09/06/14:49:10.258176,7.03290271759
2019/09/06/14:49:10.262229,7.03330278397
2019/09/06/14:49:10.266209,7.03370285034
2019/09/06/14:49:10.270340,7.03410291672
2019/09/06/14:49:10.274213,7.03450298309
2019/09/06/14:49:10.278316,7.03490304947
2019/09/06/14:49:10.282134,7.03530311584
2019/09/06/14:49:10.286244,7.03570318222
2019/09/06/14:49:10.290014,7.0361032486
2019/09/06/14:49:10.294161,7.03650331497
2019/09/06/14:49:10.298172,7.03690338135
2019/09/06/14:49:10.302220,7.03730344772
2019/09/06/14:49:10.306269,7.0377035141
2019/09/06/14:49:10.310229,7.03810358047
2019/09/06/14:49:10.314143,7.03850364685
2019/09/06/14:49:10.318327,7.03890371323
2019/09/06/14:49:10.322160,7.0393037796
2019/09/06/14:49:10.326117,7.03970384598
2019/09/06/14:49:10.330415,7.04010391235
2019/09/06/14:49:10.334215,7.04050397873
2019/09/06/14:49:10.338171,7.0409040451
2019/09/06/14:49:10.342205,7.04130411148
2019/09/06/14:49:10.346125,7.04170417786
2019/09/06/14:49:10.350282,7.04210424423
2019/09/06/14:49:10.354336,7.04250431061
2019/09/06/14:49:10.358220,7.04290437698
2019/09/06/14:49:10.362315,7.04330444336
2019/09/06/14:49:10.366153,7.04370450974
2019/09/06/14:49:10.370119,7.04410457611
2019/09/06/14:49:10.374325,7.04450464249
2019/09/06/14:49:10.378409,7.04490470886
2019/09/06/14:49:10.382374,7.04530477524
2019/09/06/14:49:10.385963,7.04570484161
2019/09/06/14:49:10.390099,7.04610490799
2019/09/06/14:49:10.394107,7.04650497437
2019/09/06/14:49:10.398297,7.04690504074
2019/09/06/14:49:10.402143,7.04730510712
2019/09/06/14:49:10.406253,7.04770517349
2019/09/06/14:49:10.410235,7.04810523987
2019/09/06/14:49:10.414480,7.04850530624
2019/09/06/14:49:10.418205,7.04890537262
2019/09/06/14:49:10.422249,7.049305439
2019/09/06/14:49:10.426274,7.04970550537
2019/09/06/14:49:10.430139,7.05010557175
2019/09/06/14:49:10.434166,7.05050563812
2019/09/06/14:49:10.438173,7.0509057045
2019/09/06/14:49:10.442169,7.05130577087
2019/09/06/14:49:10.446404,7.05170583725
2019/09/06/14:49:10.450234,7.05210590363
2019/09/06/14:49:10.454225,7.05250597
2019/09/06/14:49:10.458214,7.05290603638
2019/09/06/14:49:10.462180,7.05330610275
2019/09/06/14:49:10.466122,7.05370616913
2019/09/06/14:49:10.470137,7.0541062355
2019/09/06/14:49:10.474273,7.05450630188
2019/09/06/14:49:10.478172,7.05490636826
2019/09/06/14:49:10.482026,7.05530643463
2019/09/06/14:49:10.486310,7.05570650101
2019/09/06/14:49:10.490426,7.05610656738
2019/09/06/14:49:10.494139,7.05650663376
2019/09/06/14:49:10.498010,7.05690670013
2019/09/06/14:49:10.502263,7.05730676651
2019/09/06/14:49:10.506267,7.05770683289
2019/09/06/14:49:10.510240,7.05810689926
2019/09/06/14:49:10.514279,7.05850696564
2019/09/06/14:49:10.518113,7.05890703201
2019/09/06/14:49:10.522243,7.05930709839
2019/09/06/14:49:10.526210,7.05970716476
2019/09/06/14:49:10.530253,7.06010723114
2019/09/06/14:49:10.534193,7.06050729752
2019/09/06/14:49:10.538094,7.06090736389
2019/09/06/14:49:10.542002,7.06130743027
2019/09/06/14:49:10.545930,7.06170749664
2019/09/06/14:49:10.549939,7.06210756302
2019/09/06/14:49:10.553979,7.06250762939
2019/09/06/14:49:10.558167,7.06290769577
2019/09/06/14:49:10.562197,7.06330776215
2019/09/06/14:49:10.566090,7.06370782852
2019/09/06/14:49:10.570076,7.0641078949
2019/09/06/14:49:10.574195,7.06450796127
2019/09/06/14:49:10.578102,7.06490802765
2019/09/06/14:49:10.582130,7.06530809402
2019/09/06/14:49:10.586128,7.0657081604
2019/09/06/14:49:10.589957,7.06610822678
2019/09/06/14:49:10.594237,7.06650829315
2019/09/06/14:49:10.598117,7.06690835953
2019/09/06/14:49:10.602287,7.0673084259
2019/09/06/14:49:10.606416,7.06770849228
2019/09/06/14:49:10.610257,7.06810855865
2019/09/06/14:49:10.614145,7.06850862503
2019/09/06/14:49:10.618097,7.06890869141
2019/09/06/14:49:10.622307,7.06930875778
2019/09/06/14:49:10.626184,7.06970882416
2019/09/06/14:49:10.630129,7.07010889053
2019/09/06/14:49:10.634162,7.07050895691
2019/09/06/14:49:10.638051,7.07090902328
2019/09/06/14:49:10.642025,7.07130908966
2019/09/06/14:49:10.646199,7.07170915604
2019/09/06/14:49:10.650430,7.07210922241
2019/09/06/14:49:10.654167,7.07250928879
2019/09/06/14:49:10.658172,7.07290935516
2019/09/06/14:49:10.662196,7.07330942154
2019/09/06/14:49:10.666192,7.07370948792
2019/09/06/14:49:10.670209,7.07410955429
2019/09/06/14:49:10.674073,7.07450962067
2019/09/06/14:49:10.678327,7.07490968704
2019/09/06/14:49:10.682144,7.07530975342
2019/09/06/14:49:10.686215,7.07570981979
2019/09/06/14:49:10.690022,7.07610988617
2019/09/06/14:49:10.694275,7.07650995255
2019/09/06/14:49:10.698306,7.07691001892
2019/09/06/14:49:10.702283,7.0773100853
2019/09/06/14:49:10.706188,7.07771015167
2019/09/06/14:49:10.710189,7.07811021805
2019/09/06/14:49:10.714325,7.07851028442
2019/09/06/14:49:10.718239,7.0789103508
2019/09/06/14:49:10.722240,7.07931041718
2019/09/06/14:49:10.726203,7.07971048355
2019/09/06/14:49:10.730331,7.08011054993
2019/09/06/14:49:10.734231,7.0805106163
2019/09/06/14:49:10.737869,7.08091068268
2019/09/06/14:49:10.742074,7.08131074905
2019/09/06/14:49:10.746068,7.08171081543
2019/09/06/14:49:10.750082,7.08211088181
2019/09/06/14:49:10.754159,7.08251094818
2019/09/06/14:49:10.758095,7.08291101456
2019/09/06/14:49:10.762173,7.08331108093
2019/09/06/14:49:10.766109,7.08371114731
2019/09/06/14:49:10.770031,7.08411121368
2019/09/06/14:49:10.774037,7.08451128006
2019/09/06/14:49:10.778081,7.08491134644
2019/09/06/14:49:10.782061,7.08531141281
2019/09/06/14:49:10.786099,7.08571147919
2019/09/06/14:49:10.790311,7.08611154556
2019/09/06/14:49:10.794214,7.08651161194
2019/09/06/14:49:10.798131,7.08691167831
2019/09/06/14:49:10.802166,7.08731174469
2019/09/06/14:49:10.806071,7.08771181107
2019/09/06/14:49:10.810093,7.08811187744
2019/09/06/14:49:10.814193,7.08851194382
2019/09/06/14:49:10.818140,7.08891201019
2019/09/06/14:49:10.822413,7.08931207657
2019/09/06/14:49:10.826319,7.08971214294
2019/09/06/14:49:10.830094,7.09011220932
2019/09/06/14:49:10.834125,7.0905122757
2019/09/06/14:49:10.838208,7.09091234207
2019/09/06/14:49:10.842125,7.09131240845
2019/09/06/14:49:10.846274,7.09171247482
2019/09/06/14:49:10.850135,7.0921125412
2019/09/06/14:49:10.854231,7.09251260757
2019/09/06/14:49:10.858111,7.09291267395
2019/09/06/14:49:10.862114,7.09331274033
2019/09/06/14:49:10.866322,7.0937128067
2019/09/06/14:49:10.870220,7.09411287308
2019/09/06/14:49:10.874145,7.09451293945
2019/09/06/14:49:10.878291,7.09491300583
2019/09/06/14:49:10.882136,7.0953130722
2019/09/06/14:49:10.885960,7.09571313858
2019/09/06/14:49:10.890226,7.09611320496
2019/09/06/14:49:10.893970,7.09651327133
2019/09/06/14:49:10.898144,7.09691333771
2019/09/06/14:49:10.901978,7.09731340408
2019/09/06/14:49:10.906085,7.09771347046
2019/09/06/14:49:10.910012,7.09811353683
2019/09/06/14:49:10.914033,7.09851360321
2019/09/06/14:49:10.918052,7.09891366959
2019/09/06/14:49:10.922010,7.09931373596
2019/09/06/14:49:10.925814,7.09971380234
2019/09/06/14:49:10.930094,7.10011386871
2019/09/06/14:49:10.934053,7.10051393509
2019/09/06/14:49:10.938006,7.10091400146
2019/09/06/14:49:10.942166,7.10131406784
2019/09/06/14:49:10.946085,7.10171413422
2019/09/06/14:49:10.949982,7.10211420059
2019/09/06/14:49:10.954074,7.10251426697
2019/09/06/14:49:10.958119,7.10291433334
2019/09/06/14:49:10.962032,7.10331439972
2019/09/06/14:49:10.966030,7.10371446609
2019/09/06/14:49:10.970320,7.10411453247
2019/09/06/14:49:10.974285,7.10451459885
2019/09/06/14:49:10.978259,7.10491466522
2019/09/06/14:49:10.982132,7.1053147316
2019/09/06/14:49:10.985938,7.10571479797
2019/09/06/14:49:10.990225,7.10611486435
2019/09/06/14:49:10.994313,7.10651493073
2019/09/06/14:49:10.998048,7.1069149971
2019/09/06/14:49:11.001989,7.10731506348
2019/09/06/14:49:11.005880,7.10771512985
2019/09/06/14:49:11.010062,7.10811519623
2019/09/06/14:49:11.014145,7.1085152626
2019/09/06/14:49:11.018308,7.10891532898
2019/09/06/14:49:11.022270,7.10931539536
2019/09/06/14:49:11.025936,7.10971546173
2019/09/06/14:49:11.030008,7.11011552811
2019/09/06/14:49:11.034075,7.11051559448
2019/09/06/14:49:11.037928,7.11091566086
2019/09/06/14:49:11.042058,7.11131572723
2019/09/06/14:49:11.046013,7.11171579361
2019/09/06/14:49:11.050037,7.11211585999
2019/09/06/14:49:11.054072,7.11251592636
2019/09/06/14:49:11.057907,7.11291599274
2019/09/06/14:49:11.062146,7.11331605911
2019/09/06/14:49:11.066011,7.11371612549
2019/09/06/14:49:11.070052,7.11411619186
2019/09/06/14:49:11.074001,7.11451625824
2019/09/06/14:49:11.078287,7.11491632462
2019/09/06/14:49:11.082030,7.11531639099
2019/09/06/14:49:11.085998,7.11571645737
2019/09/06/14:49:11.089948,7.11611652374
2019/09/06/14:49:11.093961,7.11651659012
2019/09/06/14:49:11.098059,7.11691665649
2019/09/06/14:49:11.102028,7.11731672287
2019/09/06/14:49:11.106052,7.11771678925
2019/09/06/14:49:11.110272,7.11811685562
2019/09/06/14:49:11.113990,7.118516922
2019/09/06/14:49:11.117957,7.11891698837
2019/09/06/14:49:11.122173,7.11931705475
2019/09/06/14:49:11.125945,7.11971712112
2019/09/06/14:49:11.130179,7.1201171875
2019/09/06/14:49:11.133993,7.12051725388
2019/09/06/14:49:11.137965,7.12091732025
2019/09/06/14:49:11.141804,7.12131738663
2019/09/06/14:49:11.146043,7.121717453
2019/09/06/14:49:11.150029,7.12211751938
2019/09/06/14:49:11.154259,7.12251758575
2019/09/06/14:49:11.158338,7.12291765213
2019/09/06/14:49:11.162306,7.12331771851
2019/09/06/14:49:11.166148,7.12371778488
2019/09/06/14:49:11.170236,7.12411785126
2019/09/06/14:49:11.174118,7.12451791763
2019/09/06/14:49:11.178199,7.12491798401
2019/09/06/14:49:11.182179,7.12531805038
2019/09/06/14:49:11.186091,7.12571811676
2019/09/06/14:49:11.189989,7.12611818314
2019/09/06/14:49:11.194266,7.12651824951
2019/09/06/14:49:11.198133,7.12691831589
2019/09/06/14:49:11.202098,7.12731838226
2019/09/06/14:49:11.206226,7.12771844864
2019/09/06/14:49:11.210052,7.12811851501
2019/09/06/14:49:11.214064,7.12851858139
2019/09/06/14:49:11.218114,7.12891864777
2019/09/06/14:49:11.221957,7.12931871414
2019/09/06/14:49:11.226055,7.12971878052
2019/09/06/14:49:11.229980,7.13011884689
2019/09/06/14:49:11.233943,7.13051891327
2019/09/06/14:49:11.238141,7.13091897964
2019/09/06/14:49:11.242497,7.13131904602
2019/09/06/14:49:11.246255,7.1317191124
2019/09/06/14:49:11.250242,7.13211917877
2019/09/06/14:49:11.254093,7.13251924515
2019/09/06/14:49:11.258071,7.13291931152
2019/09/06/14:49:11.262156,7.1333193779
2019/09/06/14:49:11.266251,7.13371944427
2019/09/06/14:49:11.270168,7.13411951065
2019/09/06/14:49:11.274301,7.13451957703
2019/09/06/14:49:11.278134,7.1349196434
2019/09/06/14:49:11.282122,7.13531970978
2019/09/06/14:49:11.286001,7.13571977615
2019/09/06/14:49:11.290201,7.13611984253
2019/09/06/14:49:11.294061,7.13651990891
2019/09/06/14:49:11.298445,7.13691997528
2019/09/06/14:49:11.302257,7.13732004166
2019/09/06/14:49:11.306253,7.13772010803
2019/09/06/14:49:11.310118,7.13812017441
2019/09/06/14:49:11.314057,7.13852024078
2019/09/06/14:49:11.318044,7.13892030716
2019/09/06/14:49:11.322323,7.13932037354
2019/09/06/14:49:11.326067,7.13972043991
2019/09/06/14:49:11.330243,7.14012050629
2019/09/06/14:49:11.334170,7.14052057266
2019/09/06/14:49:11.338209,7.14092063904
2019/09/06/14:49:11.342182,7.14132070541
2019/09/06/14:49:11.346302,7.14172077179
2019/09/06/14:49:11.350100,7.14212083817
2019/09/06/14:49:11.354238,7.14252090454
2019/09/06/14:49:11.358236,7.14292097092
2019/09/06/14:49:11.362281,7.14332103729
2019/09/06/14:49:11.366060,7.14372110367
2019/09/06/14:49:11.370147,7.14412117004
2019/09/06/14:49:11.374464,7.14452123642
2019/09/06/14:49:11.378296,7.1449213028
2019/09/06/14:49:11.382468,7.14532136917
2019/09/06/14:49:11.386197,7.14572143555
2019/09/06/14:49:11.390201,7.14612150192
2019/09/06/14:49:11.394298,7.1465215683
2019/09/06/14:49:11.398115,7.14692163467
2019/09/06/14:49:11.402199,7.14732170105
2019/09/06/14:49:11.406358,7.14772176743
2019/09/06/14:49:11.410145,7.1481218338
2019/09/06/14:49:11.414042,7.14852190018
2019/09/06/14:49:11.418115,7.14892196655
2019/09/06/14:49:11.422223,7.14932203293
2019/09/06/14:49:11.426158,7.1497220993
2019/09/06/14:49:11.430086,7.15012216568
2019/09/06/14:49:11.434020,7.15052223206
2019/09/06/14:49:11.438455,7.15092229843
2019/09/06/14:49:11.442231,7.15132236481
2019/09/06/14:49:11.446342,7.15172243118
2019/09/06/14:49:11.450072,7.15212249756
2019/09/06/14:49:11.454140,7.15252256393
2019/09/06/14:49:11.458117,7.15292263031
2019/09/06/14:49:11.462318,7.15332269669
2019/09/06/14:49:11.466100,7.15372276306
2019/09/06/14:49:11.470148,7.15412282944
2019/09/06/14:49:11.474124,7.15452289581
2019/09/06/14:49:11.478140,7.15492296219
2019/09/06/14:49:11.482112,7.15532302856
2019/09/06/14:49:11.486133,7.15572309494
2019/09/06/14:49:11.490252,7.15612316132
2019/09/06/14:49:11.494338,7.15652322769
2019/09/06/14:49:11.498106,7.15692329407
2019/09/06/14:49:11.502540,7.15732336044
2019/09/06/14:49:11.506006,7.15772342682
2019/09/06/14:49:11.510190,7.15812349319
2019/09/06/14:49:11.514137,7.15852355957
2019/09/06/14:49:11.518132,7.15892362595
2019/09/06/14:49:11.522089,7.15932369232
2019/09/06/14:49:11.526096,7.1597237587
2019/09/06/14:49:11.530193,7.16012382507
2019/09/06/14:49:11.534225,7.16052389145
2019/09/06/14:49:11.538295,7.16092395782
2019/09/06/14:49:11.542264,7.1613240242
2019/09/06/14:49:11.546067,7.16172409058
2019/09/06/14:49:11.550062,7.16212415695
2019/09/06/14:49:11.554056,7.16252422333
2019/09/06/14:49:11.558168,7.1629242897
2019/09/06/14:49:11.562254,7.16332435608
2019/09/06/14:49:11.566094,7.16372442245
2019/09/06/14:49:11.570480,7.16412448883
2019/09/06/14:49:11.574203,7.16452455521
2019/09/06/14:49:11.578152,7.16492462158
2019/09/06/14:49:11.582091,7.16532468796
2019/09/06/14:49:11.586114,7.16572475433
2019/09/06/14:49:11.590237,7.16612482071
2019/09/06/14:49:11.594172,7.16652488708
2019/09/06/14:49:11.598139,7.16692495346
2019/09/06/14:49:11.602128,7.16732501984
2019/09/06/14:49:11.606138,7.16772508621
2019/09/06/14:49:11.610235,7.16812515259
2019/09/06/14:49:11.614181,7.16852521896
2019/09/06/14:49:11.618285,7.16892528534
2019/09/06/14:49:11.622532,7.16932535172
2019/09/06/14:49:11.626284,7.16972541809
2019/09/06/14:49:11.630134,7.17012548447
2019/09/06/14:49:11.634282,7.17052555084
2019/09/06/14:49:11.638314,7.17092561722
2019/09/06/14:49:11.641934,7.17132568359
2019/09/06/14:49:11.646118,7.17172574997
2019/09/06/14:49:11.650087,7.17212581635
2019/09/06/14:49:11.654032,7.17252588272
2019/09/06/14:49:11.658102,7.1729259491
2019/09/06/14:49:11.662234,7.17332601547
2019/09/06/14:49:11.666248,7.17372608185
2019/09/06/14:49:11.670114,7.17412614822
2019/09/06/14:49:11.674078,7.1745262146
2019/09/06/14:49:11.678257,7.17492628098
2019/09/06/14:49:11.682117,7.17532634735
2019/09/06/14:49:11.686258,7.17572641373
2019/09/06/14:49:11.689966,7.1761264801
2019/09/06/14:49:11.693937,7.17652654648
2019/09/06/14:49:11.697993,7.17692661285
2019/09/06/14:49:11.701985,7.17732667923
2019/09/06/14:49:11.705924,7.17772674561
2019/09/06/14:49:11.710161,7.17812681198
2019/09/06/14:49:11.714424,7.17852687836
2019/09/06/14:49:11.718447,7.17892694473
2019/09/06/14:49:11.722527,7.17932701111
2019/09/06/14:49:11.726074,7.17972707748
2019/09/06/14:49:11.730139,7.18012714386
2019/09/06/14:49:11.734260,7.18052721024
2019/09/06/14:49:11.738153,7.18092727661
2019/09/06/14:49:11.742434,7.18132734299
2019/09/06/14:49:11.746349,7.18172740936
2019/09/06/14:49:11.750411,7.18212747574
2019/09/06/14:49:11.754237,7.18252754211
2019/09/06/14:49:11.758111,7.18292760849
2019/09/06/14:49:11.762079,7.18332767487
2019/09/06/14:49:11.766114,7.18372774124
2019/09/06/14:49:11.770114,7.18412780762
2019/09/06/14:49:11.774191,7.18452787399
2019/09/06/14:49:11.778060,7.18492794037
2019/09/06/14:49:11.782135,7.18532800674
2019/09/06/14:49:11.786119,7.18572807312
2019/09/06/14:49:11.790113,7.1861281395
2019/09/06/14:49:11.794430,7.18652820587
2019/09/06/14:49:11.798352,7.18692827225
2019/09/06/14:49:11.802283,7.18732833862
2019/09/06/14:49:11.806294,7.187728405
2019/09/06/14:49:11.810139,7.18812847137
2019/09/06/14:49:11.814028,7.18852853775
2019/09/06/14:49:11.818347,7.18892860413
2019/09/06/14:49:11.822313,7.1893286705
2019/09/06/14:49:11.826250,7.18972873688
2019/09/06/14:49:11.830207,7.19012880325
2019/09/06/14:49:11.834086,7.19052886963
2019/09/06/14:49:11.838179,7.190928936
2019/09/06/14:49:11.842253,7.19132900238
2019/09/06/14:49:11.846169,7.19172906876
2019/09/06/14:49:11.850312,7.19212913513
2019/09/06/14:49:11.854155,7.19252920151
2019/09/06/14:49:11.858272,7.19292926788
2019/09/06/14:49:11.862260,7.19332933426
2019/09/06/14:49:11.866227,7.19372940063
2019/09/06/14:49:11.870123,7.19412946701
2019/09/06/14:49:11.874154,7.19452953339
2019/09/06/14:49:11.878138,7.19492959976
2019/09/06/14:49:11.882216,7.19532966614
2019/09/06/14:49:11.885987,7.19572973251
2019/09/06/14:49:11.890201,7.19612979889
2019/09/06/14:49:11.894144,7.19652986526
2019/09/06/14:49:11.898176,7.19692993164
2019/09/06/14:49:11.902174,7.19732999802
2019/09/06/14:49:11.906307,7.19773006439
2019/09/06/14:49:11.910154,7.19813013077
2019/09/06/14:49:11.914173,7.19853019714
2019/09/06/14:49:11.918321,7.19893026352
2019/09/06/14:49:11.922201,7.1993303299
2019/09/06/14:49:11.926374,7.19973039627
2019/09/06/14:49:11.930166,7.20013046265
2019/09/06/14:49:11.934142,7.20053052902
2019/09/06/14:49:11.938359,7.2009305954
2019/09/06/14:49:11.942157,7.20133066177
2019/09/06/14:49:11.946163,7.20173072815
2019/09/06/14:49:11.950165,7.20213079453
2019/09/06/14:49:11.954182,7.2025308609
2019/09/06/14:49:11.958051,7.20293092728
2019/09/06/14:49:11.962184,7.20333099365
2019/09/06/14:49:11.966212,7.20373106003
2019/09/06/14:49:11.970331,7.2041311264
2019/09/06/14:49:11.974241,7.20453119278
2019/09/06/14:49:11.978099,7.20493125916
2019/09/06/14:49:11.982501,7.20533132553
2019/09/06/14:49:11.986403,7.20573139191
2019/09/06/14:49:11.990178,7.20613145828
2019/09/06/14:49:11.994198,7.20653152466
2019/09/06/14:49:11.998085,7.20693159103
2019/09/06/14:49:12.002035,7.20733165741
2019/09/06/14:49:12.006070,7.20773172379
2019/09/06/14:49:12.010296,7.20813179016
2019/09/06/14:49:12.014299,7.20853185654
2019/09/06/14:49:12.018179,7.20893192291
2019/09/06/14:49:12.022343,7.20933198929
2019/09/06/14:49:12.026142,7.20973205566
2019/09/06/14:49:12.030116,7.21013212204
2019/09/06/14:49:12.034346,7.21053218842
2019/09/06/14:49:12.038180,7.21093225479
2019/09/06/14:49:12.042175,7.21133232117
2019/09/06/14:49:12.046194,7.21173238754
2019/09/06/14:49:12.050205,7.21213245392
2019/09/06/14:49:12.054264,7.21253252029
2019/09/06/14:49:12.058077,7.21293258667
2019/09/06/14:49:12.062052,7.21333265305
2019/09/06/14:49:12.066216,7.21373271942
2019/09/06/14:49:12.070208,7.2141327858
2019/09/06/14:49:12.074402,7.21453285217
2019/09/06/14:49:12.078154,7.21493291855
2019/09/06/14:49:12.082183,7.21533298492
2019/09/06/14:49:12.086263,7.2157330513
2019/09/06/14:49:12.090345,7.21613311768
2019/09/06/14:49:12.094274,7.21653318405
2019/09/06/14:49:12.098199,7.21693325043
2019/09/06/14:49:12.102267,7.2173333168
2019/09/06/14:49:12.106320,7.21773338318
2019/09/06/14:49:12.110128,7.21813344955
2019/09/06/14:49:12.114109,7.21853351593
2019/09/06/14:49:12.118144,7.21893358231
2019/09/06/14:49:12.122231,7.21933364868
2019/09/06/14:49:12.126096,7.21973371506
2019/09/06/14:49:12.130310,7.22013378143
2019/09/06/14:49:12.134259,7.22053384781
2019/09/06/14:49:12.138259,7.22093391418
2019/09/06/14:49:12.142226,7.22133398056
2019/09/06/14:49:12.146170,7.22173404694
2019/09/06/14:49:12.150218,7.22213411331
2019/09/06/14:49:12.154196,7.22253417969
2019/09/06/14:49:12.158426,7.22293424606
2019/09/06/14:49:12.162015,7.22333431244
2019/09/06/14:49:12.166067,7.22373437881
2019/09/06/14:49:12.170092,7.22413444519
2019/09/06/14:49:12.174160,7.22453451157
2019/09/06/14:49:12.178190,7.22493457794
2019/09/06/14:49:12.182146,7.22533464432
2019/09/06/14:49:12.186082,7.22573471069
2019/09/06/14:49:12.190000,7.22613477707
2019/09/06/14:49:12.194345,7.22653484344
2019/09/06/14:49:12.198175,7.22693490982
2019/09/06/14:49:12.202089,7.2273349762
2019/09/06/14:49:12.206272,7.22773504257
2019/09/06/14:49:12.210067,7.22813510895
2019/09/06/14:49:12.213958,7.22853517532
2019/09/06/14:49:12.218204,7.2289352417
2019/09/06/14:49:12.222318,7.22933530807
2019/09/06/14:49:12.226276,7.22973537445
2019/09/06/14:49:12.230349,7.23013544083
2019/09/06/14:49:12.234061,7.2305355072
2019/09/06/14:49:12.238220,7.23093557358
2019/09/06/14:49:12.242233,7.23133563995
2019/09/06/14:49:12.246045,7.23173570633
2019/09/06/14:49:12.250035,7.23213577271
2019/09/06/14:49:12.254169,7.23253583908
2019/09/06/14:49:12.258114,7.23293590546
2019/09/06/14:49:12.262189,7.23333597183
2019/09/06/14:49:12.266132,7.23373603821
2019/09/06/14:49:12.270078,7.23413610458
2019/09/06/14:49:12.274173,7.23453617096
2019/09/06/14:49:12.278102,7.23493623734
2019/09/06/14:49:12.282121,7.23533630371
2019/09/06/14:49:12.286081,7.23573637009
2019/09/06/14:49:12.290111,7.23613643646
2019/09/06/14:49:12.294246,7.23653650284
2019/09/06/14:49:12.298262,7.23693656921
2019/09/06/14:49:12.302304,7.23733663559
2019/09/06/14:49:12.306262,7.23773670197
2019/09/06/14:49:12.310238,7.23813676834
2019/09/06/14:49:12.314187,7.23853683472
2019/09/06/14:49:12.318276,7.23893690109
2019/09/06/14:49:12.322188,7.23933696747
2019/09/06/14:49:12.326000,7.23973703384
2019/09/06/14:49:12.330088,7.24013710022
2019/09/06/14:49:12.334130,7.2405371666
2019/09/06/14:49:12.338122,7.24093723297
2019/09/06/14:49:12.342120,7.24133729935
2019/09/06/14:49:12.346142,7.24173736572
2019/09/06/14:49:12.350145,7.2421374321
2019/09/06/14:49:12.354502,7.24253749847
2019/09/06/14:49:12.358227,7.24293756485
2019/09/06/14:49:12.362213,7.24333763123
2019/09/06/14:49:12.366059,7.2437376976
2019/09/06/14:49:12.370385,7.24413776398
2019/09/06/14:49:12.374278,7.24453783035
2019/09/06/14:49:12.378133,7.24493789673
2019/09/06/14:49:12.382253,7.2453379631
2019/09/06/14:49:12.386091,7.24573802948
2019/09/06/14:49:12.390164,7.24613809586
2019/09/06/14:49:12.394245,7.24653816223
2019/09/06/14:49:12.398215,7.24693822861
2019/09/06/14:49:12.402185,7.24733829498
2019/09/06/14:49:12.405991,7.24773836136
2019/09/06/14:49:12.409993,7.24813842773
2019/09/06/14:49:12.414102,7.24853849411
2019/09/06/14:49:12.418156,7.24893856049
2019/09/06/14:49:12.422070,7.24933862686
2019/09/06/14:49:12.425993,7.24973869324
2019/09/06/14:49:12.430087,7.25013875961
2019/09/06/14:49:12.434220,7.25053882599
2019/09/06/14:49:12.438110,7.25093889236
2019/09/06/14:49:12.442251,7.25133895874
2019/09/06/14:49:12.446044,7.25173902512
2019/09/06/14:49:12.450222,7.25213909149
2019/09/06/14:49:12.454275,7.25253915787
2019/09/06/14:49:12.458156,7.25293922424
2019/09/06/14:49:12.462563,7.25333929062
2019/09/06/14:49:12.466252,7.25373935699
2019/09/06/14:49:12.470203,7.25413942337
2019/09/06/14:49:12.474094,7.25453948975
2019/09/06/14:49:12.478289,7.25493955612
2019/09/06/14:49:12.482149,7.2553396225
2019/09/06/14:49:12.485880,7.25573968887
2019/09/06/14:49:12.490079,7.25613975525
2019/09/06/14:49:12.494152,7.25653982162
2019/09/06/14:49:12.498093,7.256939888
2019/09/06/14:49:12.502223,7.25733995438
2019/09/06/14:49:12.506229,7.25774002075
2019/09/06/14:49:12.510222,7.25814008713
2019/09/06/14:49:12.514241,7.2585401535
2019/09/06/14:49:12.518237,7.25894021988
2019/09/06/14:49:12.522177,7.25934028625
2019/09/06/14:49:12.526072,7.25974035263
2019/09/06/14:49:12.530170,7.26014041901
2019/09/06/14:49:12.534068,7.26054048538
2019/09/06/14:49:12.538086,7.26094055176
2019/09/06/14:49:12.542200,7.26134061813
2019/09/06/14:49:12.546250,7.26174068451
2019/09/06/14:49:12.550203,7.26214075089
2019/09/06/14:49:12.554249,7.26254081726
2019/09/06/14:49:12.558217,7.26294088364
2019/09/06/14:49:12.562334,7.26334095001
2019/09/06/14:49:12.566145,7.26374101639
2019/09/06/14:49:12.569945,7.26414108276
2019/09/06/14:49:12.574143,7.26454114914
2019/09/06/14:49:12.578100,7.26494121552
2019/09/06/14:49:12.581965,7.26534128189
2019/09/06/14:49:12.586212,7.26574134827
2019/09/06/14:49:12.590044,7.26614141464
2019/09/06/14:49:12.594368,7.26654148102
2019/09/06/14:49:12.598013,7.26694154739
2019/09/06/14:49:12.602094,7.26734161377
2019/09/06/14:49:12.606019,7.26774168015
2019/09/06/14:49:12.610310,7.26814174652
2019/09/06/14:49:12.614192,7.2685418129
2019/09/06/14:49:12.618212,7.26894187927
2019/09/06/14:49:12.622130,7.26934194565
2019/09/06/14:49:12.626120,7.26974201202
2019/09/06/14:49:12.630141,7.2701420784
2019/09/06/14:49:12.634156,7.27054214478
2019/09/06/14:49:12.638219,7.27094221115
2019/09/06/14:49:12.642076,7.27134227753
2019/09/06/14:49:12.646101,7.2717423439
2019/09/06/14:49:12.650215,7.27214241028
2019/09/06/14:49:12.654101,7.27254247665
2019/09/06/14:49:12.658152,7.27294254303
2019/09/06/14:49:12.662333,7.27334260941
2019/09/06/14:49:12.666249,7.27374267578
2019/09/06/14:49:12.670126,7.27414274216
2019/09/06/14:49:12.674090,7.27454280853
2019/09/06/14:49:12.677985,7.27494287491
2019/09/06/14:49:12.682367,7.27534294128
2019/09/06/14:49:12.686069,7.27574300766
2019/09/06/14:49:12.690061,7.27614307404
2019/09/06/14:49:12.694100,7.27654314041
2019/09/06/14:49:12.698152,7.27694320679
2019/09/06/14:49:12.702301,7.27734327316
2019/09/06/14:49:12.706175,7.27774333954
2019/09/06/14:49:12.710144,7.27814340591
2019/09/06/14:49:12.714131,7.27854347229
2019/09/06/14:49:12.718293,7.27894353867
2019/09/06/14:49:12.722203,7.27934360504
2019/09/06/14:49:12.726039,7.27974367142
2019/09/06/14:49:12.730215,7.28014373779
2019/09/06/14:49:12.734099,7.28054380417
2019/09/06/14:49:12.738096,7.28094387054
2019/09/06/14:49:12.742125,7.28134393692
2019/09/06/14:49:12.746246,7.2817440033
2019/09/06/14:49:12.750321,7.28214406967
2019/09/06/14:49:12.754251,7.28254413605
2019/09/06/14:49:12.758092,7.28294420242
2019/09/06/14:49:12.762088,7.2833442688
2019/09/06/14:49:12.766211,7.28374433517
2019/09/06/14:49:12.770344,7.28414440155
2019/09/06/14:49:12.774342,7.28454446793
2019/09/06/14:49:12.778105,7.2849445343
2019/09/06/14:49:12.782194,7.28534460068
2019/09/06/14:49:12.786545,7.28574466705
2019/09/06/14:49:12.790300,7.28614473343
2019/09/06/14:49:12.794370,7.2865447998
2019/09/06/14:49:12.798277,7.28694486618
2019/09/06/14:49:12.802319,7.28734493256
2019/09/06/14:49:12.806160,7.28774499893
2019/09/06/14:49:12.810208,7.28814506531
2019/09/06/14:49:12.814067,7.28854513168
2019/09/06/14:49:12.818152,7.28894519806
2019/09/06/14:49:12.822257,7.28934526443
2019/09/06/14:49:12.826237,7.28974533081
2019/09/06/14:49:12.830210,7.29014539719
2019/09/06/14:49:12.834191,7.29054546356
2019/09/06/14:49:12.838073,7.29094552994
2019/09/06/14:49:12.842540,7.29134559631
2019/09/06/14:49:12.846215,7.29174566269
2019/09/06/14:49:12.850172,7.29214572906
2019/09/06/14:49:12.854021,7.29254579544
2019/09/06/14:49:12.858061,7.29294586182
2019/09/06/14:49:12.862157,7.29334592819
2019/09/06/14:49:12.866171,7.29374599457
2019/09/06/14:49:12.870171,7.29414606094
2019/09/06/14:49:12.874166,7.29454612732
2019/09/06/14:49:12.878122,7.2949461937
2019/09/06/14:49:12.882240,7.29534626007
2019/09/06/14:49:12.886193,7.29574632645
2019/09/06/14:49:12.890114,7.29614639282
2019/09/06/14:49:12.894097,7.2965464592
2019/09/06/14:49:12.898069,7.29694652557
2019/09/06/14:49:12.902143,7.29734659195
2019/09/06/14:49:12.906197,7.29774665833
2019/09/06/14:49:12.910354,7.2981467247
2019/09/06/14:49:12.914191,7.29854679108
2019/09/06/14:49:12.918338,7.29894685745
2019/09/06/14:49:12.922112,7.29934692383
2019/09/06/14:49:12.926063,7.2997469902
2019/09/06/14:49:12.930154,7.30014705658
2019/09/06/14:49:12.934312,7.30054712296
2019/09/06/14:49:12.938195,7.30094718933
2019/09/06/14:49:12.941966,7.30134725571
2019/09/06/14:49:12.946291,7.30174732208
2019/09/06/14:49:12.950216,7.30214738846
2019/09/06/14:49:12.954030,7.30254745483
2019/09/06/14:49:12.958087,7.30294752121
2019/09/06/14:49:12.962152,7.30334758759
2019/09/06/14:49:12.966140,7.30374765396
2019/09/06/14:49:12.970364,7.30414772034
2019/09/06/14:49:12.974370,7.30454778671
2019/09/06/14:49:12.978302,7.30494785309
2019/09/06/14:49:12.982266,7.30534791946
2019/09/06/14:49:12.986029,7.30574798584
2019/09/06/14:49:12.990315,7.30614805222
2019/09/06/14:49:12.993989,7.30654811859
2019/09/06/14:49:12.998325,7.30694818497
2019/09/06/14:49:13.002206,7.30734825134
2019/09/06/14:49:13.006185,7.30774831772
2019/09/06/14:49:13.010255,7.30814838409
2019/09/06/14:49:13.014049,7.30854845047
2019/09/06/14:49:13.018244,7.30894851685
2019/09/06/14:49:13.022388,7.30934858322
2019/09/06/14:49:13.026264,7.3097486496
2019/09/06/14:49:13.030281,7.31014871597
2019/09/06/14:49:13.034159,7.31054878235
2019/09/06/14:49:13.038516,7.31094884872
2019/09/06/14:49:13.042007,7.3113489151
2019/09/06/14:49:13.046162,7.31174898148
2019/09/06/14:49:13.050121,7.31214904785
2019/09/06/14:49:13.054149,7.31254911423
2019/09/06/14:49:13.058018,7.3129491806
2019/09/06/14:49:13.062371,7.31334924698
2019/09/06/14:49:13.066194,7.31374931335
2019/09/06/14:49:13.070161,7.31414937973
2019/09/06/14:49:13.074028,7.31454944611
2019/09/06/14:49:13.078088,7.31494951248
2019/09/06/14:49:13.082175,7.31534957886
2019/09/06/14:49:13.086130,7.31574964523
2019/09/06/14:49:13.090168,7.31614971161
2019/09/06/14:49:13.094249,7.31654977798
2019/09/06/14:49:13.098073,7.31694984436
2019/09/06/14:49:13.102134,7.31734991074
2019/09/06/14:49:13.106246,7.31774997711
2019/09/06/14:49:13.110220,7.31815004349
2019/09/06/14:49:13.114346,7.31855010986
2019/09/06/14:49:13.118047,7.31895017624
2019/09/06/14:49:13.122111,7.31935024261
2019/09/06/14:49:13.126266,7.31975030899
2019/09/06/14:49:13.130108,7.32015037537
2019/09/06/14:49:13.134001,7.32055044174
2019/09/06/14:49:13.138080,7.32095050812
2019/09/06/14:49:13.142266,7.32135057449
2019/09/06/14:49:13.146123,7.32175064087
2019/09/06/14:49:13.150112,7.32215070724
2019/09/06/14:49:13.154305,7.32255077362
2019/09/06/14:49:13.158291,7.32295084
2019/09/06/14:49:13.162194,7.32335090637
2019/09/06/14:49:13.166164,7.32375097275
2019/09/06/14:49:13.170135,7.32415103912
2019/09/06/14:49:13.174140,7.3245511055
2019/09/06/14:49:13.178250,7.32495117188
2019/09/06/14:49:13.182183,7.32535123825
2019/09/06/14:49:13.187344,7.32575130463
2019/09/06/14:49:13.190109,7.326151371
2019/09/06/14:49:13.194093,7.32655143738
2019/09/06/14:49:13.198127,7.32695150375
2019/09/06/14:49:13.202043,7.32735157013
2019/09/06/14:49:13.206084,7.32775163651
2019/09/06/14:49:13.210100,7.32815170288
2019/09/06/14:49:13.213966,7.32855176926
2019/09/06/14:49:13.218267,7.32895183563
2019/09/06/14:49:13.221972,7.32935190201
2019/09/06/14:49:13.226048,7.32975196838
2019/09/06/14:49:13.229998,7.33015203476
2019/09/06/14:49:13.234071,7.33055210114
2019/09/06/14:49:13.238107,7.33095216751
2019/09/06/14:49:13.242132,7.33135223389
2019/09/06/14:49:13.246059,7.33175230026
2019/09/06/14:49:13.250171,7.33215236664
2019/09/06/14:49:13.254007,7.33255243301
2019/09/06/14:49:13.258198,7.33295249939
2019/09/06/14:49:13.262103,7.33335256577
2019/09/06/14:49:13.265990,7.33375263214
2019/09/06/14:49:13.269941,7.33415269852
2019/09/06/14:49:13.274295,7.33455276489
2019/09/06/14:49:13.278513,7.33495283127
2019/09/06/14:49:13.282323,7.33535289764
2019/09/06/14:49:13.286112,7.33575296402
2019/09/06/14:49:13.290239,7.3361530304
2019/09/06/14:49:13.294182,7.33655309677
2019/09/06/14:49:13.298010,7.33695316315
2019/09/06/14:49:13.302222,7.33735322952
2019/09/06/14:49:13.306033,7.3377532959
2019/09/06/14:49:13.310627,7.33815336227
2019/09/06/14:49:13.314088,7.33855342865
2019/09/06/14:49:13.318100,7.33895349503
2019/09/06/14:49:13.322374,7.3393535614
2019/09/06/14:49:13.326044,7.33975362778
2019/09/06/14:49:13.330117,7.34015369415
2019/09/06/14:49:13.334342,7.34055376053
2019/09/06/14:49:13.338191,7.3409538269
2019/09/06/14:49:13.342667,7.34135389328
2019/09/06/14:49:13.346294,7.34175395966
2019/09/06/14:49:13.350171,7.34215402603
2019/09/06/14:49:13.354123,7.34255409241
2019/09/06/14:49:13.358177,7.34295415878
2019/09/06/14:49:13.362123,7.34335422516
2019/09/06/14:49:13.366416,7.34375429153
2019/09/06/14:49:13.370113,7.34415435791
2019/09/06/14:49:13.374129,7.34455442429
2019/09/06/14:49:13.378355,7.34495449066
2019/09/06/14:49:13.382115,7.34535455704
2019/09/06/14:49:13.386100,7.34575462341
2019/09/06/14:49:13.390134,7.34615468979
2019/09/06/14:49:13.394129,7.34655475616
2019/09/06/14:49:13.398240,7.34695482254
2019/09/06/14:49:13.402211,7.34735488892
2019/09/06/14:49:13.406172,7.34775495529
2019/09/06/14:49:13.410274,7.34815502167
2019/09/06/14:49:13.414178,7.34855508804
2019/09/06/14:49:13.418284,7.34895515442
2019/09/06/14:49:13.422179,7.34935522079
2019/09/06/14:49:13.426500,7.34975528717
2019/09/06/14:49:13.430446,7.35015535355
2019/09/06/14:49:13.434191,7.35055541992
2019/09/06/14:49:13.438135,7.3509554863
2019/09/06/14:49:13.442234,7.35135555267
2019/09/06/14:49:13.446018,7.35175561905
2019/09/06/14:49:13.450165,7.35215568542
2019/09/06/14:49:13.454129,7.3525557518
2019/09/06/14:49:13.458078,7.35295581818
2019/09/06/14:49:13.462205,7.35335588455
2019/09/06/14:49:13.466203,7.35375595093
2019/09/06/14:49:13.470311,7.3541560173
2019/09/06/14:49:13.474158,7.35455608368
2019/09/06/14:49:13.478211,7.35495615005
2019/09/06/14:49:13.482139,7.35535621643
2019/09/06/14:49:13.485961,7.35575628281
2019/09/06/14:49:13.490164,7.35615634918
2019/09/06/14:49:13.494181,7.35655641556
2019/09/06/14:49:13.498336,7.35695648193
2019/09/06/14:49:13.502399,7.35735654831
2019/09/06/14:49:13.506239,7.35775661469
2019/09/06/14:49:13.510166,7.35815668106
2019/09/06/14:49:13.514056,7.35855674744
2019/09/06/14:49:13.518110,7.35895681381
2019/09/06/14:49:13.522004,7.35935688019
2019/09/06/14:49:13.526143,7.35975694656
2019/09/06/14:49:13.530128,7.36015701294
2019/09/06/14:49:13.534135,7.36055707932
2019/09/06/14:49:13.538281,7.36095714569
2019/09/06/14:49:13.542249,7.36135721207
2019/09/06/14:49:13.546215,7.36175727844
2019/09/06/14:49:13.550156,7.36215734482
2019/09/06/14:49:13.554233,7.36255741119
2019/09/06/14:49:13.558320,7.36295747757
2019/09/06/14:49:13.562165,7.36335754395
2019/09/06/14:49:13.566278,7.36375761032
2019/09/06/14:49:13.570170,7.3641576767
2019/09/06/14:49:13.574234,7.36455774307
2019/09/06/14:49:13.578197,7.36495780945
2019/09/06/14:49:13.582170,7.36535787582
2019/09/06/14:49:13.586294,7.3657579422
2019/09/06/14:49:13.590317,7.36615800858
2019/09/06/14:49:13.594367,7.36655807495
2019/09/06/14:49:13.598232,7.36695814133
2019/09/06/14:49:13.602200,7.3673582077
2019/09/06/14:49:13.605999,7.36775827408
2019/09/06/14:49:13.610137,7.36815834045
2019/09/06/14:49:13.614166,7.36855840683
2019/09/06/14:49:13.618113,7.36895847321
2019/09/06/14:49:13.622238,7.36935853958
2019/09/06/14:49:13.626060,7.36975860596
2019/09/06/14:49:13.630122,7.37015867233
2019/09/06/14:49:13.634225,7.37055873871
2019/09/06/14:49:13.638111,7.37095880508
2019/09/06/14:49:13.642358,7.37135887146
2019/09/06/14:49:13.646199,7.37175893784
2019/09/06/14:49:13.649926,7.37215900421
2019/09/06/14:49:13.653973,7.37255907059
2019/09/06/14:49:13.658015,7.37295913696
2019/09/06/14:49:13.662274,7.37335920334
2019/09/06/14:49:13.666111,7.37375926971
2019/09/06/14:49:13.670266,7.37415933609
2019/09/06/14:49:13.674145,7.37455940247
2019/09/06/14:49:13.678187,7.37495946884
2019/09/06/14:49:13.682047,7.37535953522
2019/09/06/14:49:13.686503,7.37575960159
2019/09/06/14:49:13.690207,7.37615966797
2019/09/06/14:49:13.693975,7.37655973434
2019/09/06/14:49:13.698017,7.37695980072
2019/09/06/14:49:13.701931,7.3773598671
2019/09/06/14:49:13.706000,7.37775993347
2019/09/06/14:49:13.710032,7.37815999985
2019/09/06/14:49:13.714293,7.37856006622
2019/09/06/14:49:13.717920,7.3789601326
2019/09/06/14:49:13.722096,7.37936019897
2019/09/06/14:49:13.726036,7.37976026535
2019/09/06/14:49:13.730070,7.38016033173
2019/09/06/14:49:13.734082,7.3805603981
2019/09/06/14:49:13.738137,7.38096046448
2019/09/06/14:49:13.741897,7.38136053085
2019/09/06/14:49:13.746232,7.38176059723
2019/09/06/14:49:13.750067,7.3821606636
2019/09/06/14:49:13.754354,7.38256072998
2019/09/06/14:49:13.758155,7.38296079636
2019/09/06/14:49:13.762123,7.38336086273
2019/09/06/14:49:13.766140,7.38376092911
2019/09/06/14:49:13.770344,7.38416099548
2019/09/06/14:49:13.774320,7.38456106186
2019/09/06/14:49:13.778226,7.38496112823
2019/09/06/14:49:13.782103,7.38536119461
2019/09/06/14:49:13.786056,7.38576126099
2019/09/06/14:49:13.790085,7.38616132736
2019/09/06/14:49:13.794136,7.38656139374
2019/09/06/14:49:13.798283,7.38696146011
2019/09/06/14:49:13.802266,7.38736152649
2019/09/06/14:49:13.806166,7.38776159286
2019/09/06/14:49:13.810167,7.38816165924
2019/09/06/14:49:13.814243,7.38856172562
2019/09/06/14:49:13.818323,7.38896179199
2019/09/06/14:49:13.822353,7.38936185837
2019/09/06/14:49:13.826348,7.38976192474
2019/09/06/14:49:13.830222,7.39016199112
2019/09/06/14:49:13.834226,7.3905620575
2019/09/06/14:49:13.838291,7.39096212387
2019/09/06/14:49:13.842665,7.39136219025
2019/09/06/14:49:13.846173,7.39176225662
2019/09/06/14:49:13.849963,7.392162323
2019/09/06/14:49:13.853953,7.39256238937
2019/09/06/14:49:13.858154,7.39296245575
2019/09/06/14:49:13.862334,7.39336252213
2019/09/06/14:49:13.866109,7.3937625885
2019/09/06/14:49:13.870037,7.39416265488
2019/09/06/14:49:13.874077,7.39456272125
2019/09/06/14:49:13.878180,7.39496278763
2019/09/06/14:49:13.882202,7.395362854
2019/09/06/14:49:13.886251,7.39576292038
2019/09/06/14:49:13.889976,7.39616298676
2019/09/06/14:49:13.894151,7.39656305313
2019/09/06/14:49:13.898090,7.39696311951
2019/09/06/14:49:13.902114,7.39736318588
2019/09/06/14:49:13.906121,7.39776325226
2019/09/06/14:49:13.910253,7.39816331863
2019/09/06/14:49:13.914195,7.39856338501
2019/09/06/14:49:13.918379,7.39896345139
2019/09/06/14:49:13.922189,7.39936351776
2019/09/06/14:49:13.926075,7.39976358414
2019/09/06/14:49:13.930279,7.40016365051
2019/09/06/14:49:13.934174,7.40056371689
2019/09/06/14:49:13.938340,7.40096378326
2019/09/06/14:49:13.942286,7.40136384964
2019/09/06/14:49:13.946044,7.40176391602
2019/09/06/14:49:13.950153,7.40216398239
2019/09/06/14:49:13.954031,7.40256404877
2019/09/06/14:49:13.958183,7.40296411514
2019/09/06/14:49:13.962247,7.40336418152
2019/09/06/14:49:13.966325,7.40376424789
2019/09/06/14:49:13.970220,7.40416431427
2019/09/06/14:49:13.974129,7.40456438065
2019/09/06/14:49:13.978240,7.40496444702
2019/09/06/14:49:13.982120,7.4053645134
2019/09/06/14:49:13.985895,7.40576457977
2019/09/06/14:49:13.990373,7.40616464615
2019/09/06/14:49:13.994174,7.40656471252
2019/09/06/14:49:13.998329,7.4069647789
2019/09/06/14:49:14.002140,7.40736484528
2019/09/06/14:49:14.006073,7.40776491165
2019/09/06/14:49:14.010210,7.40816497803
2019/09/06/14:49:14.014248,7.4085650444
2019/09/06/14:49:14.018075,7.40896511078
2019/09/06/14:49:14.022208,7.40936517715
2019/09/06/14:49:14.026228,7.40976524353
2019/09/06/14:49:14.030207,7.41016530991
2019/09/06/14:49:14.034160,7.41056537628
2019/09/06/14:49:14.038228,7.41096544266
2019/09/06/14:49:14.042114,7.41136550903
2019/09/06/14:49:14.046081,7.41176557541
2019/09/06/14:49:14.050216,7.41216564178
2019/09/06/14:49:14.054179,7.41256570816
2019/09/06/14:49:14.058175,7.41296577454
2019/09/06/14:49:14.062212,7.41336584091
2019/09/06/14:49:14.066222,7.41376590729
2019/09/06/14:49:14.070245,7.41416597366
2019/09/06/14:49:14.074288,7.41456604004
2019/09/06/14:49:14.078218,7.41496610641
2019/09/06/14:49:14.082251,7.41536617279
2019/09/06/14:49:14.086775,7.41576623917
2019/09/06/14:49:14.090317,7.41616630554
2019/09/06/14:49:14.094243,7.41656637192
2019/09/06/14:49:14.098387,7.41696643829
2019/09/06/14:49:14.102244,7.41736650467
2019/09/06/14:49:14.106170,7.41776657104
2019/09/06/14:49:14.110191,7.41816663742
2019/09/06/14:49:14.114193,7.4185667038
2019/09/06/14:49:14.118047,7.41896677017
2019/09/06/14:49:14.122281,7.41936683655
2019/09/06/14:49:14.126091,7.41976690292
2019/09/06/14:49:14.130254,7.4201669693
2019/09/06/14:49:14.134087,7.42056703568
2019/09/06/14:49:14.138070,7.42096710205
2019/09/06/14:49:14.142229,7.42136716843
2019/09/06/14:49:14.146291,7.4217672348
2019/09/06/14:49:14.150144,7.42216730118
2019/09/06/14:49:14.154082,7.42256736755
2019/09/06/14:49:14.158175,7.42296743393
2019/09/06/14:49:14.162264,7.42336750031
2019/09/06/14:49:14.166170,7.42376756668
2019/09/06/14:49:14.170259,7.42416763306
2019/09/06/14:49:14.174134,7.42456769943
2019/09/06/14:49:14.178137,7.42496776581
2019/09/06/14:49:14.182311,7.42536783218
2019/09/06/14:49:14.186167,7.42576789856
2019/09/06/14:49:14.190168,7.42616796494
2019/09/06/14:49:14.194246,7.42656803131
2019/09/06/14:49:14.197942,7.42696809769
2019/09/06/14:49:14.201835,7.42736816406
2019/09/06/14:49:14.206007,7.42776823044
2019/09/06/14:49:14.210336,7.42816829681
2019/09/06/14:49:14.214166,7.42856836319
2019/09/06/14:49:14.217988,7.42896842957
2019/09/06/14:49:14.222006,7.42936849594
2019/09/06/14:49:14.226294,7.42976856232
2019/09/06/14:49:14.230190,7.43016862869
2019/09/06/14:49:14.234160,7.43056869507
2019/09/06/14:49:14.238144,7.43096876144
2019/09/06/14:49:14.242093,7.43136882782
2019/09/06/14:49:14.246198,7.4317688942
2019/09/06/14:49:14.250170,7.43216896057
2019/09/06/14:49:14.254116,7.43256902695
2019/09/06/14:49:14.258256,7.43296909332
2019/09/06/14:49:14.262163,7.4333691597
2019/09/06/14:49:14.266257,7.43376922607
2019/09/06/14:49:14.270291,7.43416929245
2019/09/06/14:49:14.274095,7.43456935883
2019/09/06/14:49:14.278212,7.4349694252
2019/09/06/14:49:14.282197,7.43536949158
2019/09/06/14:49:14.286175,7.43576955795
2019/09/06/14:49:14.290188,7.43616962433
2019/09/06/14:49:14.294283,7.4365696907
2019/09/06/14:49:14.298267,7.43696975708
2019/09/06/14:49:14.302250,7.43736982346
2019/09/06/14:49:14.306252,7.43776988983
2019/09/06/14:49:14.310385,7.43816995621
2019/09/06/14:49:14.314305,7.43857002258
2019/09/06/14:49:14.318241,7.43897008896
2019/09/06/14:49:14.322183,7.43937015533
2019/09/06/14:49:14.326154,7.43977022171
2019/09/06/14:49:14.330213,7.44017028809
2019/09/06/14:49:14.334220,7.44057035446
2019/09/06/14:49:14.338041,7.44097042084
2019/09/06/14:49:14.342300,7.44137048721
2019/09/06/14:49:14.346170,7.44177055359
2019/09/06/14:49:14.350103,7.44217061996
2019/09/06/14:49:14.354181,7.44257068634
2019/09/06/14:49:14.358165,7.44297075272
2019/09/06/14:49:14.362297,7.44337081909
2019/09/06/14:49:14.366121,7.44377088547
2019/09/06/14:49:14.370281,7.44417095184
2019/09/06/14:49:14.374340,7.44457101822
2019/09/06/14:49:14.378610,7.44497108459
2019/09/06/14:49:14.382278,7.44537115097
2019/09/06/14:49:14.386206,7.44577121735
2019/09/06/14:49:14.390062,7.44617128372
2019/09/06/14:49:14.394390,7.4465713501
2019/09/06/14:49:14.398401,7.44697141647
2019/09/06/14:49:14.402296,7.44737148285
2019/09/06/14:49:14.406298,7.44777154922
2019/09/06/14:49:14.410405,7.4481716156
2019/09/06/14:49:14.414140,7.44857168198
2019/09/06/14:49:14.418250,7.44897174835
2019/09/06/14:49:14.422334,7.44937181473
2019/09/06/14:49:14.426493,7.4497718811
2019/09/06/14:49:14.430096,7.45017194748
2019/09/06/14:49:14.434131,7.45057201385
2019/09/06/14:49:14.438063,7.45097208023
2019/09/06/14:49:14.442279,7.45137214661
2019/09/06/14:49:14.446517,7.45177221298
2019/09/06/14:49:14.450262,7.45217227936
2019/09/06/14:49:14.454174,7.45257234573
2019/09/06/14:49:14.458169,7.45297241211
2019/09/06/14:49:14.462252,7.45337247849
2019/09/06/14:49:14.466194,7.45377254486
2019/09/06/14:49:14.470573,7.45417261124
2019/09/06/14:49:14.474242,7.45457267761
2019/09/06/14:49:14.478220,7.45497274399
2019/09/06/14:49:14.482044,7.45537281036
2019/09/06/14:49:14.486042,7.45577287674
2019/09/06/14:49:14.490122,7.45617294312
2019/09/06/14:49:14.494138,7.45657300949
2019/09/06/14:49:14.498107,7.45697307587
2019/09/06/14:49:14.502378,7.45737314224
2019/09/06/14:49:14.506361,7.45777320862
2019/09/06/14:49:14.510290,7.45817327499
2019/09/06/14:49:14.514434,7.45857334137
2019/09/06/14:49:14.518169,7.45897340775
2019/09/06/14:49:14.522346,7.45937347412
2019/09/06/14:49:14.526282,7.4597735405
2019/09/06/14:49:14.530166,7.46017360687
2019/09/06/14:49:14.534134,7.46057367325
2019/09/06/14:49:14.539089,7.46097373962
2019/09/06/14:49:14.542006,7.461373806
2019/09/06/14:49:14.546183,7.46177387238
2019/09/06/14:49:14.550133,7.46217393875
2019/09/06/14:49:14.554270,7.46257400513
2019/09/06/14:49:14.558409,7.4629740715
2019/09/06/14:49:14.562289,7.46337413788
2019/09/06/14:49:14.565942,7.46377420425
2019/09/06/14:49:14.570214,7.46417427063
2019/09/06/14:49:14.574309,7.46457433701
2019/09/06/14:49:14.578224,7.46497440338
2019/09/06/14:49:14.582469,7.46537446976
2019/09/06/14:49:14.586133,7.46577453613
2019/09/06/14:49:14.590189,7.46617460251
2019/09/06/14:49:14.594204,7.46657466888
2019/09/06/14:49:14.598172,7.46697473526
2019/09/06/14:49:14.602191,7.46737480164
2019/09/06/14:49:14.606124,7.46777486801
2019/09/06/14:49:14.610286,7.46817493439
2019/09/06/14:49:14.614242,7.46857500076
2019/09/06/14:49:14.618195,7.46897506714
2019/09/06/14:49:14.622350,7.46937513351
2019/09/06/14:49:14.626221,7.46977519989
2019/09/06/14:49:14.630112,7.47017526627
2019/09/06/14:49:14.634392,7.47057533264
2019/09/06/14:49:14.638302,7.47097539902
2019/09/06/14:49:14.642314,7.47137546539
2019/09/06/14:49:14.646165,7.47177553177
2019/09/06/14:49:14.650027,7.47217559814
2019/09/06/14:49:14.654051,7.47257566452
2019/09/06/14:49:14.658137,7.4729757309
2019/09/06/14:49:14.662140,7.47337579727
2019/09/06/14:49:14.666093,7.47377586365
2019/09/06/14:49:14.670094,7.47417593002
2019/09/06/14:49:14.674177,7.4745759964
2019/09/06/14:49:14.678028,7.47497606277
2019/09/06/14:49:14.682083,7.47537612915
2019/09/06/14:49:14.686130,7.47577619553
2019/09/06/14:49:14.690135,7.4761762619
2019/09/06/14:49:14.694125,7.47657632828
2019/09/06/14:49:14.698128,7.47697639465
2019/09/06/14:49:14.702157,7.47737646103
2019/09/06/14:49:14.706166,7.4777765274
2019/09/06/14:49:14.710200,7.47817659378
2019/09/06/14:49:14.714142,7.47857666016
2019/09/06/14:49:14.718123,7.47897672653
2019/09/06/14:49:14.722105,7.47937679291
2019/09/06/14:49:14.725958,7.47977685928
2019/09/06/14:49:14.729982,7.48017692566
2019/09/06/14:49:14.734121,7.48057699203
2019/09/06/14:49:14.738168,7.48097705841
2019/09/06/14:49:14.741858,7.48137712479
2019/09/06/14:49:14.746263,7.48177719116
2019/09/06/14:49:14.750285,7.48217725754
2019/09/06/14:49:14.754469,7.48257732391
2019/09/06/14:49:14.758346,7.48297739029
2019/09/06/14:49:14.762330,7.48337745667
2019/09/06/14:49:14.766097,7.48377752304
2019/09/06/14:49:14.770255,7.48417758942
2019/09/06/14:49:14.774165,7.48457765579
2019/09/06/14:49:14.778157,7.48497772217
2019/09/06/14:49:14.782154,7.48537778854
2019/09/06/14:49:14.786278,7.48577785492
2019/09/06/14:49:14.790235,7.4861779213
2019/09/06/14:49:14.794274,7.48657798767
2019/09/06/14:49:14.798171,7.48697805405
2019/09/06/14:49:14.802289,7.48737812042
2019/09/06/14:49:14.806309,7.4877781868
2019/09/06/14:49:14.810229,7.48817825317
2019/09/06/14:49:14.814135,7.48857831955
2019/09/06/14:49:14.818217,7.48897838593
2019/09/06/14:49:14.822207,7.4893784523
2019/09/06/14:49:14.826168,7.48977851868
2019/09/06/14:49:14.830187,7.49017858505
2019/09/06/14:49:14.834222,7.49057865143
2019/09/06/14:49:14.838160,7.4909787178
2019/09/06/14:49:14.842353,7.49137878418
2019/09/06/14:49:14.846162,7.49177885056
2019/09/06/14:49:14.850092,7.49217891693
2019/09/06/14:49:14.854039,7.49257898331
2019/09/06/14:49:14.858141,7.49297904968
2019/09/06/14:49:14.862146,7.49337911606
2019/09/06/14:49:14.866200,7.49377918243
2019/09/06/14:49:14.870244,7.49417924881
2019/09/06/14:49:14.874274,7.49457931519
2019/09/06/14:49:14.878226,7.49497938156
2019/09/06/14:49:14.882259,7.49537944794
2019/09/06/14:49:14.886263,7.49577951431
2019/09/06/14:49:14.890325,7.49617958069
2019/09/06/14:49:14.894496,7.49657964706
2019/09/06/14:49:14.898124,7.49697971344
2019/09/06/14:49:14.902249,7.49737977982
2019/09/06/14:49:14.906219,7.49777984619
2019/09/06/14:49:14.910304,7.49817991257
2019/09/06/14:49:14.914283,7.49857997894
2019/09/06/14:49:14.918152,7.49898004532
2019/09/06/14:49:14.922166,7.49938011169
2019/09/06/14:49:14.926178,7.49978017807
2019/09/06/14:49:14.930150,7.50018024445
2019/09/06/14:49:14.934320,7.50058031082
2019/09/06/14:49:14.938273,7.5009803772
2019/09/06/14:49:14.942078,7.50138044357
2019/09/06/14:49:14.946207,7.50178050995
2019/09/06/14:49:14.950116,7.50218057632
2019/09/06/14:49:14.954184,7.5025806427
2019/09/06/14:49:14.958109,7.50298070908
2019/09/06/14:49:14.962324,7.50338077545
2019/09/06/14:49:14.966110,7.50378084183
2019/09/06/14:49:14.970470,7.5041809082
2019/09/06/14:49:14.974234,7.50458097458
2019/09/06/14:49:14.978148,7.50498104095
2019/09/06/14:49:14.982108,7.50538110733
2019/09/06/14:49:14.986300,7.50578117371
2019/09/06/14:49:14.990212,7.50618124008
2019/09/06/14:49:14.994116,7.50658130646
2019/09/06/14:49:14.998127,7.50698137283
2019/09/06/14:49:15.002050,7.50738143921
2019/09/06/14:49:15.006320,7.50778150558
2019/09/06/14:49:15.010198,7.50818157196
2019/09/06/14:49:15.014295,7.50858163834
2019/09/06/14:49:15.018286,7.50898170471
2019/09/06/14:49:15.022225,7.50938177109
2019/09/06/14:49:15.025940,7.50978183746
2019/09/06/14:49:15.030199,7.51018190384
2019/09/06/14:49:15.034395,7.51058197021
2019/09/06/14:49:15.038159,7.51098203659
2019/09/06/14:49:15.042103,7.51138210297
2019/09/06/14:49:15.046144,7.51178216934
2019/09/06/14:49:15.050217,7.51218223572
2019/09/06/14:49:15.054429,7.51258230209
2019/09/06/14:49:15.058200,7.51298236847
2019/09/06/14:49:15.062445,7.51338243484
2019/09/06/14:49:15.066475,7.51378250122
2019/09/06/14:49:15.070370,7.5141825676
2019/09/06/14:49:15.074248,7.51458263397
2019/09/06/14:49:15.078340,7.51498270035
2019/09/06/14:49:15.082171,7.51538276672
2019/09/06/14:49:15.086214,7.5157828331
2019/09/06/14:49:15.090209,7.51618289948
2019/09/06/14:49:15.094194,7.51658296585
2019/09/06/14:49:15.098140,7.51698303223
2019/09/06/14:49:15.102178,7.5173830986
2019/09/06/14:49:15.106111,7.51778316498
2019/09/06/14:49:15.110184,7.51818323135
2019/09/06/14:49:15.114236,7.51858329773
2019/09/06/14:49:15.118103,7.51898336411
2019/09/06/14:49:15.122260,7.51938343048
2019/09/06/14:49:15.126145,7.51978349686
2019/09/06/14:49:15.130266,7.52018356323
2019/09/06/14:49:15.134248,7.52058362961
2019/09/06/14:49:15.138137,7.52098369598
2019/09/06/14:49:15.142249,7.52138376236
2019/09/06/14:49:15.146131,7.52178382874
2019/09/06/14:49:15.150415,7.52218389511
2019/09/06/14:49:15.154241,7.52258396149
2019/09/06/14:49:15.158226,7.52298402786
2019/09/06/14:49:15.162159,7.52338409424
2019/09/06/14:49:15.166174,7.52378416061
2019/09/06/14:49:15.170292,7.52418422699
2019/09/06/14:49:15.174333,7.52458429337
2019/09/06/14:49:15.178205,7.52498435974
2019/09/06/14:49:15.182263,7.52538442612
2019/09/06/14:49:15.186121,7.52578449249
2019/09/06/14:49:15.190073,7.52618455887
2019/09/06/14:49:15.194270,7.52658462524
2019/09/06/14:49:15.198195,7.52698469162
2019/09/06/14:49:15.202219,7.527384758
2019/09/06/14:49:15.206366,7.52778482437
2019/09/06/14:49:15.210216,7.52818489075
2019/09/06/14:49:15.214240,7.52858495712
2019/09/06/14:49:15.218164,7.5289850235
2019/09/06/14:49:15.222459,7.52938508987
2019/09/06/14:49:15.226214,7.52978515625
2019/09/06/14:49:15.230246,7.53018522263
2019/09/06/14:49:15.234155,7.530585289
2019/09/06/14:49:15.238240,7.53098535538
2019/09/06/14:49:15.242622,7.53138542175
2019/09/06/14:49:15.246193,7.53178548813
2019/09/06/14:49:15.250268,7.5321855545
2019/09/06/14:49:15.254116,7.53258562088
2019/09/06/14:49:15.258306,7.53298568726
2019/09/06/14:49:15.262218,7.53338575363
2019/09/06/14:49:15.266487,7.53378582001
2019/09/06/14:49:15.270304,7.53418588638
2019/09/06/14:49:15.274154,7.53458595276
2019/09/06/14:49:15.278139,7.53498601913
2019/09/06/14:49:15.282185,7.53538608551
2019/09/06/14:49:15.286506,7.53578615189
2019/09/06/14:49:15.290266,7.53618621826
2019/09/06/14:49:15.294151,7.53658628464
2019/09/06/14:49:15.298138,7.53698635101
2019/09/06/14:49:15.302292,7.53738641739
2019/09/06/14:49:15.306367,7.53778648376
2019/09/06/14:49:15.310189,7.53818655014
2019/09/06/14:49:15.314114,7.53858661652
2019/09/06/14:49:15.318113,7.53898668289
2019/09/06/14:49:15.322223,7.53938674927
2019/09/06/14:49:15.326545,7.53978681564
2019/09/06/14:49:15.330480,7.54018688202
2019/09/06/14:49:15.334235,7.54058694839
2019/09/06/14:49:15.338171,7.54098701477
2019/09/06/14:49:15.342244,7.54138708115
2019/09/06/14:49:15.346343,7.54178714752
2019/09/06/14:49:15.350119,7.5421872139
2019/09/06/14:49:15.354224,7.54258728027
2019/09/06/14:49:15.358106,7.54298734665
2019/09/06/14:49:15.362081,7.54338741302
2019/09/06/14:49:15.366270,7.5437874794
2019/09/06/14:49:15.370295,7.54418754578
2019/09/06/14:49:15.374246,7.54458761215
2019/09/06/14:49:15.378150,7.54498767853
2019/09/06/14:49:15.382164,7.5453877449
2019/09/06/14:49:15.386301,7.54578781128
2019/09/06/14:49:15.390274,7.54618787766
2019/09/06/14:49:15.394220,7.54658794403
2019/09/06/14:49:15.398135,7.54698801041
2019/09/06/14:49:15.402615,7.54738807678
2019/09/06/14:49:15.406545,7.54778814316
2019/09/06/14:49:15.410463,7.54818820953
2019/09/06/14:49:15.414218,7.54858827591
2019/09/06/14:49:15.418174,7.54898834229
2019/09/06/14:49:15.422406,7.54938840866
2019/09/06/14:49:15.426206,7.54978847504
2019/09/06/14:49:15.430518,7.55018854141
2019/09/06/14:49:15.434283,7.55058860779
2019/09/06/14:49:15.438211,7.55098867416
2019/09/06/14:49:15.442082,7.55138874054
2019/09/06/14:49:15.446356,7.55178880692
2019/09/06/14:49:15.450171,7.55218887329
2019/09/06/14:49:15.454175,7.55258893967
2019/09/06/14:49:15.458201,7.55298900604
2019/09/06/14:49:15.462363,7.55338907242
2019/09/06/14:49:15.466343,7.55378913879
2019/09/06/14:49:15.470372,7.55418920517
2019/09/06/14:49:15.474119,7.55458927155
2019/09/06/14:49:15.478037,7.55498933792
2019/09/06/14:49:15.482176,7.5553894043
2019/09/06/14:49:15.486255,7.55578947067
2019/09/06/14:49:15.490085,7.55618953705
2019/09/06/14:49:15.494251,7.55658960342
2019/09/06/14:49:15.498370,7.5569896698
2019/09/06/14:49:15.502315,7.55738973618
2019/09/06/14:49:15.506199,7.55778980255
2019/09/06/14:49:15.510144,7.55818986893
2019/09/06/14:49:15.514242,7.5585899353
2019/09/06/14:49:15.518170,7.55899000168
2019/09/06/14:49:15.522354,7.55939006805
2019/09/06/14:49:15.526309,7.55979013443
2019/09/06/14:49:15.530173,7.56019020081
2019/09/06/14:49:15.534174,7.56059026718
2019/09/06/14:49:15.538203,7.56099033356
2019/09/06/14:49:15.542344,7.56139039993
2019/09/06/14:49:15.546167,7.56179046631
2019/09/06/14:49:15.550154,7.56219053268
2019/09/06/14:49:15.553971,7.56259059906
2019/09/06/14:49:15.558042,7.56299066544
2019/09/06/14:49:15.562125,7.56339073181
2019/09/06/14:49:15.566313,7.56379079819
2019/09/06/14:49:15.570385,7.56419086456
2019/09/06/14:49:15.574173,7.56459093094
2019/09/06/14:49:15.578218,7.56499099731
2019/09/06/14:49:15.582135,7.56539106369
2019/09/06/14:49:15.586014,7.56579113007
2019/09/06/14:49:15.590155,7.56619119644
2019/09/06/14:49:15.594219,7.56659126282
2019/09/06/14:49:15.598131,7.56699132919
2019/09/06/14:49:15.602026,7.56739139557
2019/09/06/14:49:15.606185,7.56779146194
2019/09/06/14:49:15.610029,7.56819152832
2019/09/06/14:49:15.614012,7.5685915947
2019/09/06/14:49:15.618002,7.56899166107
2019/09/06/14:49:15.622071,7.56939172745
2019/09/06/14:49:15.626030,7.56979179382
2019/09/06/14:49:15.630072,7.5701918602
2019/09/06/14:49:15.634099,7.57059192657
2019/09/06/14:49:15.638156,7.57099199295
2019/09/06/14:49:15.642290,7.57139205933
2019/09/06/14:49:15.646157,7.5717921257
2019/09/06/14:49:15.650266,7.57219219208
2019/09/06/14:49:15.654206,7.57259225845
2019/09/06/14:49:15.658325,7.57299232483
2019/09/06/14:49:15.662151,7.5733923912
2019/09/06/14:49:15.666243,7.57379245758
2019/09/06/14:49:15.670310,7.57419252396
2019/09/06/14:49:15.674178,7.57459259033
2019/09/06/14:49:15.678313,7.57499265671
2019/09/06/14:49:15.682216,7.57539272308
2019/09/06/14:49:15.686266,7.57579278946
2019/09/06/14:49:15.690258,7.57619285583
2019/09/06/14:49:15.694186,7.57659292221
2019/09/06/14:49:15.698280,7.57699298859
2019/09/06/14:49:15.702251,7.57739305496
2019/09/06/14:49:15.706435,7.57779312134
2019/09/06/14:49:15.710342,7.57819318771
2019/09/06/14:49:15.714383,7.57859325409
2019/09/06/14:49:15.718247,7.57899332047
2019/09/06/14:49:15.722159,7.57939338684
2019/09/06/14:49:15.726141,7.57979345322
2019/09/06/14:49:15.730250,7.58019351959
2019/09/06/14:49:15.734137,7.58059358597
2019/09/06/14:49:15.738323,7.58099365234
2019/09/06/14:49:15.742297,7.58139371872
2019/09/06/14:49:15.746272,7.5817937851
2019/09/06/14:49:15.750187,7.58219385147
2019/09/06/14:49:15.754243,7.58259391785
2019/09/06/14:49:15.758449,7.58299398422
2019/09/06/14:49:15.762215,7.5833940506
2019/09/06/14:49:15.766172,7.58379411697
2019/09/06/14:49:15.770206,7.58419418335
2019/09/06/14:49:15.774215,7.58459424973
2019/09/06/14:49:15.778227,7.5849943161
2019/09/06/14:49:15.782285,7.58539438248
2019/09/06/14:49:15.786160,7.58579444885
2019/09/06/14:49:15.790296,7.58619451523
2019/09/06/14:49:15.794212,7.5865945816
2019/09/06/14:49:15.798105,7.58699464798
2019/09/06/14:49:15.802197,7.58739471436
2019/09/06/14:49:15.806160,7.58779478073
2019/09/06/14:49:15.810415,7.58819484711
2019/09/06/14:49:15.814512,7.58859491348
2019/09/06/14:49:15.818239,7.58899497986
2019/09/06/14:49:15.822095,7.58939504623
2019/09/06/14:49:15.826124,7.58979511261
2019/09/06/14:49:15.830118,7.59019517899
2019/09/06/14:49:15.834126,7.59059524536
2019/09/06/14:49:15.838150,7.59099531174
2019/09/06/14:49:15.841755,7.59139537811
2019/09/06/14:49:15.846141,7.59179544449
2019/09/06/14:49:15.850301,7.59219551086
2019/09/06/14:49:15.854187,7.59259557724
2019/09/06/14:49:15.858398,7.59299564362
2019/09/06/14:49:15.862202,7.59339570999
2019/09/06/14:49:15.866409,7.59379577637
2019/09/06/14:49:15.870351,7.59419584274
2019/09/06/14:49:15.874269,7.59459590912
2019/09/06/14:49:15.878231,7.59499597549
2019/09/06/14:49:15.882234,7.59539604187
2019/09/06/14:49:15.886107,7.59579610825
2019/09/06/14:49:15.890082,7.59619617462
2019/09/06/14:49:15.894449,7.596596241
2019/09/06/14:49:15.898136,7.59699630737
2019/09/06/14:49:15.902281,7.59739637375
2019/09/06/14:49:15.906268,7.59779644012
2019/09/06/14:49:15.910365,7.5981965065
2019/09/06/14:49:15.914307,7.59859657288
2019/09/06/14:49:15.918180,7.59899663925
2019/09/06/14:49:15.922368,7.59939670563
2019/09/06/14:49:15.926225,7.599796772
2019/09/06/14:49:15.930095,7.60019683838
2019/09/06/14:49:15.934265,7.60059690475
2019/09/06/14:49:15.938296,7.60099697113
2019/09/06/14:49:15.942420,7.60139703751
2019/09/06/14:49:15.946296,7.60179710388
2019/09/06/14:49:15.950135,7.60219717026
2019/09/06/14:49:15.954241,7.60259723663
2019/09/06/14:49:15.958447,7.60299730301
2019/09/06/14:49:15.962176,7.60339736938
2019/09/06/14:49:15.966275,7.60379743576
2019/09/06/14:49:15.970288,7.60419750214
2019/09/06/14:49:15.974124,7.60459756851
2019/09/06/14:49:15.978229,7.60499763489
2019/09/06/14:49:15.982191,7.60539770126
2019/09/06/14:49:15.986504,7.60579776764
2019/09/06/14:49:15.990124,7.60619783401
2019/09/06/14:49:15.994283,7.60659790039
2019/09/06/14:49:15.998258,7.60699796677
2019/09/06/14:49:16.002189,7.60739803314
2019/09/06/14:49:16.006187,7.60779809952
2019/09/06/14:49:16.010040,7.60819816589
2019/09/06/14:49:16.014500,7.60859823227
2019/09/06/14:49:16.018117,7.60899829865
2019/09/06/14:49:16.022194,7.60939836502
2019/09/06/14:49:16.026333,7.6097984314
2019/09/06/14:49:16.030104,7.61019849777
2019/09/06/14:49:16.034230,7.61059856415
2019/09/06/14:49:16.038697,7.61099863052
2019/09/06/14:49:16.042037,7.6113986969
2019/09/06/14:49:16.046077,7.61179876328
2019/09/06/14:49:16.050076,7.61219882965
2019/09/06/14:49:16.054169,7.61259889603
2019/09/06/14:49:16.058160,7.6129989624
2019/09/06/14:49:16.062405,7.61339902878
2019/09/06/14:49:16.066223,7.61379909515
2019/09/06/14:49:16.070056,7.61419916153
2019/09/06/14:49:16.074099,7.61459922791
2019/09/06/14:49:16.078191,7.61499929428
2019/09/06/14:49:16.082150,7.61539936066
2019/09/06/14:49:16.086103,7.61579942703
2019/09/06/14:49:16.090157,7.61619949341
2019/09/06/14:49:16.094280,7.61659955978
2019/09/06/14:49:16.098311,7.61699962616
2019/09/06/14:49:16.102174,7.61739969254
2019/09/06/14:49:16.106134,7.61779975891
2019/09/06/14:49:16.110194,7.61819982529
2019/09/06/14:49:16.114414,7.61859989166
2019/09/06/14:49:16.118062,7.61899995804
2019/09/06/14:49:16.122106,7.61940002441
2019/09/06/14:49:16.126282,7.61980009079
2019/09/06/14:49:16.130081,7.62020015717
2019/09/06/14:49:16.134272,7.62060022354
2019/09/06/14:49:16.138415,7.62100028992
2019/09/06/14:49:16.142204,7.62140035629
2019/09/06/14:49:16.146216,7.62180042267
2019/09/06/14:49:16.150098,7.62220048904
2019/09/06/14:49:16.154131,7.62260055542
2019/09/06/14:49:16.158220,7.6230006218
2019/09/06/14:49:16.162369,7.62340068817
2019/09/06/14:49:16.166330,7.62380075455
2019/09/06/14:49:16.170184,7.62420082092
2019/09/06/14:49:16.174360,7.6246008873
2019/09/06/14:49:16.178140,7.62500095367
2019/09/06/14:49:16.182304,7.62540102005
2019/09/06/14:49:16.186374,7.62580108643
2019/09/06/14:49:16.190181,7.6262011528
2019/09/06/14:49:16.194153,7.62660121918
2019/09/06/14:49:16.198176,7.62700128555
2019/09/06/14:49:16.202293,7.62740135193
2019/09/06/14:49:16.206219,7.6278014183
2019/09/06/14:49:16.210233,7.62820148468
2019/09/06/14:49:16.214225,7.62860155106
2019/09/06/14:49:16.218190,7.62900161743
2019/09/06/14:49:16.222106,7.62940168381
2019/09/06/14:49:16.226414,7.62980175018
2019/09/06/14:49:16.230143,7.63020181656
2019/09/06/14:49:16.234171,7.63060188293
2019/09/06/14:49:16.238229,7.63100194931
2019/09/06/14:49:16.241894,7.63140201569
2019/09/06/14:49:16.246105,7.63180208206
2019/09/06/14:49:16.249953,7.63220214844
2019/09/06/14:49:16.254040,7.63260221481
2019/09/06/14:49:16.258163,7.63300228119
2019/09/06/14:49:16.262327,7.63340234756
2019/09/06/14:49:16.266081,7.63380241394
2019/09/06/14:49:16.270010,7.63420248032
2019/09/06/14:49:16.274001,7.63460254669
2019/09/06/14:49:16.277976,7.63500261307
2019/09/06/14:49:16.282189,7.63540267944
2019/09/06/14:49:16.286145,7.63580274582
2019/09/06/14:49:16.290066,7.63620281219
2019/09/06/14:49:16.294128,7.63660287857
2019/09/06/14:49:16.298109,7.63700294495
2019/09/06/14:49:16.302133,7.63740301132
2019/09/06/14:49:16.306186,7.6378030777
2019/09/06/14:49:16.310232,7.63820314407
2019/09/06/14:49:16.314356,7.63860321045
2019/09/06/14:49:16.318171,7.63900327682
2019/09/06/14:49:16.322326,7.6394033432
2019/09/06/14:49:16.326167,7.63980340958
2019/09/06/14:49:16.330131,7.64020347595
2019/09/06/14:49:16.334143,7.64060354233
2019/09/06/14:49:16.337998,7.6410036087
2019/09/06/14:49:16.342368,7.64140367508
2019/09/06/14:49:16.346178,7.64180374146
2019/09/06/14:49:16.350095,7.64220380783
2019/09/06/14:49:16.354211,7.64260387421
2019/09/06/14:49:16.358093,7.64300394058
2019/09/06/14:49:16.362275,7.64340400696
2019/09/06/14:49:16.366245,7.64380407333
2019/09/06/14:49:16.370255,7.64420413971
2019/09/06/14:49:16.374208,7.64460420609
2019/09/06/14:49:16.378210,7.64500427246
2019/09/06/14:49:16.382190,7.64540433884
2019/09/06/14:49:16.386183,7.64580440521
2019/09/06/14:49:16.390333,7.64620447159
2019/09/06/14:49:16.394378,7.64660453796
2019/09/06/14:49:16.398117,7.64700460434
2019/09/06/14:49:16.402143,7.64740467072
2019/09/06/14:49:16.406286,7.64780473709
2019/09/06/14:49:16.410074,7.64820480347
2019/09/06/14:49:16.414169,7.64860486984
2019/09/06/14:49:16.418118,7.64900493622
2019/09/06/14:49:16.422100,7.64940500259
2019/09/06/14:49:16.426326,7.64980506897
2019/09/06/14:49:16.430144,7.65020513535
2019/09/06/14:49:16.434103,7.65060520172
2019/09/06/14:49:16.438200,7.6510052681
2019/09/06/14:49:16.442299,7.65140533447
2019/09/06/14:49:16.446221,7.65180540085
2019/09/06/14:49:16.450073,7.65220546722
2019/09/06/14:49:16.454073,7.6526055336
2019/09/06/14:49:16.458169,7.65300559998
2019/09/06/14:49:16.462061,7.65340566635
2019/09/06/14:49:16.466205,7.65380573273
2019/09/06/14:49:16.470314,7.6542057991
2019/09/06/14:49:16.474122,7.65460586548
2019/09/06/14:49:16.478121,7.65500593185
2019/09/06/14:49:16.482121,7.65540599823
2019/09/06/14:49:16.486269,7.65580606461
2019/09/06/14:49:16.490050,7.65620613098
2019/09/06/14:49:16.494047,7.65660619736
2019/09/06/14:49:16.497952,7.65700626373
2019/09/06/14:49:16.501995,7.65740633011
2019/09/06/14:49:16.506004,7.65780639648
2019/09/06/14:49:16.509996,7.65820646286
2019/09/06/14:49:16.514122,7.65860652924
2019/09/06/14:49:16.518019,7.65900659561
2019/09/06/14:49:16.521881,7.65940666199
2019/09/06/14:49:16.526046,7.65980672836
2019/09/06/14:49:16.530238,7.66020679474
2019/09/06/14:49:16.534036,7.66060686111
2019/09/06/14:49:16.538123,7.66100692749
2019/09/06/14:49:16.542110,7.66140699387
2019/09/06/14:49:16.545879,7.66180706024
2019/09/06/14:49:16.550032,7.66220712662
2019/09/06/14:49:16.554147,7.66260719299
2019/09/06/14:49:16.558215,7.66300725937
2019/09/06/14:49:16.562215,7.66340732574
2019/09/06/14:49:16.566309,7.66380739212
2019/09/06/14:49:16.570207,7.6642074585
2019/09/06/14:49:16.574397,7.66460752487
2019/09/06/14:49:16.578052,7.66500759125
2019/09/06/14:49:16.582123,7.66540765762
2019/09/06/14:49:16.586154,7.665807724
2019/09/06/14:49:16.590312,7.66620779037
2019/09/06/14:49:16.594273,7.66660785675
2019/09/06/14:49:16.598304,7.66700792313
2019/09/06/14:49:16.602162,7.6674079895
2019/09/06/14:49:16.606205,7.66780805588
2019/09/06/14:49:16.610403,7.66820812225
2019/09/06/14:49:16.614263,7.66860818863
2019/09/06/14:49:16.618126,7.669008255
2019/09/06/14:49:16.622164,7.66940832138
2019/09/06/14:49:16.626488,7.66980838776
2019/09/06/14:49:16.630079,7.67020845413
2019/09/06/14:49:16.634077,7.67060852051
2019/09/06/14:49:16.638238,7.67100858688
2019/09/06/14:49:16.642233,7.67140865326
2019/09/06/14:49:16.645969,7.67180871964
2019/09/06/14:49:16.650100,7.67220878601
2019/09/06/14:49:16.654208,7.67260885239
2019/09/06/14:49:16.658147,7.67300891876
2019/09/06/14:49:16.662194,7.67340898514
2019/09/06/14:49:16.666491,7.67380905151
2019/09/06/14:49:16.670100,7.67420911789
2019/09/06/14:49:16.674193,7.67460918427
2019/09/06/14:49:16.678343,7.67500925064
2019/09/06/14:49:16.682305,7.67540931702
2019/09/06/14:49:16.686433,7.67580938339
2019/09/06/14:49:16.690192,7.67620944977
2019/09/06/14:49:16.694169,7.67660951614
2019/09/06/14:49:16.698112,7.67700958252
2019/09/06/14:49:16.702272,7.6774096489
2019/09/06/14:49:16.706159,7.67780971527
2019/09/06/14:49:16.710273,7.67820978165
2019/09/06/14:49:16.714303,7.67860984802
2019/09/06/14:49:16.718238,7.6790099144
2019/09/06/14:49:16.722267,7.67940998077
2019/09/06/14:49:16.726357,7.67981004715
2019/09/06/14:49:16.730129,7.68021011353
2019/09/06/14:49:16.734153,7.6806101799
2019/09/06/14:49:16.738006,7.68101024628
2019/09/06/14:49:16.742217,7.68141031265
2019/09/06/14:49:16.746140,7.68181037903
2019/09/06/14:49:16.750290,7.6822104454
2019/09/06/14:49:16.754140,7.68261051178
2019/09/06/14:49:16.758436,7.68301057816
2019/09/06/14:49:16.762208,7.68341064453
2019/09/06/14:49:16.766383,7.68381071091
2019/09/06/14:49:16.770128,7.68421077728
2019/09/06/14:49:16.774077,7.68461084366
2019/09/06/14:49:16.778099,7.68501091003
2019/09/06/14:49:16.782235,7.68541097641
2019/09/06/14:49:16.786288,7.68581104279
2019/09/06/14:49:16.790215,7.68621110916
2019/09/06/14:49:16.794416,7.68661117554
2019/09/06/14:49:16.798151,7.68701124191
2019/09/06/14:49:16.802113,7.68741130829
2019/09/06/14:49:16.806251,7.68781137466
2019/09/06/14:49:16.810348,7.68821144104
2019/09/06/14:49:16.814148,7.68861150742
2019/09/06/14:49:16.818274,7.68901157379
2019/09/06/14:49:16.822353,7.68941164017
2019/09/06/14:49:16.826226,7.68981170654
2019/09/06/14:49:16.830071,7.69021177292
2019/09/06/14:49:16.834344,7.69061183929
2019/09/06/14:49:16.838263,7.69101190567
2019/09/06/14:49:16.841769,7.69141197205
2019/09/06/14:49:16.846235,7.69181203842
2019/09/06/14:49:16.850180,7.6922121048
2019/09/06/14:49:16.854216,7.69261217117
2019/09/06/14:49:16.858200,7.69301223755
2019/09/06/14:49:16.862276,7.69341230392
2019/09/06/14:49:16.866136,7.6938123703
2019/09/06/14:49:16.870098,7.69421243668
2019/09/06/14:49:16.874143,7.69461250305
2019/09/06/14:49:16.878202,7.69501256943
2019/09/06/14:49:16.882193,7.6954126358
2019/09/06/14:49:16.886396,7.69581270218
2019/09/06/14:49:16.890038,7.69621276855
2019/09/06/14:49:16.893806,7.69661283493
2019/09/06/14:49:16.898353,7.69701290131
2019/09/06/14:49:16.902206,7.69741296768
2019/09/06/14:49:16.906063,7.69781303406
2019/09/06/14:49:16.910266,7.69821310043
2019/09/06/14:49:16.914045,7.69861316681
2019/09/06/14:49:16.918000,7.69901323318
2019/09/06/14:49:16.921997,7.69941329956
2019/09/06/14:49:16.926051,7.69981336594
2019/09/06/14:49:16.930099,7.70021343231
2019/09/06/14:49:16.934134,7.70061349869
2019/09/06/14:49:16.938178,7.70101356506
2019/09/06/14:49:16.941981,7.70141363144
2019/09/06/14:49:16.946348,7.70181369781
2019/09/06/14:49:16.950342,7.70221376419
2019/09/06/14:49:16.954175,7.70261383057
2019/09/06/14:49:16.958081,7.70301389694
2019/09/06/14:49:16.961967,7.70341396332
2019/09/06/14:49:16.966189,7.70381402969
2019/09/06/14:49:16.970178,7.70421409607
2019/09/06/14:49:16.974136,7.70461416245
2019/09/06/14:49:16.978018,7.70501422882
2019/09/06/14:49:16.982167,7.7054142952
2019/09/06/14:49:16.986007,7.70581436157
2019/09/06/14:49:16.990048,7.70621442795
2019/09/06/14:49:16.994178,7.70661449432
2019/09/06/14:49:16.998057,7.7070145607
2019/09/06/14:49:17.002096,7.70741462708
2019/09/06/14:49:17.006192,7.70781469345
2019/09/06/14:49:17.010181,7.70821475983
2019/09/06/14:49:17.014156,7.7086148262
2019/09/06/14:49:17.018209,7.70901489258
2019/09/06/14:49:17.022382,7.70941495895
2019/09/06/14:49:17.026167,7.70981502533
2019/09/06/14:49:17.030041,7.71021509171
2019/09/06/14:49:17.034241,7.71061515808
2019/09/06/14:49:17.038260,7.71101522446
2019/09/06/14:49:17.042158,7.71141529083
2019/09/06/14:49:17.046284,7.71181535721
2019/09/06/14:49:17.050117,7.71221542358
2019/09/06/14:49:17.054076,7.71261548996
2019/09/06/14:49:17.058223,7.71301555634
2019/09/06/14:49:17.062324,7.71341562271
2019/09/06/14:49:17.066184,7.71381568909
2019/09/06/14:49:17.070197,7.71421575546
2019/09/06/14:49:17.074147,7.71461582184
2019/09/06/14:49:17.078083,7.71501588821
2019/09/06/14:49:17.082259,7.71541595459
2019/09/06/14:49:17.086136,7.71581602097
2019/09/06/14:49:17.089968,7.71621608734
2019/09/06/14:49:17.094251,7.71661615372
2019/09/06/14:49:17.098155,7.71701622009
2019/09/06/14:49:17.102141,7.71741628647
2019/09/06/14:49:17.106208,7.71781635284
2019/09/06/14:49:17.110306,7.71821641922
2019/09/06/14:49:17.114240,7.7186164856
2019/09/06/14:49:17.118252,7.71901655197
2019/09/06/14:49:17.122151,7.71941661835
2019/09/06/14:49:17.126179,7.71981668472
2019/09/06/14:49:17.130118,7.7202167511
2019/09/06/14:49:17.134114,7.72061681747
2019/09/06/14:49:17.138316,7.72101688385
2019/09/06/14:49:17.142443,7.72141695023
2019/09/06/14:49:17.146106,7.7218170166
2019/09/06/14:49:17.150087,7.72221708298
2019/09/06/14:49:17.154030,7.72261714935
2019/09/06/14:49:17.157997,7.72301721573
2019/09/06/14:49:17.162134,7.7234172821
2019/09/06/14:49:17.166199,7.72381734848
2019/09/06/14:49:17.170229,7.72421741486
2019/09/06/14:49:17.174301,7.72461748123
2019/09/06/14:49:17.177982,7.72501754761
2019/09/06/14:49:17.182135,7.72541761398
2019/09/06/14:49:17.186186,7.72581768036
2019/09/06/14:49:17.190252,7.72621774673
2019/09/06/14:49:17.194192,7.72661781311
2019/09/06/14:49:17.198293,7.72701787949
2019/09/06/14:49:17.201809,7.72741794586
2019/09/06/14:49:17.205985,7.72781801224
2019/09/06/14:49:17.210134,7.72821807861
2019/09/06/14:49:17.213997,7.72861814499
2019/09/06/14:49:17.217995,7.72901821136
2019/09/06/14:49:17.221998,7.72941827774
2019/09/06/14:49:17.226082,7.72981834412
2019/09/06/14:49:17.230233,7.73021841049
2019/09/06/14:49:17.234147,7.73061847687
2019/09/06/14:49:17.238123,7.73101854324
2019/09/06/14:49:17.242168,7.73141860962
2019/09/06/14:49:17.246276,7.73181867599
2019/09/06/14:49:17.250157,7.73221874237
2019/09/06/14:49:17.254185,7.73261880875
2019/09/06/14:49:17.258295,7.73301887512
2019/09/06/14:49:17.262457,7.7334189415
2019/09/06/14:49:17.266362,7.73381900787
2019/09/06/14:49:17.270166,7.73421907425
2019/09/06/14:49:17.274226,7.73461914062
2019/09/06/14:49:17.278233,7.735019207
2019/09/06/14:49:17.282126,7.73541927338
2019/09/06/14:49:17.286128,7.73581933975
2019/09/06/14:49:17.290276,7.73621940613
2019/09/06/14:49:17.294292,7.7366194725
2019/09/06/14:49:17.298263,7.73701953888
2019/09/06/14:49:17.302134,7.73741960526
2019/09/06/14:49:17.306148,7.73781967163
2019/09/06/14:49:17.310156,7.73821973801
2019/09/06/14:49:17.314349,7.73861980438
2019/09/06/14:49:17.318101,7.73901987076
2019/09/06/14:49:17.322151,7.73941993713
2019/09/06/14:49:17.326229,7.73982000351
2019/09/06/14:49:17.330302,7.74022006989
2019/09/06/14:49:17.334167,7.74062013626
2019/09/06/14:49:17.338049,7.74102020264
2019/09/06/14:49:17.342381,7.74142026901
2019/09/06/14:49:17.346112,7.74182033539
2019/09/06/14:49:17.350206,7.74222040176
2019/09/06/14:49:17.354303,7.74262046814
2019/09/06/14:49:17.358184,7.74302053452
2019/09/06/14:49:17.362133,7.74342060089
2019/09/06/14:49:17.366197,7.74382066727
2019/09/06/14:49:17.370109,7.74422073364
2019/09/06/14:49:17.374063,7.74462080002
2019/09/06/14:49:17.378329,7.74502086639
2019/09/06/14:49:17.382027,7.74542093277
2019/09/06/14:49:17.386342,7.74582099915
2019/09/06/14:49:17.390203,7.74622106552
2019/09/06/14:49:17.394153,7.7466211319
2019/09/06/14:49:17.398174,7.74702119827
2019/09/06/14:49:17.402035,7.74742126465
2019/09/06/14:49:17.406499,7.74782133102
2019/09/06/14:49:17.410158,7.7482213974
2019/09/06/14:49:17.414290,7.74862146378
2019/09/06/14:49:17.418113,7.74902153015
2019/09/06/14:49:17.422386,7.74942159653
2019/09/06/14:49:17.426264,7.7498216629
2019/09/06/14:49:17.430319,7.75022172928
2019/09/06/14:49:17.434297,7.75062179565
2019/09/06/14:49:17.438315,7.75102186203
2019/09/06/14:49:17.441833,7.75142192841
2019/09/06/14:49:17.446357,7.75182199478
2019/09/06/14:49:17.450273,7.75222206116
2019/09/06/14:49:17.454176,7.75262212753
2019/09/06/14:49:17.458283,7.75302219391
2019/09/06/14:49:17.462203,7.75342226028
2019/09/06/14:49:17.466134,7.75382232666
2019/09/06/14:49:17.470105,7.75422239304
2019/09/06/14:49:17.474191,7.75462245941
2019/09/06/14:49:17.478136,7.75502252579
2019/09/06/14:49:17.482091,7.75542259216
2019/09/06/14:49:17.486235,7.75582265854
2019/09/06/14:49:17.490116,7.75622272491
2019/09/06/14:49:17.494144,7.75662279129
2019/09/06/14:49:17.498342,7.75702285767
2019/09/06/14:49:17.502138,7.75742292404
2019/09/06/14:49:17.506115,7.75782299042
2019/09/06/14:49:17.510344,7.75822305679
2019/09/06/14:49:17.514191,7.75862312317
2019/09/06/14:49:17.518163,7.75902318954
2019/09/06/14:49:17.522223,7.75942325592
2019/09/06/14:49:17.526229,7.7598233223
2019/09/06/14:49:17.530172,7.76022338867
2019/09/06/14:49:17.534126,7.76062345505
2019/09/06/14:49:17.537984,7.76102352142
2019/09/06/14:49:17.542420,7.7614235878
2019/09/06/14:49:17.546247,7.76182365417
2019/09/06/14:49:17.550115,7.76222372055
2019/09/06/14:49:17.554167,7.76262378693
2019/09/06/14:49:17.558052,7.7630238533
2019/09/06/14:49:17.562155,7.76342391968
2019/09/06/14:49:17.566341,7.76382398605
2019/09/06/14:49:17.570069,7.76422405243
2019/09/06/14:49:17.574083,7.7646241188
2019/09/06/14:49:17.578176,7.76502418518
2019/09/06/14:49:17.582106,7.76542425156
2019/09/06/14:49:17.586092,7.76582431793
2019/09/06/14:49:17.590088,7.76622438431
2019/09/06/14:49:17.594145,7.76662445068
2019/09/06/14:49:17.598406,7.76702451706
2019/09/06/14:49:17.602157,7.76742458344
2019/09/06/14:49:17.606207,7.76782464981
2019/09/06/14:49:17.610184,7.76822471619
2019/09/06/14:49:17.614146,7.76862478256
2019/09/06/14:49:17.618315,7.76902484894
2019/09/06/14:49:17.622353,7.76942491531
2019/09/06/14:49:17.626096,7.76982498169
2019/09/06/14:49:17.630524,7.77022504807
2019/09/06/14:49:17.634063,7.77062511444
2019/09/06/14:49:17.638128,7.77102518082
2019/09/06/14:49:17.642159,7.77142524719
2019/09/06/14:49:17.646116,7.77182531357
2019/09/06/14:49:17.650035,7.77222537994
2019/09/06/14:49:17.654267,7.77262544632
2019/09/06/14:49:17.657988,7.7730255127
2019/09/06/14:49:17.662118,7.77342557907
2019/09/06/14:49:17.666214,7.77382564545
2019/09/06/14:49:17.670201,7.77422571182
2019/09/06/14:49:17.674314,7.7746257782
2019/09/06/14:49:17.678074,7.77502584457
2019/09/06/14:49:17.682355,7.77542591095
2019/09/06/14:49:17.686002,7.77582597733
2019/09/06/14:49:17.690037,7.7762260437
2019/09/06/14:49:17.694057,7.77662611008
2019/09/06/14:49:17.698171,7.77702617645
2019/09/06/14:49:17.702185,7.77742624283
2019/09/06/14:49:17.706151,7.7778263092
2019/09/06/14:49:17.710174,7.77822637558
2019/09/06/14:49:17.714220,7.77862644196
2019/09/06/14:49:17.718262,7.77902650833
2019/09/06/14:49:17.722319,7.77942657471
2019/09/06/14:49:17.726087,7.77982664108
2019/09/06/14:49:17.730131,7.78022670746
2019/09/06/14:49:17.734164,7.78062677383
2019/09/06/14:49:17.738200,7.78102684021
2019/09/06/14:49:17.742080,7.78142690659
2019/09/06/14:49:17.746202,7.78182697296
2019/09/06/14:49:17.750057,7.78222703934
2019/09/06/14:49:17.754226,7.78262710571
2019/09/06/14:49:17.758219,7.78302717209
2019/09/06/14:49:17.762242,7.78342723846
2019/09/06/14:49:17.766088,7.78382730484
2019/09/06/14:49:17.769978,7.78422737122
2019/09/06/14:49:17.773953,7.78462743759
2019/09/06/14:49:17.777877,7.78502750397
2019/09/06/14:49:17.782306,7.78542757034
2019/09/06/14:49:17.786048,7.78582763672
2019/09/06/14:49:17.790134,7.78622770309
2019/09/06/14:49:17.794083,7.78662776947
2019/09/06/14:49:17.798026,7.78702783585
2019/09/06/14:49:17.802069,7.78742790222
2019/09/06/14:49:17.805912,7.7878279686
2019/09/06/14:49:17.810088,7.78822803497
2019/09/06/14:49:17.814008,7.78862810135
2019/09/06/14:49:17.818156,7.78902816772
2019/09/06/14:49:17.822027,7.7894282341
2019/09/06/14:49:17.826009,7.78982830048
2019/09/06/14:49:17.830145,7.79022836685
2019/09/06/14:49:17.833930,7.79062843323
2019/09/06/14:49:17.838105,7.7910284996
2019/09/06/14:49:17.841860,7.79142856598
2019/09/06/14:49:17.846245,7.79182863235
2019/09/06/14:49:17.850232,7.79222869873
2019/09/06/14:49:17.854160,7.79262876511
2019/09/06/14:49:17.858169,7.79302883148
2019/09/06/14:49:17.862444,7.79342889786
2019/09/06/14:49:17.866173,7.79382896423
2019/09/06/14:49:17.870193,7.79422903061
2019/09/06/14:49:17.874181,7.79462909698
2019/09/06/14:49:17.878160,7.79502916336
2019/09/06/14:49:17.882458,7.79542922974
2019/09/06/14:49:17.886266,7.79582929611
2019/09/06/14:49:17.890170,7.79622936249
2019/09/06/14:49:17.894025,7.79662942886
2019/09/06/14:49:17.898075,7.79702949524
2019/09/06/14:49:17.902074,7.79742956161
2019/09/06/14:49:17.906294,7.79782962799
2019/09/06/14:49:17.910253,7.79822969437
2019/09/06/14:49:17.914269,7.79862976074
2019/09/06/14:49:17.918184,7.79902982712
2019/09/06/14:49:17.922183,7.79942989349
2019/09/06/14:49:17.926175,7.79982995987
2019/09/06/14:49:17.930166,7.80023002625
2019/09/06/14:49:17.933932,7.80063009262
2019/09/06/14:49:17.938200,7.801030159
2019/09/06/14:49:17.942259,7.80143022537
2019/09/06/14:49:17.946271,7.80183029175
2019/09/06/14:49:17.950092,7.80223035812
2019/09/06/14:49:17.954080,7.8026304245
2019/09/06/14:49:17.958342,7.80303049088
2019/09/06/14:49:17.962144,7.80343055725
2019/09/06/14:49:17.966112,7.80383062363
2019/09/06/14:49:17.970257,7.80423069
2019/09/06/14:49:17.974180,7.80463075638
2019/09/06/14:49:17.978141,7.80503082275
2019/09/06/14:49:17.982301,7.80543088913
2019/09/06/14:49:17.986008,7.80583095551
2019/09/06/14:49:17.990057,7.80623102188
2019/09/06/14:49:17.994086,7.80663108826
2019/09/06/14:49:17.997928,7.80703115463
2019/09/06/14:49:18.002020,7.80743122101
2019/09/06/14:49:18.005992,7.80783128738
2019/09/06/14:49:18.009978,7.80823135376
2019/09/06/14:49:18.013943,7.80863142014
2019/09/06/14:49:18.018006,7.80903148651
2019/09/06/14:49:18.022062,7.80943155289
2019/09/06/14:49:18.026058,7.80983161926
2019/09/06/14:49:18.029991,7.81023168564
2019/09/06/14:49:18.034131,7.81063175201
2019/09/06/14:49:18.038077,7.81103181839
2019/09/06/14:49:18.041975,7.81143188477
2019/09/06/14:49:18.046413,7.81183195114
2019/09/06/14:49:18.050209,7.81223201752
2019/09/06/14:49:18.054030,7.81263208389
2019/09/06/14:49:18.058213,7.81303215027
2019/09/06/14:49:18.062285,7.81343221664
2019/09/06/14:49:18.066436,7.81383228302
2019/09/06/14:49:18.070309,7.8142323494
2019/09/06/14:49:18.074195,7.81463241577
2019/09/06/14:49:18.078010,7.81503248215
2019/09/06/14:49:18.082116,7.81543254852
2019/09/06/14:49:18.086161,7.8158326149
2019/09/06/14:49:18.090243,7.81623268127
2019/09/06/14:49:18.094134,7.81663274765
2019/09/06/14:49:18.098278,7.81703281403
2019/09/06/14:49:18.102188,7.8174328804
2019/09/06/14:49:18.106207,7.81783294678
2019/09/06/14:49:18.109931,7.81823301315
2019/09/06/14:49:18.114033,7.81863307953
2019/09/06/14:49:18.118028,7.8190331459
2019/09/06/14:49:18.122342,7.81943321228
2019/09/06/14:49:18.126431,7.81983327866
2019/09/06/14:49:18.129990,7.82023334503
2019/09/06/14:49:18.134124,7.82063341141
2019/09/06/14:49:18.138159,7.82103347778
2019/09/06/14:49:18.142173,7.82143354416
2019/09/06/14:49:18.146270,7.82183361053
2019/09/06/14:49:18.150109,7.82223367691
2019/09/06/14:49:18.153892,7.82263374329
2019/09/06/14:49:18.158181,7.82303380966
2019/09/06/14:49:18.162259,7.82343387604
2019/09/06/14:49:18.166477,7.82383394241
2019/09/06/14:49:18.170271,7.82423400879
2019/09/06/14:49:18.174168,7.82463407516
2019/09/06/14:49:18.178116,7.82503414154
2019/09/06/14:49:18.182218,7.82543420792
2019/09/06/14:49:18.186164,7.82583427429
2019/09/06/14:49:18.190215,7.82623434067
2019/09/06/14:49:18.194256,7.82663440704
2019/09/06/14:49:18.198197,7.82703447342
2019/09/06/14:49:18.202241,7.82743453979
2019/09/06/14:49:18.206244,7.82783460617
2019/09/06/14:49:18.210386,7.82823467255
2019/09/06/14:49:18.214200,7.82863473892
2019/09/06/14:49:18.218124,7.8290348053
2019/09/06/14:49:18.222271,7.82943487167
2019/09/06/14:49:18.226208,7.82983493805
2019/09/06/14:49:18.230283,7.83023500443
2019/09/06/14:49:18.234203,7.8306350708
2019/09/06/14:49:18.238152,7.83103513718
2019/09/06/14:49:18.242263,7.83143520355
2019/09/06/14:49:18.246064,7.83183526993
2019/09/06/14:49:18.250243,7.8322353363
2019/09/06/14:49:18.254309,7.83263540268
2019/09/06/14:49:18.258209,7.83303546906
2019/09/06/14:49:18.262436,7.83343553543
2019/09/06/14:49:18.266178,7.83383560181
2019/09/06/14:49:18.270111,7.83423566818
2019/09/06/14:49:18.274169,7.83463573456
2019/09/06/14:49:18.278221,7.83503580093
2019/09/06/14:49:18.282065,7.83543586731
2019/09/06/14:49:18.286050,7.83583593369
2019/09/06/14:49:18.290437,7.83623600006
2019/09/06/14:49:18.294464,7.83663606644
2019/09/06/14:49:18.298216,7.83703613281
2019/09/06/14:49:18.302199,7.83743619919
2019/09/06/14:49:18.306138,7.83783626556
2019/09/06/14:49:18.310256,7.83823633194
2019/09/06/14:49:18.314312,7.83863639832
2019/09/06/14:49:18.318327,7.83903646469
2019/09/06/14:49:18.322273,7.83943653107
2019/09/06/14:49:18.326173,7.83983659744
2019/09/06/14:49:18.330159,7.84023666382
2019/09/06/14:49:18.334255,7.84063673019
2019/09/06/14:49:18.338155,7.84103679657
2019/09/06/14:49:18.342095,7.84143686295
2019/09/06/14:49:18.346098,7.84183692932
2019/09/06/14:49:18.349962,7.8422369957
2019/09/06/14:49:18.354124,7.84263706207
2019/09/06/14:49:18.358087,7.84303712845
2019/09/06/14:49:18.362398,7.84343719482
2019/09/06/14:49:18.366341,7.8438372612
2019/09/06/14:49:18.370123,7.84423732758
2019/09/06/14:49:18.374200,7.84463739395
2019/09/06/14:49:18.378230,7.84503746033
2019/09/06/14:49:18.382228,7.8454375267
2019/09/06/14:49:18.386222,7.84583759308
2019/09/06/14:49:18.390462,7.84623765945
2019/09/06/14:49:18.394276,7.84663772583
2019/09/06/14:49:18.398323,7.84703779221
2019/09/06/14:49:18.402332,7.84743785858
2019/09/06/14:49:18.406476,7.84783792496
2019/09/06/14:49:18.410110,7.84823799133
2019/09/06/14:49:18.414315,7.84863805771
2019/09/06/14:49:18.418406,7.84903812408
2019/09/06/14:49:18.422284,7.84943819046
2019/09/06/14:49:18.426152,7.84983825684
2019/09/06/14:49:18.430166,7.85023832321
2019/09/06/14:49:18.433952,7.85063838959
2019/09/06/14:49:18.438182,7.85103845596
2019/09/06/14:49:18.442135,7.85143852234
2019/09/06/14:49:18.446404,7.85183858871
2019/09/06/14:49:18.450202,7.85223865509
2019/09/06/14:49:18.454252,7.85263872147
2019/09/06/14:49:18.458109,7.85303878784
2019/09/06/14:49:18.462279,7.85343885422
2019/09/06/14:49:18.466159,7.85383892059
2019/09/06/14:49:18.470184,7.85423898697
2019/09/06/14:49:18.474349,7.85463905334
2019/09/06/14:49:18.478287,7.85503911972
2019/09/06/14:49:18.482311,7.8554391861
2019/09/06/14:49:18.486348,7.85583925247
2019/09/06/14:49:18.490298,7.85623931885
2019/09/06/14:49:18.494135,7.85663938522
2019/09/06/14:49:18.498066,7.8570394516
2019/09/06/14:49:18.502101,7.85743951797
2019/09/06/14:49:18.506051,7.85783958435
2019/09/06/14:49:18.510084,7.85823965073
2019/09/06/14:49:18.514062,7.8586397171
2019/09/06/14:49:18.518069,7.85903978348
2019/09/06/14:49:18.522239,7.85943984985
2019/09/06/14:49:18.526354,7.85983991623
2019/09/06/14:49:18.530176,7.8602399826
2019/09/06/14:49:18.534025,7.86064004898
2019/09/06/14:49:18.538308,7.86104011536
2019/09/06/14:49:18.542103,7.86144018173
2019/09/06/14:49:18.546282,7.86184024811
2019/09/06/14:49:18.550118,7.86224031448
2019/09/06/14:49:18.554304,7.86264038086
2019/09/06/14:49:18.558195,7.86304044724
2019/09/06/14:49:18.562227,7.86344051361
2019/09/06/14:49:18.566096,7.86384057999
2019/09/06/14:49:18.570355,7.86424064636
2019/09/06/14:49:18.574123,7.86464071274
2019/09/06/14:49:18.578345,7.86504077911
2019/09/06/14:49:18.582174,7.86544084549
2019/09/06/14:49:18.586233,7.86584091187
2019/09/06/14:49:18.590107,7.86624097824
2019/09/06/14:49:18.594193,7.86664104462
2019/09/06/14:49:18.598104,7.86704111099
2019/09/06/14:49:18.602335,7.86744117737
2019/09/06/14:49:18.606249,7.86784124374
2019/09/06/14:49:18.610160,7.86824131012
2019/09/06/14:49:18.614299,7.8686413765
2019/09/06/14:49:18.618239,7.86904144287
2019/09/06/14:49:18.622149,7.86944150925
2019/09/06/14:49:18.626042,7.86984157562
2019/09/06/14:49:18.630312,7.870241642
2019/09/06/14:49:18.634152,7.87064170837
2019/09/06/14:49:18.638138,7.87104177475
2019/09/06/14:49:18.642381,7.87144184113
2019/09/06/14:49:18.646107,7.8718419075
2019/09/06/14:49:18.650340,7.87224197388
2019/09/06/14:49:18.654211,7.87264204025
2019/09/06/14:49:18.658015,7.87304210663
2019/09/06/14:49:18.662082,7.873442173
2019/09/06/14:49:18.666209,7.87384223938
2019/09/06/14:49:18.670197,7.87424230576
2019/09/06/14:49:18.674161,7.87464237213
2019/09/06/14:49:18.678201,7.87504243851
2019/09/06/14:49:18.682354,7.87544250488
2019/09/06/14:49:18.685996,7.87584257126
2019/09/06/14:49:18.690068,7.87624263763
2019/09/06/14:49:18.694229,7.87664270401
2019/09/06/14:49:18.698339,7.87704277039
2019/09/06/14:49:18.702246,7.87744283676
2019/09/06/14:49:18.706261,7.87784290314
2019/09/06/14:49:18.710122,7.87824296951
2019/09/06/14:49:18.714208,7.87864303589
2019/09/06/14:49:18.718363,7.87904310226
2019/09/06/14:49:18.722333,7.87944316864
2019/09/06/14:49:18.726559,7.87984323502
2019/09/06/14:49:18.730148,7.88024330139
2019/09/06/14:49:18.734267,7.88064336777
2019/09/06/14:49:18.738267,7.88104343414
2019/09/06/14:49:18.742229,7.88144350052
2019/09/06/14:49:18.746324,7.88184356689
2019/09/06/14:49:18.750309,7.88224363327
2019/09/06/14:49:18.754345,7.88264369965
2019/09/06/14:49:18.758180,7.88304376602
2019/09/06/14:49:18.762108,7.8834438324
2019/09/06/14:49:18.766227,7.88384389877
2019/09/06/14:49:18.770302,7.88424396515
2019/09/06/14:49:18.774300,7.88464403152
2019/09/06/14:49:18.778180,7.8850440979
2019/09/06/14:49:18.781960,7.88544416428
2019/09/06/14:49:18.786333,7.88584423065
2019/09/06/14:49:18.789953,7.88624429703
2019/09/06/14:49:18.794281,7.8866443634
2019/09/06/14:49:18.798142,7.88704442978
2019/09/06/14:49:18.802166,7.88744449615
2019/09/06/14:49:18.806185,7.88784456253
2019/09/06/14:49:18.810457,7.88824462891
2019/09/06/14:49:18.814304,7.88864469528
2019/09/06/14:49:18.818229,7.88904476166
2019/09/06/14:49:18.822315,7.88944482803
2019/09/06/14:49:18.826202,7.88984489441
2019/09/06/14:49:18.830348,7.89024496078
2019/09/06/14:49:18.834487,7.89064502716
2019/09/06/14:49:18.838138,7.89104509354
2019/09/06/14:49:18.842005,7.89144515991
2019/09/06/14:49:18.846138,7.89184522629
2019/09/06/14:49:18.850285,7.89224529266
2019/09/06/14:49:18.854194,7.89264535904
2019/09/06/14:49:18.858219,7.89304542542
2019/09/06/14:49:18.862160,7.89344549179
2019/09/06/14:49:18.866219,7.89384555817
2019/09/06/14:49:18.870163,7.89424562454
2019/09/06/14:49:18.874245,7.89464569092
2019/09/06/14:49:18.878181,7.89504575729
2019/09/06/14:49:18.882387,7.89544582367
2019/09/06/14:49:18.885992,7.89584589005
2019/09/06/14:49:18.890026,7.89624595642
2019/09/06/14:49:18.894044,7.8966460228
2019/09/06/14:49:18.898079,7.89704608917
2019/09/06/14:49:18.902137,7.89744615555
2019/09/06/14:49:18.906054,7.89784622192
2019/09/06/14:49:18.910175,7.8982462883
2019/09/06/14:49:18.914370,7.89864635468
2019/09/06/14:49:18.918270,7.89904642105
2019/09/06/14:49:18.922048,7.89944648743
2019/09/06/14:49:18.925980,7.8998465538
2019/09/06/14:49:18.930081,7.90024662018
2019/09/06/14:49:18.934096,7.90064668655
2019/09/06/14:49:18.938169,7.90104675293
2019/09/06/14:49:18.942044,7.90144681931
2019/09/06/14:49:18.946204,7.90184688568
2019/09/06/14:49:18.950268,7.90224695206
2019/09/06/14:49:18.953927,7.90264701843
2019/09/06/14:49:18.958316,7.90304708481
2019/09/06/14:49:18.961950,7.90344715118
2019/09/06/14:49:18.966052,7.90384721756
2019/09/06/14:49:18.970255,7.90424728394
2019/09/06/14:49:18.974423,7.90464735031
2019/09/06/14:49:18.978032,7.90504741669
2019/09/06/14:49:18.982409,7.90544748306
2019/09/06/14:49:18.986284,7.90584754944
2019/09/06/14:49:18.990063,7.90624761581
2019/09/06/14:49:18.994130,7.90664768219
2019/09/06/14:49:18.998358,7.90704774857
2019/09/06/14:49:19.002067,7.90744781494
2019/09/06/14:49:19.006092,7.90784788132
2019/09/06/14:49:19.010129,7.90824794769
2019/09/06/14:49:19.014188,7.90864801407
2019/09/06/14:49:19.018162,7.90904808044
2019/09/06/14:49:19.022176,7.90944814682
2019/09/06/14:49:19.026295,7.9098482132
2019/09/06/14:49:19.030047,7.91024827957
2019/09/06/14:49:19.034006,7.91064834595
2019/09/06/14:49:19.038039,7.91104841232
2019/09/06/14:49:19.042228,7.9114484787
2019/09/06/14:49:19.046159,7.91184854507
2019/09/06/14:49:19.050256,7.91224861145
2019/09/06/14:49:19.054056,7.91264867783
2019/09/06/14:49:19.058102,7.9130487442
2019/09/06/14:49:19.062140,7.91344881058
2019/09/06/14:49:19.066280,7.91384887695
2019/09/06/14:49:19.070241,7.91424894333
2019/09/06/14:49:19.074183,7.9146490097
2019/09/06/14:49:19.078166,7.91504907608
2019/09/06/14:49:19.082087,7.91544914246
2019/09/06/14:49:19.086329,7.91584920883
2019/09/06/14:49:19.090411,7.91624927521
2019/09/06/14:49:19.094315,7.91664934158
2019/09/06/14:49:19.098282,7.91704940796
2019/09/06/14:49:19.102126,7.91744947433
2019/09/06/14:49:19.106400,7.91784954071
2019/09/06/14:49:19.110222,7.91824960709
2019/09/06/14:49:19.114125,7.91864967346
2019/09/06/14:49:19.118231,7.91904973984
2019/09/06/14:49:19.122197,7.91944980621
2019/09/06/14:49:19.126327,7.91984987259
2019/09/06/14:49:19.130180,7.92024993896
2019/09/06/14:49:19.134255,7.92065000534
2019/09/06/14:49:19.138420,7.92105007172
2019/09/06/14:49:19.142191,7.92145013809
2019/09/06/14:49:19.146190,7.92185020447
2019/09/06/14:49:19.150253,7.92225027084
2019/09/06/14:49:19.154102,7.92265033722
2019/09/06/14:49:19.158154,7.92305040359
2019/09/06/14:49:19.162236,7.92345046997
2019/09/06/14:49:19.166366,7.92385053635
2019/09/06/14:49:19.170117,7.92425060272
2019/09/06/14:49:19.174193,7.9246506691
2019/09/06/14:49:19.178125,7.92505073547
2019/09/06/14:49:19.182225,7.92545080185
2019/09/06/14:49:19.186083,7.92585086823
2019/09/06/14:49:19.190427,7.9262509346
2019/09/06/14:49:19.194290,7.92665100098
2019/09/06/14:49:19.198306,7.92705106735
2019/09/06/14:49:19.202101,7.92745113373
2019/09/06/14:49:19.206448,7.9278512001
2019/09/06/14:49:19.210135,7.92825126648
2019/09/06/14:49:19.214115,7.92865133286
2019/09/06/14:49:19.218233,7.92905139923
2019/09/06/14:49:19.222374,7.92945146561
2019/09/06/14:49:19.226207,7.92985153198
2019/09/06/14:49:19.230234,7.93025159836
2019/09/06/14:49:19.234079,7.93065166473
2019/09/06/14:49:19.238372,7.93105173111
2019/09/06/14:49:19.242168,7.93145179749
2019/09/06/14:49:19.246187,7.93185186386
2019/09/06/14:49:19.250349,7.93225193024
2019/09/06/14:49:19.254171,7.93265199661
2019/09/06/14:49:19.258171,7.93305206299
2019/09/06/14:49:19.262340,7.93345212936
2019/09/06/14:49:19.266204,7.93385219574
2019/09/06/14:49:19.270112,7.93425226212
2019/09/06/14:49:19.274181,7.93465232849
2019/09/06/14:49:19.278126,7.93505239487
2019/09/06/14:49:19.282122,7.93545246124
2019/09/06/14:49:19.286030,7.93585252762
2019/09/06/14:49:19.290114,7.93625259399
2019/09/06/14:49:19.294050,7.93665266037
2019/09/06/14:49:19.298144,7.93705272675
2019/09/06/14:49:19.302296,7.93745279312
2019/09/06/14:49:19.306242,7.9378528595
2019/09/06/14:49:19.310291,7.93825292587
2019/09/06/14:49:19.314227,7.93865299225
2019/09/06/14:49:19.318206,7.93905305862
2019/09/06/14:49:19.322277,7.939453125
2019/09/06/14:49:19.326308,7.93985319138
2019/09/06/14:49:19.330368,7.94025325775
2019/09/06/14:49:19.334345,7.94065332413
2019/09/06/14:49:19.338268,7.9410533905
2019/09/06/14:49:19.341747,7.94145345688
2019/09/06/14:49:19.345985,7.94185352325
2019/09/06/14:49:19.350250,7.94225358963
2019/09/06/14:49:19.354172,7.94265365601
2019/09/06/14:49:19.358266,7.94305372238
2019/09/06/14:49:19.362180,7.94345378876
2019/09/06/14:49:19.366125,7.94385385513
2019/09/06/14:49:19.370087,7.94425392151
2019/09/06/14:49:19.374176,7.94465398788
2019/09/06/14:49:19.378075,7.94505405426
2019/09/06/14:49:19.382044,7.94545412064
2019/09/06/14:49:19.386095,7.94585418701
2019/09/06/14:49:19.390269,7.94625425339
2019/09/06/14:49:19.394118,7.94665431976
2019/09/06/14:49:19.398058,7.94705438614
2019/09/06/14:49:19.402055,7.94745445251
2019/09/06/14:49:19.406018,7.94785451889
2019/09/06/14:49:19.410217,7.94825458527
2019/09/06/14:49:19.414173,7.94865465164
2019/09/06/14:49:19.418246,7.94905471802
2019/09/06/14:49:19.422125,7.94945478439
2019/09/06/14:49:19.426173,7.94985485077
2019/09/06/14:49:19.430140,7.95025491714
2019/09/06/14:49:19.434227,7.95065498352
2019/09/06/14:49:19.438262,7.9510550499
2019/09/06/14:49:19.442111,7.95145511627
2019/09/06/14:49:19.446054,7.95185518265
2019/09/06/14:49:19.450283,7.95225524902
2019/09/06/14:49:19.454133,7.9526553154
2019/09/06/14:49:19.458004,7.95305538177
2019/09/06/14:49:19.462095,7.95345544815
2019/09/06/14:49:19.466024,7.95385551453
2019/09/06/14:49:19.470018,7.9542555809
2019/09/06/14:49:19.474110,7.95465564728
2019/09/06/14:49:19.478423,7.95505571365
2019/09/06/14:49:19.482029,7.95545578003
2019/09/06/14:49:19.485989,7.95585584641
2019/09/06/14:49:19.489903,7.95625591278
2019/09/06/14:49:19.493947,7.95665597916
2019/09/06/14:49:19.497980,7.95705604553
2019/09/06/14:49:19.502203,7.95745611191
2019/09/06/14:49:19.506169,7.95785617828
2019/09/06/14:49:19.510336,7.95825624466
2019/09/06/14:49:19.514169,7.95865631104
2019/09/06/14:49:19.518119,7.95905637741
2019/09/06/14:49:19.522162,7.95945644379
2019/09/06/14:49:19.525973,7.95985651016
2019/09/06/14:49:19.530071,7.96025657654
2019/09/06/14:49:19.534290,7.96065664291
2019/09/06/14:49:19.538380,7.96105670929
2019/09/06/14:49:19.541861,7.96145677567
2019/09/06/14:49:19.546124,7.96185684204
2019/09/06/14:49:19.550140,7.96225690842
2019/09/06/14:49:19.554323,7.96265697479
2019/09/06/14:49:19.558188,7.96305704117
2019/09/06/14:49:19.562227,7.96345710754
2019/09/06/14:49:19.566475,7.96385717392
2019/09/06/14:49:19.570525,7.9642572403
2019/09/06/14:49:19.574155,7.96465730667
2019/09/06/14:49:19.578194,7.96505737305
2019/09/06/14:49:19.582211,7.96545743942
2019/09/06/14:49:19.586182,7.9658575058
2019/09/06/14:49:19.590248,7.96625757217
2019/09/06/14:49:19.594103,7.96665763855
2019/09/06/14:49:19.598209,7.96705770493
2019/09/06/14:49:19.602155,7.9674577713
2019/09/06/14:49:19.606255,7.96785783768
2019/09/06/14:49:19.610219,7.96825790405
2019/09/06/14:49:19.614163,7.96865797043
2019/09/06/14:49:19.618162,7.9690580368
2019/09/06/14:49:19.622283,7.96945810318
2019/09/06/14:49:19.626176,7.96985816956
2019/09/06/14:49:19.630196,7.97025823593
2019/09/06/14:49:19.634128,7.97065830231
2019/09/06/14:49:19.638168,7.97105836868
2019/09/06/14:49:19.642108,7.97145843506
2019/09/06/14:49:19.646024,7.97185850143
2019/09/06/14:49:19.650140,7.97225856781
2019/09/06/14:49:19.654224,7.97265863419
2019/09/06/14:49:19.658050,7.97305870056
2019/09/06/14:49:19.662225,7.97345876694
2019/09/06/14:49:19.666202,7.97385883331
2019/09/06/14:49:19.670281,7.97425889969
2019/09/06/14:49:19.674196,7.97465896606
2019/09/06/14:49:19.678232,7.97505903244
2019/09/06/14:49:19.682235,7.97545909882
2019/09/06/14:49:19.686039,7.97585916519
2019/09/06/14:49:19.690108,7.97625923157
2019/09/06/14:49:19.694279,7.97665929794
2019/09/06/14:49:19.698130,7.97705936432
2019/09/06/14:49:19.702195,7.97745943069
2019/09/06/14:49:19.706237,7.97785949707
2019/09/06/14:49:19.710423,7.97825956345
2019/09/06/14:49:19.714269,7.97865962982
2019/09/06/14:49:19.718315,7.9790596962
2019/09/06/14:49:19.722198,7.97945976257
2019/09/06/14:49:19.726294,7.97985982895
2019/09/06/14:49:19.730220,7.98025989532
2019/09/06/14:49:19.734226,7.9806599617
2019/09/06/14:49:19.738260,7.98106002808
2019/09/06/14:49:19.742351,7.98146009445
2019/09/06/14:49:19.746212,7.98186016083
2019/09/06/14:49:19.750222,7.9822602272
2019/09/06/14:49:19.754157,7.98266029358
2019/09/06/14:49:19.758187,7.98306035995
2019/09/06/14:49:19.762145,7.98346042633
2019/09/06/14:49:19.766284,7.98386049271
2019/09/06/14:49:19.770058,7.98426055908
2019/09/06/14:49:19.774036,7.98466062546
2019/09/06/14:49:19.778067,7.98506069183
2019/09/06/14:49:19.782076,7.98546075821
2019/09/06/14:49:19.786165,7.98586082458
2019/09/06/14:49:19.790103,7.98626089096
2019/09/06/14:49:19.794056,7.98666095734
2019/09/06/14:49:19.798115,7.98706102371
2019/09/06/14:49:19.802227,7.98746109009
2019/09/06/14:49:19.806194,7.98786115646
2019/09/06/14:49:19.810193,7.98826122284
2019/09/06/14:49:19.814242,7.98866128922
2019/09/06/14:49:19.818378,7.98906135559
2019/09/06/14:49:19.822238,7.98946142197
2019/09/06/14:49:19.826388,7.98986148834
2019/09/06/14:49:19.830285,7.99026155472
2019/09/06/14:49:19.834199,7.99066162109
2019/09/06/14:49:19.838163,7.99106168747
2019/09/06/14:49:19.841705,7.99146175385
2019/09/06/14:49:19.846188,7.99186182022
2019/09/06/14:49:19.850142,7.9922618866
2019/09/06/14:49:19.854110,7.99266195297
2019/09/06/14:49:19.858057,7.99306201935
2019/09/06/14:49:19.862340,7.99346208572
2019/09/06/14:49:19.866251,7.9938621521
2019/09/06/14:49:19.870050,7.99426221848
2019/09/06/14:49:19.874120,7.99466228485
2019/09/06/14:49:19.878037,7.99506235123
2019/09/06/14:49:19.882086,7.9954624176
2019/09/06/14:49:19.885966,7.99586248398
2019/09/06/14:49:19.890197,7.99626255035
2019/09/06/14:49:19.894228,7.99666261673
2019/09/06/14:49:19.898144,7.99706268311
2019/09/06/14:49:19.901968,7.99746274948
2019/09/06/14:49:19.906007,7.99786281586
2019/09/06/14:49:19.910070,7.99826288223
2019/09/06/14:49:19.914135,7.99866294861
2019/09/06/14:49:19.919618,7.99906301498
2019/09/06/14:49:19.922363,7.99946308136
2019/09/06/14:49:19.926089,7.99986314774
2019/09/06/14:49:19.930045,8.00026321411
2019/09/06/14:49:19.934275,8.00066280365
2019/09/06/14:49:19.938158,8.00106239319
2019/09/06/14:49:19.942102,8.00146198273
2019/09/06/14:49:19.946385,8.00186157227
2019/09/06/14:49:19.950261,8.0022611618
2019/09/06/14:49:19.954131,8.00266075134
2019/09/06/14:49:19.958156,8.00306034088
2019/09/06/14:49:19.962300,8.00345993042
2019/09/06/14:49:19.965886,8.00385951996
2019/09/06/14:49:19.969983,8.0042591095
2019/09/06/14:49:19.973958,8.00465869904
2019/09/06/14:49:19.978116,8.00505828857
2019/09/06/14:49:19.982018,8.00545787811
2019/09/06/14:49:19.986091,8.00585746765
2019/09/06/14:49:19.990130,8.00625705719
2019/09/06/14:49:19.994278,8.00665664673
2019/09/06/14:49:19.998369,8.00705623627
2019/09/06/14:49:20.002361,8.00745582581
2019/09/06/14:49:20.005977,8.00785541534
2019/09/06/14:49:20.010036,8.00825500488
2019/09/06/14:49:20.014086,8.00865459442
2019/09/06/14:49:20.018039,8.00905418396
2019/09/06/14:49:20.021980,8.0094537735
2019/09/06/14:49:20.026041,8.00985336304
2019/09/06/14:49:20.030179,8.01025295258
2019/09/06/14:49:20.034144,8.01065254211
2019/09/06/14:49:20.038227,8.01105213165
2019/09/06/14:49:20.042085,8.01145172119
2019/09/06/14:49:20.045997,8.01185131073
2019/09/06/14:49:20.050107,8.01225090027
2019/09/06/14:49:20.053984,8.01265048981
2019/09/06/14:49:20.058129,8.01305007935
2019/09/06/14:49:20.062393,8.01344966888
2019/09/06/14:49:20.066155,8.01384925842
2019/09/06/14:49:20.070142,8.01424884796
2019/09/06/14:49:20.074427,8.0146484375
2019/09/06/14:49:20.078300,8.01504802704
2019/09/06/14:49:20.082184,8.01544761658
2019/09/06/14:49:20.086140,8.01584720612
2019/09/06/14:49:20.090074,8.01624679565
2019/09/06/14:49:20.094214,8.01664638519
2019/09/06/14:49:20.098233,8.01704597473
2019/09/06/14:49:20.102306,8.01744556427
2019/09/06/14:49:20.106247,8.01784515381
2019/09/06/14:49:20.110213,8.01824474335
2019/09/06/14:49:20.114196,8.01864433289
2019/09/06/14:49:20.118231,8.01904392242
2019/09/06/14:49:20.122175,8.01944351196
2019/09/06/14:49:20.126144,8.0198431015
2019/09/06/14:49:20.130136,8.02024269104
2019/09/06/14:49:20.134152,8.02064228058
2019/09/06/14:49:20.138127,8.02104187012
2019/09/06/14:49:20.142229,8.02144145966
2019/09/06/14:49:20.146196,8.02184104919
2019/09/06/14:49:20.150248,8.02224063873
2019/09/06/14:49:20.154191,8.02264022827
2019/09/06/14:49:20.158147,8.02303981781
2019/09/06/14:49:20.162016,8.02343940735
2019/09/06/14:49:20.166249,8.02383899689
2019/09/06/14:49:20.170057,8.02423858643
2019/09/06/14:49:20.174144,8.02463817596
2019/09/06/14:49:20.178289,8.0250377655
2019/09/06/14:49:20.182201,8.02543735504
2019/09/06/14:49:20.186190,8.02583694458
2019/09/06/14:49:20.190223,8.02623653412
2019/09/06/14:49:20.194231,8.02663612366
2019/09/06/14:49:20.198181,8.0270357132
2019/09/06/14:49:20.202298,8.02743530273
2019/09/06/14:49:20.206223,8.02783489227
2019/09/06/14:49:20.210146,8.02823448181
2019/09/06/14:49:20.214205,8.02863407135
2019/09/06/14:49:20.218328,8.02903366089
2019/09/06/14:49:20.222252,8.02943325043
2019/09/06/14:49:20.226280,8.02983283997
2019/09/06/14:49:20.230352,8.0302324295
2019/09/06/14:49:20.234375,8.03063201904
2019/09/06/14:49:20.238213,8.03103160858
2019/09/06/14:49:20.242202,8.03143119812
2019/09/06/14:49:20.246184,8.03183078766
2019/09/06/14:49:20.250266,8.0322303772
2019/09/06/14:49:20.254220,8.03262996674
2019/09/06/14:49:20.258280,8.03302955627
2019/09/06/14:49:20.262232,8.03342914581
2019/09/06/14:49:20.266310,8.03382873535
2019/09/06/14:49:20.270202,8.03422832489
2019/09/06/14:49:20.274300,8.03462791443
2019/09/06/14:49:20.278352,8.03502750397
2019/09/06/14:49:20.282127,8.03542709351
2019/09/06/14:49:20.286163,8.03582668304
2019/09/06/14:49:20.290169,8.03622627258
2019/09/06/14:49:20.294282,8.03662586212
2019/09/06/14:49:20.298473,8.03702545166
2019/09/06/14:49:20.302235,8.0374250412
2019/09/06/14:49:20.306268,8.03782463074
2019/09/06/14:49:20.310314,8.03822422028
2019/09/06/14:49:20.314270,8.03862380981
2019/09/06/14:49:20.318182,8.03902339935
2019/09/06/14:49:20.322146,8.03942298889
2019/09/06/14:49:20.326105,8.03982257843
2019/09/06/14:49:20.330358,8.04022216797
2019/09/06/14:49:20.334476,8.04062175751
2019/09/06/14:49:20.338536,8.04102134705
2019/09/06/14:49:20.341897,8.04142093658
2019/09/06/14:49:20.346156,8.04182052612
2019/09/06/14:49:20.350163,8.04222011566
2019/09/06/14:49:20.354132,8.0426197052
2019/09/06/14:49:20.358202,8.04301929474
2019/09/06/14:49:20.362185,8.04341888428
2019/09/06/14:49:20.366122,8.04381847382
2019/09/06/14:49:20.370267,8.04421806335
2019/09/06/14:49:20.374237,8.04461765289
2019/09/06/14:49:20.378330,8.04501724243
2019/09/06/14:49:20.382282,8.04541683197
2019/09/06/14:49:20.386234,8.04581642151
2019/09/06/14:49:20.390180,8.04621601105
2019/09/06/14:49:20.394090,8.04661560059
2019/09/06/14:49:20.398285,8.04701519012
2019/09/06/14:49:20.402230,8.04741477966
2019/09/06/14:49:20.406190,8.0478143692
2019/09/06/14:49:20.410301,8.04821395874
2019/09/06/14:49:20.414296,8.04861354828
2019/09/06/14:49:20.418472,8.04901313782
2019/09/06/14:49:20.422307,8.04941272736
2019/09/06/14:49:20.426220,8.04981231689
2019/09/06/14:49:20.430146,8.05021190643
2019/09/06/14:49:20.434166,8.05061149597
2019/09/06/14:49:20.438272,8.05101108551
2019/09/06/14:49:20.442122,8.05141067505
2019/09/06/14:49:20.446245,8.05181026459
2019/09/06/14:49:20.450122,8.05220985413
2019/09/06/14:49:20.454028,8.05260944366
2019/09/06/14:49:20.458134,8.0530090332
2019/09/06/14:49:20.462148,8.05340862274
2019/09/06/14:49:20.466220,8.05380821228
2019/09/06/14:49:20.470166,8.05420780182
2019/09/06/14:49:20.474278,8.05460739136
2019/09/06/14:49:20.478194,8.0550069809
2019/09/06/14:49:20.482310,8.05540657043
2019/09/06/14:49:20.486136,8.05580615997
2019/09/06/14:49:20.490280,8.05620574951
2019/09/06/14:49:20.494416,8.05660533905
2019/09/06/14:49:20.498389,8.05700492859
2019/09/06/14:49:20.502222,8.05740451813
2019/09/06/14:49:20.506241,8.05780410767
2019/09/06/14:49:20.510193,8.0582036972
2019/09/06/14:49:20.514374,8.05860328674
2019/09/06/14:49:20.518233,8.05900287628
2019/09/06/14:49:20.522086,8.05940246582
2019/09/06/14:49:20.526105,8.05980205536
2019/09/06/14:49:20.530240,8.0602016449
2019/09/06/14:49:20.534330,8.06060123444
2019/09/06/14:49:20.538328,8.06100082397
2019/09/06/14:49:20.542277,8.06140041351
2019/09/06/14:49:20.546193,8.06180000305
2019/09/06/14:49:20.550074,8.06219959259
2019/09/06/14:49:20.554199,8.06259918213
2019/09/06/14:49:20.558146,8.06299877167
2019/09/06/14:49:20.562095,8.06339836121
2019/09/06/14:49:20.566077,8.06379795074
2019/09/06/14:49:20.570235,8.06419754028
2019/09/06/14:49:20.574278,8.06459712982
2019/09/06/14:49:20.578217,8.06499671936
2019/09/06/14:49:20.582337,8.0653963089
2019/09/06/14:49:20.586233,8.06579589844
2019/09/06/14:49:20.590049,8.06619548798
2019/09/06/14:49:20.594218,8.06659507751
2019/09/06/14:49:20.598345,8.06699466705
2019/09/06/14:49:20.602311,8.06739425659
2019/09/06/14:49:20.606122,8.06779384613
2019/09/06/14:49:20.610202,8.06819343567
2019/09/06/14:49:20.614186,8.06859302521
2019/09/06/14:49:20.618079,8.06899261475
2019/09/06/14:49:20.622132,8.06939220428
2019/09/06/14:49:20.626159,8.06979179382
2019/09/06/14:49:20.630380,8.07019138336
2019/09/06/14:49:20.634179,8.0705909729
2019/09/06/14:49:20.638244,8.07099056244
2019/09/06/14:49:20.642337,8.07139015198
2019/09/06/14:49:20.646106,8.07178974152
2019/09/06/14:49:20.650145,8.07218933105
2019/09/06/14:49:20.654035,8.07258892059
2019/09/06/14:49:20.658078,8.07298851013
2019/09/06/14:49:20.662078,8.07338809967
2019/09/06/14:49:20.666227,8.07378768921
2019/09/06/14:49:20.670256,8.07418727875
2019/09/06/14:49:20.674349,8.07458686829
2019/09/06/14:49:20.678228,8.07498645782
2019/09/06/14:49:20.682257,8.07538604736
2019/09/06/14:49:20.686329,8.0757856369
2019/09/06/14:49:20.690151,8.07618522644
2019/09/06/14:49:20.694035,8.07658481598
2019/09/06/14:49:20.697965,8.07698440552
2019/09/06/14:49:20.702025,8.07738399506
2019/09/06/14:49:20.706143,8.07778358459
2019/09/06/14:49:20.710062,8.07818317413
2019/09/06/14:49:20.713971,8.07858276367
2019/09/06/14:49:20.718177,8.07898235321
2019/09/06/14:49:20.722103,8.07938194275
2019/09/06/14:49:20.726126,8.07978153229
2019/09/06/14:49:20.730153,8.08018112183
2019/09/06/14:49:20.734152,8.08058071136
2019/09/06/14:49:20.738161,8.0809803009
2019/09/06/14:49:20.742218,8.08137989044
2019/09/06/14:49:20.745992,8.08177947998
2019/09/06/14:49:20.750188,8.08217906952
2019/09/06/14:49:20.754052,8.08257865906
2019/09/06/14:49:20.758184,8.0829782486
2019/09/06/14:49:20.762264,8.08337783813
2019/09/06/14:49:20.766175,8.08377742767
2019/09/06/14:49:20.770033,8.08417701721
2019/09/06/14:49:20.774022,8.08457660675
2019/09/06/14:49:20.778222,8.08497619629
2019/09/06/14:49:20.782163,8.08537578583
2019/09/06/14:49:20.786543,8.08577537537
2019/09/06/14:49:20.790243,8.0861749649
2019/09/06/14:49:20.794046,8.08657455444
2019/09/06/14:49:20.798179,8.08697414398
2019/09/06/14:49:20.802126,8.08737373352
2019/09/06/14:49:20.806071,8.08777332306
2019/09/06/14:49:20.810267,8.0881729126
2019/09/06/14:49:20.814184,8.08857250214
2019/09/06/14:49:20.818403,8.08897209167
2019/09/06/14:49:20.822204,8.08937168121
2019/09/06/14:49:20.826182,8.08977127075
2019/09/06/14:49:20.830243,8.09017086029
2019/09/06/14:49:20.834169,8.09057044983
2019/09/06/14:49:20.837990,8.09097003937
2019/09/06/14:49:20.842125,8.09136962891
2019/09/06/14:49:20.846064,8.09176921844
2019/09/06/14:49:20.850267,8.09216880798
2019/09/06/14:49:20.854235,8.09256839752
2019/09/06/14:49:20.858218,8.09296798706
2019/09/06/14:49:20.862175,8.0933675766
2019/09/06/14:49:20.866163,8.09376716614
2019/09/06/14:49:20.870158,8.09416675568
2019/09/06/14:49:20.874130,8.09456634521
2019/09/06/14:49:20.878346,8.09496593475
2019/09/06/14:49:20.882328,8.09536552429
2019/09/06/14:49:20.886019,8.09576511383
2019/09/06/14:49:20.890349,8.09616470337
2019/09/06/14:49:20.894033,8.09656429291
2019/09/06/14:49:20.898100,8.09696388245
2019/09/06/14:49:20.902089,8.09736347198
2019/09/06/14:49:20.906023,8.09776306152
2019/09/06/14:49:20.909893,8.09816265106
2019/09/06/14:49:20.914450,8.0985622406
2019/09/06/14:49:20.918219,8.09896183014
2019/09/06/14:49:20.922055,8.09936141968
2019/09/06/14:49:20.925982,8.09976100922
2019/09/06/14:49:20.929998,8.10016059875
2019/09/06/14:49:20.934017,8.10056018829
2019/09/06/14:49:20.938029,8.10095977783
2019/09/06/14:49:20.941953,8.10135936737
2019/09/06/14:49:20.946193,8.10175895691
2019/09/06/14:49:20.950200,8.10215854645
2019/09/06/14:49:20.954024,8.10255813599
2019/09/06/14:49:20.958178,8.10295772552
2019/09/06/14:49:20.962211,8.10335731506
2019/09/06/14:49:20.966137,8.1037569046
2019/09/06/14:49:20.970237,8.10415649414
2019/09/06/14:49:20.974272,8.10455608368
2019/09/06/14:49:20.978215,8.10495567322
2019/09/06/14:49:20.982180,8.10535526276
2019/09/06/14:49:20.986174,8.10575485229
2019/09/06/14:49:20.990064,8.10615444183
2019/09/06/14:49:20.994282,8.10655403137
2019/09/06/14:49:20.998113,8.10695362091
2019/09/06/14:49:21.002333,8.10735321045
2019/09/06/14:49:21.006115,8.10775279999
2019/09/06/14:49:21.010278,8.10815238953
2019/09/06/14:49:21.014118,8.10855197906
2019/09/06/14:49:21.018232,8.1089515686
2019/09/06/14:49:21.022281,8.10935115814
2019/09/06/14:49:21.026056,8.10975074768
2019/09/06/14:49:21.030221,8.11015033722
2019/09/06/14:49:21.034061,8.11054992676
2019/09/06/14:49:21.038086,8.1109495163
2019/09/06/14:49:21.042234,8.11134910583
2019/09/06/14:49:21.046083,8.11174869537
2019/09/06/14:49:21.050285,8.11214828491
2019/09/06/14:49:21.054128,8.11254787445
2019/09/06/14:49:21.058260,8.11294746399
2019/09/06/14:49:21.062379,8.11334705353
2019/09/06/14:49:21.066257,8.11374664307
2019/09/06/14:49:21.070336,8.1141462326
2019/09/06/14:49:21.074182,8.11454582214
2019/09/06/14:49:21.078037,8.11494541168
2019/09/06/14:49:21.082163,8.11534500122
2019/09/06/14:49:21.086075,8.11574459076
2019/09/06/14:49:21.089954,8.1161441803
2019/09/06/14:49:21.094055,8.11654376984
2019/09/06/14:49:21.098197,8.11694335938
2019/09/06/14:49:21.102166,8.11734294891
2019/09/06/14:49:21.106192,8.11774253845
2019/09/06/14:49:21.110211,8.11814212799
2019/09/06/14:49:21.114380,8.11854171753
2019/09/06/14:49:21.118270,8.11894130707
2019/09/06/14:49:21.122179,8.11934089661
2019/09/06/14:49:21.126274,8.11974048615
2019/09/06/14:49:21.130417,8.12014007568
2019/09/06/14:49:21.134418,8.12053966522
2019/09/06/14:49:21.138272,8.12093925476
2019/09/06/14:49:21.142126,8.1213388443
2019/09/06/14:49:21.146329,8.12173843384
2019/09/06/14:49:21.150186,8.12213802338
2019/09/06/14:49:21.154045,8.12253761292
2019/09/06/14:49:21.158187,8.12293720245
2019/09/06/14:49:21.162040,8.12333679199
2019/09/06/14:49:21.166356,8.12373638153
2019/09/06/14:49:21.170268,8.12413597107
2019/09/06/14:49:21.174195,8.12453556061
2019/09/06/14:49:21.178156,8.12493515015
2019/09/06/14:49:21.182076,8.12533473969
2019/09/06/14:49:21.186353,8.12573432922
2019/09/06/14:49:21.190028,8.12613391876
2019/09/06/14:49:21.194190,8.1265335083
2019/09/06/14:49:21.198153,8.12693309784
2019/09/06/14:49:21.202245,8.12733268738
2019/09/06/14:49:21.206195,8.12773227692
2019/09/06/14:49:21.210106,8.12813186646
2019/09/06/14:49:21.214185,8.12853145599
2019/09/06/14:49:21.218216,8.12893104553
2019/09/06/14:49:21.222153,8.12933063507
2019/09/06/14:49:21.226242,8.12973022461
2019/09/06/14:49:21.230366,8.13012981415
2019/09/06/14:49:21.234122,8.13052940369
2019/09/06/14:49:21.238156,8.13092899323
2019/09/06/14:49:21.242179,8.13132858276
2019/09/06/14:49:21.246119,8.1317281723
2019/09/06/14:49:21.250183,8.13212776184
2019/09/06/14:49:21.254204,8.13252735138
2019/09/06/14:49:21.258228,8.13292694092
2019/09/06/14:49:21.262167,8.13332653046
2019/09/06/14:49:21.266253,8.13372612
2019/09/06/14:49:21.270408,8.13412570953
2019/09/06/14:49:21.274195,8.13452529907
2019/09/06/14:49:21.278218,8.13492488861
2019/09/06/14:49:21.282295,8.13532447815
2019/09/06/14:49:21.286061,8.13572406769
2019/09/06/14:49:21.290177,8.13612365723
2019/09/06/14:49:21.294086,8.13652324677
2019/09/06/14:49:21.298198,8.1369228363
2019/09/06/14:49:21.302176,8.13732242584
2019/09/06/14:49:21.306383,8.13772201538
2019/09/06/14:49:21.310342,8.13812160492
2019/09/06/14:49:21.314198,8.13852119446
2019/09/06/14:49:21.318172,8.138920784
2019/09/06/14:49:21.322188,8.13932037354
2019/09/06/14:49:21.326245,8.13971996307
2019/09/06/14:49:21.330251,8.14011955261
2019/09/06/14:49:21.334369,8.14051914215
2019/09/06/14:49:21.338360,8.14091873169
2019/09/06/14:49:21.342191,8.14131832123
2019/09/06/14:49:21.346353,8.14171791077
2019/09/06/14:49:21.350127,8.14211750031
2019/09/06/14:49:21.354165,8.14251708984
2019/09/06/14:49:21.358179,8.14291667938
2019/09/06/14:49:21.362089,8.14331626892
2019/09/06/14:49:21.366077,8.14371585846
2019/09/06/14:49:21.370256,8.144115448
2019/09/06/14:49:21.374274,8.14451503754
2019/09/06/14:49:21.378298,8.14491462708
2019/09/06/14:49:21.382078,8.14531421661
2019/09/06/14:49:21.386120,8.14571380615
2019/09/06/14:49:21.390341,8.14611339569
2019/09/06/14:49:21.394280,8.14651298523
2019/09/06/14:49:21.398133,8.14691257477
2019/09/06/14:49:21.402265,8.14731216431
2019/09/06/14:49:21.406073,8.14771175385
2019/09/06/14:49:21.410238,8.14811134338
2019/09/06/14:49:21.414173,8.14851093292
2019/09/06/14:49:21.418144,8.14891052246
2019/09/06/14:49:21.422128,8.149310112
2019/09/06/14:49:21.426173,8.14970970154
2019/09/06/14:49:21.430178,8.15010929108
2019/09/06/14:49:21.434273,8.15050888062
2019/09/06/14:49:21.438200,8.15090847015
2019/09/06/14:49:21.441746,8.15130805969
2019/09/06/14:49:21.446133,8.15170764923
2019/09/06/14:49:21.450312,8.15210723877
2019/09/06/14:49:21.454282,8.15250682831
2019/09/06/14:49:21.458012,8.15290641785
2019/09/06/14:49:21.461919,8.15330600739
2019/09/06/14:49:21.466194,8.15370559692
2019/09/06/14:49:21.470332,8.15410518646
2019/09/06/14:49:21.474181,8.154504776
2019/09/06/14:49:21.478065,8.15490436554
2019/09/06/14:49:21.482424,8.15530395508
2019/09/06/14:49:21.486216,8.15570354462
2019/09/06/14:49:21.490387,8.15610313416
2019/09/06/14:49:21.494223,8.15650272369
2019/09/06/14:49:21.498536,8.15690231323
2019/09/06/14:49:21.502264,8.15730190277
2019/09/06/14:49:21.506116,8.15770149231
2019/09/06/14:49:21.510055,8.15810108185
2019/09/06/14:49:21.514411,8.15850067139
2019/09/06/14:49:21.518102,8.15890026093
2019/09/06/14:49:21.522212,8.15929985046
2019/09/06/14:49:21.526234,8.15969944
2019/09/06/14:49:21.530006,8.16009902954
2019/09/06/14:49:21.534165,8.16049861908
2019/09/06/14:49:21.538109,8.16089820862
2019/09/06/14:49:21.542447,8.16129779816
2019/09/06/14:49:21.546050,8.1616973877
2019/09/06/14:49:21.550274,8.16209697723
2019/09/06/14:49:21.554038,8.16249656677
2019/09/06/14:49:21.557937,8.16289615631
2019/09/06/14:49:21.561982,8.16329574585
2019/09/06/14:49:21.566199,8.16369533539
2019/09/06/14:49:21.570212,8.16409492493
2019/09/06/14:49:21.574124,8.16449451447
2019/09/06/14:49:21.578205,8.164894104
2019/09/06/14:49:21.582109,8.16529369354
2019/09/06/14:49:21.586214,8.16569328308
2019/09/06/14:49:21.590215,8.16609287262
2019/09/06/14:49:21.594054,8.16649246216
2019/09/06/14:49:21.597984,8.1668920517
2019/09/06/14:49:21.602045,8.16729164124
2019/09/06/14:49:21.606323,8.16769123077
2019/09/06/14:49:21.610268,8.16809082031
2019/09/06/14:49:21.614202,8.16849040985
2019/09/06/14:49:21.618192,8.16888999939
2019/09/06/14:49:21.622154,8.16928958893
2019/09/06/14:49:21.626180,8.16968917847
2019/09/06/14:49:21.630170,8.17008876801
2019/09/06/14:49:21.634139,8.17048835754
2019/09/06/14:49:21.638281,8.17088794708
2019/09/06/14:49:21.642262,8.17128753662
2019/09/06/14:49:21.646180,8.17168712616
2019/09/06/14:49:21.650084,8.1720867157
2019/09/06/14:49:21.653954,8.17248630524
2019/09/06/14:49:21.658211,8.17288589478
2019/09/06/14:49:21.662012,8.17328548431
2019/09/06/14:49:21.665967,8.17368507385
2019/09/06/14:49:21.670064,8.17408466339
2019/09/06/14:49:21.674010,8.17448425293
2019/09/06/14:49:21.677994,8.17488384247
2019/09/06/14:49:21.682012,8.17528343201
2019/09/06/14:49:21.686196,8.17568302155
2019/09/06/14:49:21.690304,8.17608261108
2019/09/06/14:49:21.694242,8.17648220062
2019/09/06/14:49:21.698281,8.17688179016
2019/09/06/14:49:21.702290,8.1772813797
2019/09/06/14:49:21.706669,8.17768096924
2019/09/06/14:49:21.710335,8.17808055878
2019/09/06/14:49:21.714250,8.17848014832
2019/09/06/14:49:21.718271,8.17887973785
2019/09/06/14:49:21.722129,8.17927932739
2019/09/06/14:49:21.726064,8.17967891693
2019/09/06/14:49:21.730122,8.18007850647
2019/09/06/14:49:21.734308,8.18047809601
2019/09/06/14:49:21.738153,8.18087768555
2019/09/06/14:49:21.741950,8.18127727509
2019/09/06/14:49:21.746145,8.18167686462
2019/09/06/14:49:21.750160,8.18207645416
2019/09/06/14:49:21.754075,8.1824760437
2019/09/06/14:49:21.758090,8.18287563324
2019/09/06/14:49:21.762072,8.18327522278
2019/09/06/14:49:21.766077,8.18367481232
2019/09/06/14:49:21.770201,8.18407440186
2019/09/06/14:49:21.774401,8.18447399139
2019/09/06/14:49:21.778056,8.18487358093
2019/09/06/14:49:21.782161,8.18527317047
2019/09/06/14:49:21.786130,8.18567276001
2019/09/06/14:49:21.790281,8.18607234955
2019/09/06/14:49:21.794200,8.18647193909
2019/09/06/14:49:21.798225,8.18687152863
2019/09/06/14:49:21.802141,8.18727111816
2019/09/06/14:49:21.806072,8.1876707077
2019/09/06/14:49:21.810033,8.18807029724
2019/09/06/14:49:21.813988,8.18846988678
2019/09/06/14:49:21.818019,8.18886947632
2019/09/06/14:49:21.821870,8.18926906586
2019/09/06/14:49:21.826019,8.1896686554
2019/09/06/14:49:21.830056,8.19006824493
2019/09/06/14:49:21.834065,8.19046783447
2019/09/06/14:49:21.838048,8.19086742401
2019/09/06/14:49:21.842016,8.19126701355
2019/09/06/14:49:21.845992,8.19166660309
2019/09/06/14:49:21.850120,8.19206619263
2019/09/06/14:49:21.854140,8.19246578217
2019/09/06/14:49:21.857984,8.1928653717
2019/09/06/14:49:21.862019,8.19326496124
2019/09/06/14:49:21.866209,8.19366455078
2019/09/06/14:49:21.869998,8.19406414032
2019/09/06/14:49:21.874125,8.19446372986
2019/09/06/14:49:21.878170,8.1948633194
2019/09/06/14:49:21.881907,8.19526290894
2019/09/06/14:49:21.885986,8.19566249847
2019/09/06/14:49:21.890131,8.19606208801
2019/09/06/14:49:21.894121,8.19646167755
2019/09/06/14:49:21.898120,8.19686126709
2019/09/06/14:49:21.902076,8.19726085663
2019/09/06/14:49:21.906198,8.19766044617
2019/09/06/14:49:21.910030,8.19806003571
2019/09/06/14:49:21.914045,8.19845962524
2019/09/06/14:49:21.918173,8.19885921478
2019/09/06/14:49:21.922341,8.19925880432
2019/09/06/14:49:21.926223,8.19965839386
2019/09/06/14:49:21.930300,8.2000579834
2019/09/06/14:49:21.935743,8.20045757294
2019/09/06/14:49:21.938240,8.20085716248
2019/09/06/14:49:21.941995,8.20125675201
2019/09/06/14:49:21.946113,8.20165634155
2019/09/06/14:49:21.950255,8.20205593109
2019/09/06/14:49:21.954228,8.20245552063
2019/09/06/14:49:21.958271,8.20285511017
2019/09/06/14:49:21.962170,8.20325469971
2019/09/06/14:49:21.966037,8.20365428925
2019/09/06/14:49:21.970170,8.20405387878
2019/09/06/14:49:21.974353,8.20445346832
2019/09/06/14:49:21.978225,8.20485305786
2019/09/06/14:49:21.982067,8.2052526474
2019/09/06/14:49:21.986097,8.20565223694
2019/09/06/14:49:21.990065,8.20605182648
2019/09/06/14:49:21.993973,8.20645141602
2019/09/06/14:49:21.998291,8.20685100555
2019/09/06/14:49:22.002290,8.20725059509
2019/09/06/14:49:22.006149,8.20765018463
2019/09/06/14:49:22.010332,8.20804977417
2019/09/06/14:49:22.014230,8.20844936371
2019/09/06/14:49:22.018252,8.20884895325
2019/09/06/14:49:22.022368,8.20924854279
2019/09/06/14:49:22.026291,8.20964813232
2019/09/06/14:49:22.030288,8.21004772186
2019/09/06/14:49:22.034089,8.2104473114
2019/09/06/14:49:22.038136,8.21084690094
2019/09/06/14:49:22.042017,8.21124649048
2019/09/06/14:49:22.046133,8.21164608002
2019/09/06/14:49:22.050019,8.21204566956
2019/09/06/14:49:22.054259,8.21244525909
2019/09/06/14:49:22.058547,8.21284484863
2019/09/06/14:49:22.062106,8.21324443817
2019/09/06/14:49:22.066127,8.21364402771
2019/09/06/14:49:22.070181,8.21404361725
2019/09/06/14:49:22.074176,8.21444320679
2019/09/06/14:49:22.078085,8.21484279633
2019/09/06/14:49:22.082111,8.21524238586
2019/09/06/14:49:22.086044,8.2156419754
2019/09/06/14:49:22.089996,8.21604156494
2019/09/06/14:49:22.094147,8.21644115448
2019/09/06/14:49:22.098068,8.21684074402
2019/09/06/14:49:22.102093,8.21724033356
2019/09/06/14:49:22.106095,8.2176399231
2019/09/06/14:49:22.110306,8.21803951263
2019/09/06/14:49:22.114199,8.21843910217
2019/09/06/14:49:22.118319,8.21883869171
2019/09/06/14:49:22.122118,8.21923828125
2019/09/06/14:49:22.126085,8.21963787079
2019/09/06/14:49:22.130162,8.22003746033
2019/09/06/14:49:22.134083,8.22043704987
2019/09/06/14:49:22.138132,8.2208366394
2019/09/06/14:49:22.142141,8.22123622894
2019/09/06/14:49:22.146204,8.22163581848
2019/09/06/14:49:22.150197,8.22203540802
2019/09/06/14:49:22.154235,8.22243499756
2019/09/06/14:49:22.158171,8.2228345871
2019/09/06/14:49:22.162071,8.22323417664
2019/09/06/14:49:22.166070,8.22363376617
2019/09/06/14:49:22.170097,8.22403335571
2019/09/06/14:49:22.174164,8.22443294525
2019/09/06/14:49:22.178394,8.22483253479
2019/09/06/14:49:22.182317,8.22523212433
2019/09/06/14:49:22.186168,8.22563171387
2019/09/06/14:49:22.190249,8.22603130341
2019/09/06/14:49:22.194230,8.22643089294
2019/09/06/14:49:22.198237,8.22683048248
2019/09/06/14:49:22.202178,8.22723007202
2019/09/06/14:49:22.206128,8.22762966156
2019/09/06/14:49:22.210325,8.2280292511
2019/09/06/14:49:22.214151,8.22842884064
2019/09/06/14:49:22.218059,8.22882843018
2019/09/06/14:49:22.222111,8.22922801971
2019/09/06/14:49:22.226338,8.22962760925
2019/09/06/14:49:22.230417,8.23002719879
2019/09/06/14:49:22.234310,8.23042678833
2019/09/06/14:49:22.238174,8.23082637787
2019/09/06/14:49:22.242158,8.23122596741
2019/09/06/14:49:22.246040,8.23162555695
2019/09/06/14:49:22.250462,8.23202514648
2019/09/06/14:49:22.254317,8.23242473602
2019/09/06/14:49:22.258107,8.23282432556
2019/09/06/14:49:22.262125,8.2332239151
2019/09/06/14:49:22.266143,8.23362350464
2019/09/06/14:49:22.270147,8.23402309418
2019/09/06/14:49:22.274112,8.23442268372
2019/09/06/14:49:22.278232,8.23482227325
2019/09/06/14:49:22.282054,8.23522186279
2019/09/06/14:49:22.285964,8.23562145233
2019/09/06/14:49:22.290070,8.23602104187
2019/09/06/14:49:22.294060,8.23642063141
2019/09/06/14:49:22.298102,8.23682022095
2019/09/06/14:49:22.301977,8.23721981049
2019/09/06/14:49:22.306084,8.23761940002
2019/09/06/14:49:22.310275,8.23801898956
2019/09/06/14:49:22.314255,8.2384185791
2019/09/06/14:49:22.318268,8.23881816864
2019/09/06/14:49:22.322205,8.23921775818
2019/09/06/14:49:22.326160,8.23961734772
2019/09/06/14:49:22.330139,8.24001693726
2019/09/06/14:49:22.334234,8.24041652679
2019/09/06/14:49:22.338274,8.24081611633
2019/09/06/14:49:22.342220,8.24121570587
2019/09/06/14:49:22.346276,8.24161529541
2019/09/06/14:49:22.350266,8.24201488495
2019/09/06/14:49:22.354148,8.24241447449
2019/09/06/14:49:22.358045,8.24281406403
2019/09/06/14:49:22.362237,8.24321365356
2019/09/06/14:49:22.365938,8.2436132431
2019/09/06/14:49:22.370282,8.24401283264
2019/09/06/14:49:22.374211,8.24441242218
2019/09/06/14:49:22.378210,8.24481201172
2019/09/06/14:49:22.382147,8.24521160126
2019/09/06/14:49:22.386182,8.2456111908
2019/09/06/14:49:22.390023,8.24601078033
2019/09/06/14:49:22.394183,8.24641036987
2019/09/06/14:49:22.398152,8.24680995941
2019/09/06/14:49:22.402391,8.24720954895
2019/09/06/14:49:22.406126,8.24760913849
2019/09/06/14:49:22.410112,8.24800872803
2019/09/06/14:49:22.414160,8.24840831757
2019/09/06/14:49:22.418024,8.2488079071
2019/09/06/14:49:22.422112,8.24920749664
2019/09/06/14:49:22.426186,8.24960708618
2019/09/06/14:49:22.430133,8.25000667572
2019/09/06/14:49:22.434053,8.25040626526
2019/09/06/14:49:22.438218,8.2508058548
2019/09/06/14:49:22.441977,8.25120544434
2019/09/06/14:49:22.446189,8.25160503387
2019/09/06/14:49:22.450142,8.25200462341
2019/09/06/14:49:22.454167,8.25240421295
2019/09/06/14:49:22.458423,8.25280380249
2019/09/06/14:49:22.462178,8.25320339203
2019/09/06/14:49:22.466395,8.25360298157
2019/09/06/14:49:22.470157,8.25400257111
2019/09/06/14:49:22.474151,8.25440216064
2019/09/06/14:49:22.478028,8.25480175018
2019/09/06/14:49:22.482134,8.25520133972
2019/09/06/14:49:22.486107,8.25560092926
2019/09/06/14:49:22.490342,8.2560005188
2019/09/06/14:49:22.494131,8.25640010834
2019/09/06/14:49:22.498148,8.25679969788
2019/09/06/14:49:22.502123,8.25719928741
2019/09/06/14:49:22.506139,8.25759887695
2019/09/06/14:49:22.510153,8.25799846649
2019/09/06/14:49:22.514097,8.25839805603
2019/09/06/14:49:22.518421,8.25879764557
2019/09/06/14:49:22.522122,8.25919723511
2019/09/06/14:49:22.526054,8.25959682465
2019/09/06/14:49:22.530069,8.25999641418
2019/09/06/14:49:22.534205,8.26039600372
2019/09/06/14:49:22.538581,8.26079559326
2019/09/06/14:49:22.542395,8.2611951828
2019/09/06/14:49:22.546321,8.26159477234
2019/09/06/14:49:22.550133,8.26199436188
2019/09/06/14:49:22.554336,8.26239395142
2019/09/06/14:49:22.558329,8.26279354095
2019/09/06/14:49:22.562254,8.26319313049
2019/09/06/14:49:22.566092,8.26359272003
2019/09/06/14:49:22.570185,8.26399230957
2019/09/06/14:49:22.574164,8.26439189911
2019/09/06/14:49:22.578262,8.26479148865
2019/09/06/14:49:22.582174,8.26519107819
2019/09/06/14:49:22.586123,8.26559066772
2019/09/06/14:49:22.590033,8.26599025726
2019/09/06/14:49:22.594235,8.2663898468
2019/09/06/14:49:22.598016,8.26678943634
2019/09/06/14:49:22.602325,8.26718902588
2019/09/06/14:49:22.606158,8.26758861542
2019/09/06/14:49:22.609924,8.26798820496
2019/09/06/14:49:22.614036,8.26838779449
2019/09/06/14:49:22.618063,8.26878738403
2019/09/06/14:49:22.622116,8.26918697357
2019/09/06/14:49:22.626177,8.26958656311
2019/09/06/14:49:22.630359,8.26998615265
2019/09/06/14:49:22.634182,8.27038574219
2019/09/06/14:49:22.638441,8.27078533173
2019/09/06/14:49:22.642052,8.27118492126
2019/09/06/14:49:22.646007,8.2715845108
2019/09/06/14:49:22.650066,8.27198410034
2019/09/06/14:49:22.654086,8.27238368988
2019/09/06/14:49:22.658081,8.27278327942
2019/09/06/14:49:22.662365,8.27318286896
2019/09/06/14:49:22.666084,8.2735824585
2019/09/06/14:49:22.670170,8.27398204803
2019/09/06/14:49:22.674077,8.27438163757
2019/09/06/14:49:22.677973,8.27478122711
2019/09/06/14:49:22.682024,8.27518081665
2019/09/06/14:49:22.686069,8.27558040619
2019/09/06/14:49:22.690006,8.27597999573
2019/09/06/14:49:22.694038,8.27637958527
2019/09/06/14:49:22.698026,8.2767791748
2019/09/06/14:49:22.702191,8.27717876434
2019/09/06/14:49:22.706221,8.27757835388
2019/09/06/14:49:22.710065,8.27797794342
2019/09/06/14:49:22.713985,8.27837753296
2019/09/06/14:49:22.718055,8.2787771225
2019/09/06/14:49:22.722048,8.27917671204
2019/09/06/14:49:22.726165,8.27957630157
2019/09/06/14:49:22.730179,8.27997589111
2019/09/06/14:49:22.734052,8.28037548065
2019/09/06/14:49:22.738053,8.28077507019
2019/09/06/14:49:22.742129,8.28117465973
2019/09/06/14:49:22.746131,8.28157424927
2019/09/06/14:49:22.750061,8.28197383881
2019/09/06/14:49:22.754058,8.28237342834
2019/09/06/14:49:22.758065,8.28277301788
2019/09/06/14:49:22.762153,8.28317260742
2019/09/06/14:49:22.766345,8.28357219696
2019/09/06/14:49:22.770116,8.2839717865
2019/09/06/14:49:22.774156,8.28437137604
2019/09/06/14:49:22.778143,8.28477096558
2019/09/06/14:49:22.782073,8.28517055511
2019/09/06/14:49:22.786220,8.28557014465
2019/09/06/14:49:22.790292,8.28596973419
2019/09/06/14:49:22.794122,8.28636932373
2019/09/06/14:49:22.798294,8.28676891327
2019/09/06/14:49:22.802099,8.28716850281
2019/09/06/14:49:22.806139,8.28756809235
2019/09/06/14:49:22.810158,8.28796768188
2019/09/06/14:49:22.814099,8.28836727142
2019/09/06/14:49:22.818342,8.28876686096
2019/09/06/14:49:22.822259,8.2891664505
2019/09/06/14:49:22.826265,8.28956604004
2019/09/06/14:49:22.830189,8.28996562958
2019/09/06/14:49:22.834199,8.29036521912
2019/09/06/14:49:22.838326,8.29076480865
2019/09/06/14:49:22.841922,8.29116439819
2019/09/06/14:49:22.845993,8.29156398773
2019/09/06/14:49:22.850116,8.29196357727
2019/09/06/14:49:22.854301,8.29236316681
2019/09/06/14:49:22.858229,8.29276275635
2019/09/06/14:49:22.862102,8.29316234589
2019/09/06/14:49:22.866226,8.29356193542
2019/09/06/14:49:22.870285,8.29396152496
2019/09/06/14:49:22.874090,8.2943611145
2019/09/06/14:49:22.878113,8.29476070404
2019/09/06/14:49:22.882212,8.29516029358
2019/09/06/14:49:22.886298,8.29555988312
2019/09/06/14:49:22.890160,8.29595947266
2019/09/06/14:49:22.894312,8.29635906219
2019/09/06/14:49:22.897969,8.29675865173
2019/09/06/14:49:22.902283,8.29715824127
2019/09/06/14:49:22.906433,8.29755783081
2019/09/06/14:49:22.910011,8.29795742035
2019/09/06/14:49:22.914199,8.29835700989
2019/09/06/14:49:22.918423,8.29875659943
2019/09/06/14:49:22.922205,8.29915618896
2019/09/06/14:49:22.926341,8.2995557785
2019/09/06/14:49:22.930317,8.29995536804
2019/09/06/14:49:22.934352,8.30035495758
2019/09/06/14:49:22.938201,8.30075454712
2019/09/06/14:49:22.942331,8.30115413666
2019/09/06/14:49:22.946253,8.3015537262
2019/09/06/14:49:22.950297,8.30195331573
2019/09/06/14:49:22.954279,8.30235290527
2019/09/06/14:49:22.958490,8.30275249481
2019/09/06/14:49:22.962105,8.30315208435
2019/09/06/14:49:22.966516,8.30355167389
2019/09/06/14:49:22.970483,8.30395126343
2019/09/06/14:49:22.974255,8.30435085297
2019/09/06/14:49:22.978133,8.3047504425
2019/09/06/14:49:22.982042,8.30515003204
2019/09/06/14:49:22.986162,8.30554962158
2019/09/06/14:49:22.990287,8.30594921112
2019/09/06/14:49:22.994246,8.30634880066
2019/09/06/14:49:22.998250,8.3067483902
2019/09/06/14:49:23.002203,8.30714797974
2019/09/06/14:49:23.006398,8.30754756927
2019/09/06/14:49:23.010317,8.30794715881
2019/09/06/14:49:23.014149,8.30834674835
2019/09/06/14:49:23.018024,8.30874633789
2019/09/06/14:49:23.022321,8.30914592743
2019/09/06/14:49:23.026166,8.30954551697
2019/09/06/14:49:23.030257,8.30994510651
2019/09/06/14:49:23.034396,8.31034469604
2019/09/06/14:49:23.038414,8.31074428558
2019/09/06/14:49:23.041924,8.31114387512
2019/09/06/14:49:23.046207,8.31154346466
2019/09/06/14:49:23.050090,8.3119430542
2019/09/06/14:49:23.054377,8.31234264374
2019/09/06/14:49:23.058324,8.31274223328
2019/09/06/14:49:23.062157,8.31314182281
2019/09/06/14:49:23.066226,8.31354141235
2019/09/06/14:49:23.070266,8.31394100189
2019/09/06/14:49:23.074242,8.31434059143
2019/09/06/14:49:23.078279,8.31474018097
2019/09/06/14:49:23.082213,8.31513977051
2019/09/06/14:49:23.086125,8.31553936005
2019/09/06/14:49:23.090156,8.31593894958
2019/09/06/14:49:23.094216,8.31633853912
2019/09/06/14:49:23.098410,8.31673812866
2019/09/06/14:49:23.102447,8.3171377182
2019/09/06/14:49:23.106562,8.31753730774
2019/09/06/14:49:23.110353,8.31793689728
2019/09/06/14:49:23.114161,8.31833648682
2019/09/06/14:49:23.118232,8.31873607635
2019/09/06/14:49:23.122332,8.31913566589
2019/09/06/14:49:23.126021,8.31953525543
2019/09/06/14:49:23.130123,8.31993484497
2019/09/06/14:49:23.134184,8.32033443451
2019/09/06/14:49:23.138470,8.32073402405
2019/09/06/14:49:23.142405,8.32113361359
2019/09/06/14:49:23.146146,8.32153320312
2019/09/06/14:49:23.150228,8.32193279266
2019/09/06/14:49:23.154310,8.3223323822
2019/09/06/14:49:23.158171,8.32273197174
2019/09/06/14:49:23.162112,8.32313156128
2019/09/06/14:49:23.166076,8.32353115082
2019/09/06/14:49:23.170016,8.32393074036
2019/09/06/14:49:23.174182,8.3243303299
2019/09/06/14:49:23.178291,8.32472991943
2019/09/06/14:49:23.182345,8.32512950897
2019/09/06/14:49:23.186322,8.32552909851
2019/09/06/14:49:23.190233,8.32592868805
2019/09/06/14:49:23.194033,8.32632827759
2019/09/06/14:49:23.198234,8.32672786713
2019/09/06/14:49:23.202013,8.32712745667
2019/09/06/14:49:23.206223,8.3275270462
2019/09/06/14:49:23.209926,8.32792663574
2019/09/06/14:49:23.213918,8.32832622528
2019/09/06/14:49:23.218035,8.32872581482
2019/09/06/14:49:23.221989,8.32912540436
2019/09/06/14:49:23.226149,8.3295249939
2019/09/06/14:49:23.230193,8.32992458344
2019/09/06/14:49:23.234228,8.33032417297
2019/09/06/14:49:23.238005,8.33072376251
2019/09/06/14:49:23.241978,8.33112335205
2019/09/06/14:49:23.246216,8.33152294159
2019/09/06/14:49:23.250328,8.33192253113
2019/09/06/14:49:23.254182,8.33232212067
2019/09/06/14:49:23.258433,8.33272171021
2019/09/06/14:49:23.262306,8.33312129974
2019/09/06/14:49:23.266236,8.33352088928
2019/09/06/14:49:23.270170,8.33392047882
2019/09/06/14:49:23.274183,8.33432006836
2019/09/06/14:49:23.278275,8.3347196579
2019/09/06/14:49:23.282310,8.33511924744
2019/09/06/14:49:23.286172,8.33551883698
2019/09/06/14:49:23.290095,8.33591842651
2019/09/06/14:49:23.294167,8.33631801605
2019/09/06/14:49:23.298134,8.33671760559
2019/09/06/14:49:23.302332,8.33711719513
2019/09/06/14:49:23.306498,8.33751678467
2019/09/06/14:49:23.310306,8.33791637421
2019/09/06/14:49:23.314497,8.33831596375
2019/09/06/14:49:23.318276,8.33871555328
2019/09/06/14:49:23.322630,8.33911514282
2019/09/06/14:49:23.326117,8.33951473236
2019/09/06/14:49:23.330013,8.3399143219
2019/09/06/14:49:23.334321,8.34031391144
2019/09/06/14:49:23.338257,8.34071350098
2019/09/06/14:49:23.342139,8.34111309052
2019/09/06/14:49:23.346104,8.34151268005
2019/09/06/14:49:23.350354,8.34191226959
2019/09/06/14:49:23.354095,8.34231185913
2019/09/06/14:49:23.358089,8.34271144867
2019/09/06/14:49:23.362077,8.34311103821
2019/09/06/14:49:23.366276,8.34351062775
2019/09/06/14:49:23.370240,8.34391021729
2019/09/06/14:49:23.374139,8.34430980682
2019/09/06/14:49:23.378363,8.34470939636
2019/09/06/14:49:23.382294,8.3451089859
2019/09/06/14:49:23.386226,8.34550857544
2019/09/06/14:49:23.390131,8.34590816498
2019/09/06/14:49:23.394193,8.34630775452
2019/09/06/14:49:23.398167,8.34670734406
2019/09/06/14:49:23.402275,8.34710693359
2019/09/06/14:49:23.406096,8.34750652313
2019/09/06/14:49:23.410155,8.34790611267
2019/09/06/14:49:23.414315,8.34830570221
2019/09/06/14:49:23.418353,8.34870529175
2019/09/06/14:49:23.422066,8.34910488129
2019/09/06/14:49:23.426427,8.34950447083
2019/09/06/14:49:23.430238,8.34990406036
2019/09/06/14:49:23.434267,8.3503036499
2019/09/06/14:49:23.438218,8.35070323944
2019/09/06/14:49:23.442197,8.35110282898
2019/09/06/14:49:23.446059,8.35150241852
2019/09/06/14:49:23.450119,8.35190200806
2019/09/06/14:49:23.454093,8.3523015976
2019/09/06/14:49:23.458369,8.35270118713
2019/09/06/14:49:23.462157,8.35310077667
2019/09/06/14:49:23.466221,8.35350036621
2019/09/06/14:49:23.469864,8.35389995575
2019/09/06/14:49:23.474149,8.35429954529
2019/09/06/14:49:23.478085,8.35469913483
2019/09/06/14:49:23.482163,8.35509872437
2019/09/06/14:49:23.486296,8.3554983139
2019/09/06/14:49:23.490084,8.35589790344
2019/09/06/14:49:23.494121,8.35629749298
2019/09/06/14:49:23.498227,8.35669708252
2019/09/06/14:49:23.502323,8.35709667206
2019/09/06/14:49:23.506147,8.3574962616
2019/09/06/14:49:23.510355,8.35789585114
2019/09/06/14:49:23.514049,8.35829544067
2019/09/06/14:49:23.518143,8.35869503021
2019/09/06/14:49:23.522426,8.35909461975
2019/09/06/14:49:23.526159,8.35949420929
2019/09/06/14:49:23.530187,8.35989379883
2019/09/06/14:49:23.534223,8.36029338837
2019/09/06/14:49:23.538379,8.36069297791
2019/09/06/14:49:23.541984,8.36109256744
2019/09/06/14:49:23.546512,8.36149215698
2019/09/06/14:49:23.550441,8.36189174652
2019/09/06/14:49:23.553921,8.36229133606
2019/09/06/14:49:23.558161,8.3626909256
2019/09/06/14:49:23.562109,8.36309051514
2019/09/06/14:49:23.566292,8.36349010468
2019/09/06/14:49:23.570313,8.36388969421
2019/09/06/14:49:23.574227,8.36428928375
2019/09/06/14:49:23.578223,8.36468887329
2019/09/06/14:49:23.582144,8.36508846283
2019/09/06/14:49:23.586136,8.36548805237
2019/09/06/14:49:23.590117,8.36588764191
2019/09/06/14:49:23.594370,8.36628723145
2019/09/06/14:49:23.598448,8.36668682098
2019/09/06/14:49:23.602143,8.36708641052
2019/09/06/14:49:23.606234,8.36748600006
2019/09/06/14:49:23.610275,8.3678855896
2019/09/06/14:49:23.614221,8.36828517914
2019/09/06/14:49:23.618490,8.36868476868
2019/09/06/14:49:23.622214,8.36908435822
2019/09/06/14:49:23.626191,8.36948394775
2019/09/06/14:49:23.630212,8.36988353729
2019/09/06/14:49:23.634227,8.37028312683
2019/09/06/14:49:23.638219,8.37068271637
2019/09/06/14:49:23.642166,8.37108230591
2019/09/06/14:49:23.646230,8.37148189545
2019/09/06/14:49:23.650187,8.37188148499
2019/09/06/14:49:23.654172,8.37228107452
2019/09/06/14:49:23.658133,8.37268066406
2019/09/06/14:49:23.662109,8.3730802536
2019/09/06/14:49:23.666094,8.37347984314
2019/09/06/14:49:23.670161,8.37387943268
2019/09/06/14:49:23.674182,8.37427902222
2019/09/06/14:49:23.678258,8.37467861176
2019/09/06/14:49:23.682126,8.37507820129
2019/09/06/14:49:23.686167,8.37547779083
2019/09/06/14:49:23.690423,8.37587738037
2019/09/06/14:49:23.694489,8.37627696991
2019/09/06/14:49:23.698289,8.37667655945
2019/09/06/14:49:23.702381,8.37707614899
2019/09/06/14:49:23.706167,8.37747573853
2019/09/06/14:49:23.710240,8.37787532806
2019/09/06/14:49:23.714269,8.3782749176
2019/09/06/14:49:23.718155,8.37867450714
2019/09/06/14:49:23.722080,8.37907409668
2019/09/06/14:49:23.726221,8.37947368622
2019/09/06/14:49:23.730124,8.37987327576
2019/09/06/14:49:23.734198,8.3802728653
2019/09/06/14:49:23.738142,8.38067245483
2019/09/06/14:49:23.742157,8.38107204437
2019/09/06/14:49:23.746277,8.38147163391
2019/09/06/14:49:23.750201,8.38187122345
2019/09/06/14:49:23.754238,8.38227081299
2019/09/06/14:49:23.758293,8.38267040253
2019/09/06/14:49:23.762234,8.38306999207
2019/09/06/14:49:23.766197,8.3834695816
2019/09/06/14:49:23.770390,8.38386917114
2019/09/06/14:49:23.774269,8.38426876068
2019/09/06/14:49:23.778199,8.38466835022
2019/09/06/14:49:23.782274,8.38506793976
2019/09/06/14:49:23.786208,8.3854675293
2019/09/06/14:49:23.790204,8.38586711884
2019/09/06/14:49:23.794110,8.38626670837
2019/09/06/14:49:23.798157,8.38666629791
2019/09/06/14:49:23.802169,8.38706588745
2019/09/06/14:49:23.806083,8.38746547699
2019/09/06/14:49:23.810072,8.38786506653
2019/09/06/14:49:23.814153,8.38826465607
2019/09/06/14:49:23.818245,8.38866424561
2019/09/06/14:49:23.822518,8.38906383514
2019/09/06/14:49:23.826422,8.38946342468
2019/09/06/14:49:23.830148,8.38986301422
2019/09/06/14:49:23.834116,8.39026260376
2019/09/06/14:49:23.838084,8.3906621933
2019/09/06/14:49:23.842384,8.39106178284
2019/09/06/14:49:23.846154,8.39146137238
2019/09/06/14:49:23.850294,8.39186096191
2019/09/06/14:49:23.854194,8.39226055145
2019/09/06/14:49:23.858125,8.39266014099
2019/09/06/14:49:23.862122,8.39305973053
2019/09/06/14:49:23.866210,8.39345932007
2019/09/06/14:49:23.870337,8.39385890961
2019/09/06/14:49:23.874400,8.39425849915
2019/09/06/14:49:23.878253,8.39465808868
2019/09/06/14:49:23.882169,8.39505767822
2019/09/06/14:49:23.886187,8.39545726776
2019/09/06/14:49:23.890043,8.3958568573
2019/09/06/14:49:23.894284,8.39625644684
2019/09/06/14:49:23.898221,8.39665603638
2019/09/06/14:49:23.902193,8.39705562592
2019/09/06/14:49:23.906257,8.39745521545
2019/09/06/14:49:23.910179,8.39785480499
2019/09/06/14:49:23.914183,8.39825439453
2019/09/06/14:49:23.918287,8.39865398407
2019/09/06/14:49:23.922158,8.39905357361
2019/09/06/14:49:23.926112,8.39945316315
2019/09/06/14:49:23.929855,8.39985275269
2019/09/06/14:49:23.934191,8.40025234222
2019/09/06/14:49:23.938114,8.40065193176
2019/09/06/14:49:23.942006,8.4010515213
2019/09/06/14:49:23.946224,8.40145111084
2019/09/06/14:49:23.951666,8.40185070038
2019/09/06/14:49:23.954238,8.40225028992
2019/09/06/14:49:23.958130,8.40264987946
2019/09/06/14:49:23.962339,8.40304946899
2019/09/06/14:49:23.966187,8.40344905853
2019/09/06/14:49:23.970218,8.40384864807
2019/09/06/14:49:23.974088,8.40424823761
2019/09/06/14:49:23.978184,8.40464782715
2019/09/06/14:49:23.982282,8.40504741669
2019/09/06/14:49:23.986206,8.40544700623
2019/09/06/14:49:23.990120,8.40584659576
2019/09/06/14:49:23.994226,8.4062461853
2019/09/06/14:49:23.998120,8.40664577484
2019/09/06/14:49:24.002223,8.40704536438
2019/09/06/14:49:24.006181,8.40744495392
2019/09/06/14:49:24.010188,8.40784454346
2019/09/06/14:49:24.014362,8.408244133
2019/09/06/14:49:24.018279,8.40864372253
2019/09/06/14:49:24.022311,8.40904331207
2019/09/06/14:49:24.026155,8.40944290161
2019/09/06/14:49:24.030344,8.40984249115
2019/09/06/14:49:24.034134,8.41024208069
2019/09/06/14:49:24.038069,8.41064167023
2019/09/06/14:49:24.042184,8.41104125977
2019/09/06/14:49:24.046072,8.4114408493
2019/09/06/14:49:24.050104,8.41184043884
2019/09/06/14:49:24.054154,8.41224002838
2019/09/06/14:49:24.058171,8.41263961792
2019/09/06/14:49:24.062172,8.41303920746
2019/09/06/14:49:24.066196,8.413438797
2019/09/06/14:49:24.070205,8.41383838654
2019/09/06/14:49:24.074047,8.41423797607
2019/09/06/14:49:24.078170,8.41463756561
2019/09/06/14:49:24.082328,8.41503715515
2019/09/06/14:49:24.086175,8.41543674469
2019/09/06/14:49:24.090132,8.41583633423
2019/09/06/14:49:24.094304,8.41623592377
2019/09/06/14:49:24.098439,8.41663551331
2019/09/06/14:49:24.102161,8.41703510284
2019/09/06/14:49:24.105973,8.41743469238
2019/09/06/14:49:24.110126,8.41783428192
2019/09/06/14:49:24.114336,8.41823387146
2019/09/06/14:49:24.118369,8.418633461
2019/09/06/14:49:24.122015,8.41903305054
2019/09/06/14:49:24.126220,8.41943264008
2019/09/06/14:49:24.130371,8.41983222961
2019/09/06/14:49:24.134375,8.42023181915
2019/09/06/14:49:24.138180,8.42063140869
2019/09/06/14:49:24.142149,8.42103099823
2019/09/06/14:49:24.146082,8.42143058777
2019/09/06/14:49:24.150293,8.42183017731
2019/09/06/14:49:24.154204,8.42222976685
2019/09/06/14:49:24.158279,8.42262935638
2019/09/06/14:49:24.162183,8.42302894592
2019/09/06/14:49:24.166289,8.42342853546
2019/09/06/14:49:24.170346,8.423828125
2019/09/06/14:49:24.174101,8.42422771454
2019/09/06/14:49:24.178193,8.42462730408
2019/09/06/14:49:24.182261,8.42502689362
2019/09/06/14:49:24.186174,8.42542648315
2019/09/06/14:49:24.189963,8.42582607269
2019/09/06/14:49:24.194421,8.42622566223
2019/09/06/14:49:24.198305,8.42662525177
2019/09/06/14:49:24.202274,8.42702484131
2019/09/06/14:49:24.206242,8.42742443085
2019/09/06/14:49:24.210204,8.42782402039
2019/09/06/14:49:24.214175,8.42822360992
2019/09/06/14:49:24.218229,8.42862319946
2019/09/06/14:49:24.222173,8.429022789
2019/09/06/14:49:24.226080,8.42942237854
2019/09/06/14:49:24.230199,8.42982196808
2019/09/06/14:49:24.234025,8.43022155762
2019/09/06/14:49:24.238189,8.43062114716
2019/09/06/14:49:24.242064,8.43102073669
2019/09/06/14:49:24.246318,8.43142032623
2019/09/06/14:49:24.250011,8.43181991577
2019/09/06/14:49:24.254032,8.43221950531
2019/09/06/14:49:24.258152,8.43261909485
2019/09/06/14:49:24.262288,8.43301868439
2019/09/06/14:49:24.266251,8.43341827393
2019/09/06/14:49:24.270298,8.43381786346
2019/09/06/14:49:24.273992,8.434217453
2019/09/06/14:49:24.278191,8.43461704254
2019/09/06/14:49:24.282403,8.43501663208
2019/09/06/14:49:24.286386,8.43541622162
2019/09/06/14:49:24.290278,8.43581581116
2019/09/06/14:49:24.294221,8.4362154007
2019/09/06/14:49:24.298304,8.43661499023
2019/09/06/14:49:24.302168,8.43701457977
2019/09/06/14:49:24.306149,8.43741416931
2019/09/06/14:49:24.310481,8.43781375885
2019/09/06/14:49:24.314358,8.43821334839
2019/09/06/14:49:24.318504,8.43861293793
2019/09/06/14:49:24.322450,8.43901252747
2019/09/06/14:49:24.326157,8.439412117
2019/09/06/14:49:24.330119,8.43981170654
2019/09/06/14:49:24.334243,8.44021129608
2019/09/06/14:49:24.338282,8.44061088562
2019/09/06/14:49:24.342260,8.44101047516
2019/09/06/14:49:24.346329,8.4414100647
2019/09/06/14:49:24.350202,8.44180965424
2019/09/06/14:49:24.354192,8.44220924377
2019/09/06/14:49:24.358249,8.44260883331
2019/09/06/14:49:24.362228,8.44300842285
2019/09/06/14:49:24.366287,8.44340801239
2019/09/06/14:49:24.370454,8.44380760193
2019/09/06/14:49:24.374316,8.44420719147
2019/09/06/14:49:24.378447,8.44460678101
2019/09/06/14:49:24.382117,8.44500637054
2019/09/06/14:49:24.386230,8.44540596008
2019/09/06/14:49:24.390146,8.44580554962
2019/09/06/14:49:24.394113,8.44620513916
2019/09/06/14:49:24.398156,8.4466047287
2019/09/06/14:49:24.402162,8.44700431824
2019/09/06/14:49:24.406173,8.44740390778
2019/09/06/14:49:24.410368,8.44780349731
2019/09/06/14:49:24.414253,8.44820308685
2019/09/06/14:49:24.418316,8.44860267639
2019/09/06/14:49:24.422133,8.44900226593
2019/09/06/14:49:24.426374,8.44940185547
2019/09/06/14:49:24.430250,8.44980144501
2019/09/06/14:49:24.434111,8.45020103455
2019/09/06/14:49:24.438109,8.45060062408
2019/09/06/14:49:24.442161,8.45100021362
2019/09/06/14:49:24.446117,8.45139980316
2019/09/06/14:49:24.450214,8.4517993927
2019/09/06/14:49:24.454275,8.45219898224
2019/09/06/14:49:24.458299,8.45259857178
2019/09/06/14:49:24.462326,8.45299816132
2019/09/06/14:49:24.466326,8.45339775085
2019/09/06/14:49:24.470309,8.45379734039
2019/09/06/14:49:24.474050,8.45419692993
2019/09/06/14:49:24.478134,8.45459651947
2019/09/06/14:49:24.482317,8.45499610901
2019/09/06/14:49:24.486335,8.45539569855
2019/09/06/14:49:24.490160,8.45579528809
2019/09/06/14:49:24.494199,8.45619487762
2019/09/06/14:49:24.498054,8.45659446716
2019/09/06/14:49:24.502401,8.4569940567
2019/09/06/14:49:24.506171,8.45739364624
2019/09/06/14:49:24.510301,8.45779323578
2019/09/06/14:49:24.514209,8.45819282532
2019/09/06/14:49:24.518296,8.45859241486
2019/09/06/14:49:24.522188,8.45899200439
2019/09/06/14:49:24.526123,8.45939159393
2019/09/06/14:49:24.530230,8.45979118347
2019/09/06/14:49:24.534348,8.46019077301
2019/09/06/14:49:24.537921,8.46059036255
2019/09/06/14:49:24.541851,8.46098995209
2019/09/06/14:49:24.546225,8.46138954163
2019/09/06/14:49:24.550075,8.46178913116
2019/09/06/14:49:24.554358,8.4621887207
2019/09/06/14:49:24.558153,8.46258831024
2019/09/06/14:49:24.562384,8.46298789978
2019/09/06/14:49:24.566066,8.46338748932
2019/09/06/14:49:24.570147,8.46378707886
2019/09/06/14:49:24.574172,8.4641866684
2019/09/06/14:49:24.578203,8.46458625793
2019/09/06/14:49:24.582305,8.46498584747
2019/09/06/14:49:24.586312,8.46538543701
2019/09/06/14:49:24.590448,8.46578502655
2019/09/06/14:49:24.594229,8.46618461609
2019/09/06/14:49:24.598267,8.46658420563
2019/09/06/14:49:24.602122,8.46698379517
2019/09/06/14:49:24.606406,8.4673833847
2019/09/06/14:49:24.610320,8.46778297424
2019/09/06/14:49:24.614235,8.46818256378
2019/09/06/14:49:24.618151,8.46858215332
2019/09/06/14:49:24.622152,8.46898174286
2019/09/06/14:49:24.626247,8.4693813324
2019/09/06/14:49:24.630314,8.46978092194
2019/09/06/14:49:24.634156,8.47018051147
2019/09/06/14:49:24.638191,8.47058010101
2019/09/06/14:49:24.641948,8.47097969055
2019/09/06/14:49:24.646032,8.47137928009
2019/09/06/14:49:24.650323,8.47177886963
2019/09/06/14:49:24.654036,8.47217845917
2019/09/06/14:49:24.658227,8.47257804871
2019/09/06/14:49:24.662226,8.47297763824
2019/09/06/14:49:24.666253,8.47337722778
2019/09/06/14:49:24.670254,8.47377681732
2019/09/06/14:49:24.674041,8.47417640686
2019/09/06/14:49:24.678208,8.4745759964
2019/09/06/14:49:24.682084,8.47497558594
2019/09/06/14:49:24.686329,8.47537517548
2019/09/06/14:49:24.690022,8.47577476501
2019/09/06/14:49:24.694092,8.47617435455
2019/09/06/14:49:24.698081,8.47657394409
2019/09/06/14:49:24.702076,8.47697353363
2019/09/06/14:49:24.706358,8.47737312317
2019/09/06/14:49:24.710346,8.47777271271
2019/09/06/14:49:24.714085,8.47817230225
2019/09/06/14:49:24.718018,8.47857189178
2019/09/06/14:49:24.722208,8.47897148132
2019/09/06/14:49:24.726264,8.47937107086
2019/09/06/14:49:24.730241,8.4797706604
2019/09/06/14:49:24.734073,8.48017024994
2019/09/06/14:49:24.738184,8.48056983948
2019/09/06/14:49:24.742210,8.48096942902
2019/09/06/14:49:24.746137,8.48136901855
2019/09/06/14:49:24.750163,8.48176860809
2019/09/06/14:49:24.754123,8.48216819763
2019/09/06/14:49:24.758360,8.48256778717
2019/09/06/14:49:24.762155,8.48296737671
2019/09/06/14:49:24.766362,8.48336696625
2019/09/06/14:49:24.769974,8.48376655579
2019/09/06/14:49:24.774144,8.48416614532
2019/09/06/14:49:24.778078,8.48456573486
2019/09/06/14:49:24.782123,8.4849653244
2019/09/06/14:49:24.786255,8.48536491394
2019/09/06/14:49:24.790231,8.48576450348
2019/09/06/14:49:24.794201,8.48616409302
2019/09/06/14:49:24.798360,8.48656368256
2019/09/06/14:49:24.802169,8.48696327209
2019/09/06/14:49:24.806158,8.48736286163
2019/09/06/14:49:24.810229,8.48776245117
2019/09/06/14:49:24.814238,8.48816204071
2019/09/06/14:49:24.818044,8.48856163025
2019/09/06/14:49:24.822044,8.48896121979
2019/09/06/14:49:24.826193,8.48936080933
2019/09/06/14:49:24.830141,8.48976039886
2019/09/06/14:49:24.834200,8.4901599884
2019/09/06/14:49:24.838083,8.49055957794
2019/09/06/14:49:24.842116,8.49095916748
2019/09/06/14:49:24.846108,8.49135875702
2019/09/06/14:49:24.850088,8.49175834656
2019/09/06/14:49:24.854321,8.4921579361
2019/09/06/14:49:24.858236,8.49255752563
2019/09/06/14:49:24.862285,8.49295711517
2019/09/06/14:49:24.866360,8.49335670471
2019/09/06/14:49:24.870263,8.49375629425
2019/09/06/14:49:24.874584,8.49415588379
2019/09/06/14:49:24.878403,8.49455547333
2019/09/06/14:49:24.882163,8.49495506287
2019/09/06/14:49:24.886181,8.4953546524
2019/09/06/14:49:24.891402,8.49575424194
2019/09/06/14:49:24.894207,8.49615383148
2019/09/06/14:49:24.898268,8.49655342102
2019/09/06/14:49:24.902197,8.49695301056
2019/09/06/14:49:24.906286,8.4973526001
2019/09/06/14:49:24.910253,8.49775218964
2019/09/06/14:49:24.914283,8.49815177917
2019/09/06/14:49:24.918304,8.49855136871
2019/09/06/14:49:24.922284,8.49895095825
2019/09/06/14:49:24.926648,8.49935054779
2019/09/06/14:49:24.930192,8.49975013733
2019/09/06/14:49:24.934094,8.50014972687
2019/09/06/14:49:24.938300,8.50054931641
2019/09/06/14:49:24.942175,8.50094890594
2019/09/06/14:49:24.945965,8.50134849548
2019/09/06/14:49:24.950182,8.50174808502
2019/09/06/14:49:24.954343,8.50214767456
2019/09/06/14:49:24.958207,8.5025472641
2019/09/06/14:49:24.962360,8.50294685364
2019/09/06/14:49:24.966121,8.50334644318
2019/09/06/14:49:24.970194,8.50374603271
2019/09/06/14:49:24.973996,8.50414562225
2019/09/06/14:49:24.978193,8.50454521179
2019/09/06/14:49:24.982058,8.50494480133
2019/09/06/14:49:24.986127,8.50534439087
2019/09/06/14:49:24.990086,8.50574398041
2019/09/06/14:49:24.994289,8.50614356995
2019/09/06/14:49:24.998163,8.50654315948
2019/09/06/14:49:25.001966,8.50694274902
2019/09/06/14:49:25.006138,8.50734233856
2019/09/06/14:49:25.010259,8.5077419281
2019/09/06/14:49:25.014177,8.50814151764
2019/09/06/14:49:25.018203,8.50854110718
2019/09/06/14:49:25.022229,8.50894069672
2019/09/06/14:49:25.026232,8.50934028625
2019/09/06/14:49:25.030168,8.50973987579
2019/09/06/14:49:25.034186,8.51013946533
2019/09/06/14:49:25.038254,8.51053905487
2019/09/06/14:49:25.042044,8.51093864441
2019/09/06/14:49:25.046275,8.51133823395
2019/09/06/14:49:25.050023,8.51173782349
2019/09/06/14:49:25.053972,8.51213741302
2019/09/06/14:49:25.058053,8.51253700256
2019/09/06/14:49:25.061996,8.5129365921
2019/09/06/14:49:25.066071,8.51333618164
2019/09/06/14:49:25.070076,8.51373577118
2019/09/06/14:49:25.073939,8.51413536072
2019/09/06/14:49:25.078212,8.51453495026
2019/09/06/14:49:25.081939,8.51493453979
2019/09/06/14:49:25.085963,8.51533412933
2019/09/06/14:49:25.090111,8.51573371887
2019/09/06/14:49:25.094102,8.51613330841
2019/09/06/14:49:25.097971,8.51653289795
2019/09/06/14:49:25.102090,8.51693248749
2019/09/06/14:49:25.106184,8.51733207703
2019/09/06/14:49:25.110098,8.51773166656
2019/09/06/14:49:25.114142,8.5181312561
2019/09/06/14:49:25.118037,8.51853084564
2019/09/06/14:49:25.121940,8.51893043518
2019/09/06/14:49:25.125936,8.51933002472
2019/09/06/14:49:25.130205,8.51972961426
2019/09/06/14:49:25.133956,8.5201292038
2019/09/06/14:49:25.138182,8.52052879333
2019/09/06/14:49:25.142201,8.52092838287
2019/09/06/14:49:25.146178,8.52132797241
2019/09/06/14:49:25.150182,8.52172756195
2019/09/06/14:49:25.154164,8.52212715149
2019/09/06/14:49:25.158160,8.52252674103
2019/09/06/14:49:25.162330,8.52292633057
2019/09/06/14:49:25.165974,8.5233259201
2019/09/06/14:49:25.170246,8.52372550964
2019/09/06/14:49:25.174180,8.52412509918
2019/09/06/14:49:25.178125,8.52452468872
2019/09/06/14:49:25.182192,8.52492427826
2019/09/06/14:49:25.186135,8.5253238678
2019/09/06/14:49:25.190126,8.52572345734
2019/09/06/14:49:25.194134,8.52612304688
2019/09/06/14:49:25.198149,8.52652263641
2019/09/06/14:49:25.202151,8.52692222595
2019/09/06/14:49:25.206232,8.52732181549
2019/09/06/14:49:25.210144,8.52772140503
2019/09/06/14:49:25.214041,8.52812099457
2019/09/06/14:49:25.218311,8.52852058411
2019/09/06/14:49:25.222202,8.52892017365
2019/09/06/14:49:25.226303,8.52931976318
2019/09/06/14:49:25.230176,8.52971935272
2019/09/06/14:49:25.234126,8.53011894226
2019/09/06/14:49:25.238340,8.5305185318
2019/09/06/14:49:25.242005,8.53091812134
2019/09/06/14:49:25.246179,8.53131771088
2019/09/06/14:49:25.250134,8.53171730042
2019/09/06/14:49:25.254237,8.53211688995
2019/09/06/14:49:25.258132,8.53251647949
2019/09/06/14:49:25.262183,8.53291606903
2019/09/06/14:49:25.266134,8.53331565857
2019/09/06/14:49:25.270214,8.53371524811
2019/09/06/14:49:25.274155,8.53411483765
2019/09/06/14:49:25.278109,8.53451442719
2019/09/06/14:49:25.282201,8.53491401672
2019/09/06/14:49:25.286150,8.53531360626
2019/09/06/14:49:25.290299,8.5357131958
2019/09/06/14:49:25.294228,8.53611278534
2019/09/06/14:49:25.298152,8.53651237488
2019/09/06/14:49:25.302453,8.53691196442
2019/09/06/14:49:25.306260,8.53731155396
2019/09/06/14:49:25.310440,8.53771114349
2019/09/06/14:49:25.314313,8.53811073303
2019/09/06/14:49:25.318214,8.53851032257
2019/09/06/14:49:25.322351,8.53890991211
2019/09/06/14:49:25.326438,8.53930950165
2019/09/06/14:49:25.330150,8.53970909119
2019/09/06/14:49:25.334229,8.54010868073
2019/09/06/14:49:25.338156,8.54050827026
2019/09/06/14:49:25.342177,8.5409078598
2019/09/06/14:49:25.346332,8.54130744934
2019/09/06/14:49:25.350119,8.54170703888
2019/09/06/14:49:25.354288,8.54210662842
2019/09/06/14:49:25.358160,8.54250621796
2019/09/06/14:49:25.362122,8.5429058075
2019/09/06/14:49:25.366054,8.54330539703
2019/09/06/14:49:25.370189,8.54370498657
2019/09/06/14:49:25.374238,8.54410457611
2019/09/06/14:49:25.378269,8.54450416565
2019/09/06/14:49:25.382065,8.54490375519
2019/09/06/14:49:25.386144,8.54530334473
2019/09/06/14:49:25.390153,8.54570293427
2019/09/06/14:49:25.394221,8.5461025238
2019/09/06/14:49:25.398032,8.54650211334
2019/09/06/14:49:25.402066,8.54690170288
2019/09/06/14:49:25.406449,8.54730129242
2019/09/06/14:49:25.410092,8.54770088196
2019/09/06/14:49:25.414248,8.5481004715
2019/09/06/14:49:25.418240,8.54850006104
2019/09/06/14:49:25.422454,8.54889965057
2019/09/06/14:49:25.426227,8.54929924011
2019/09/06/14:49:25.430275,8.54969882965
2019/09/06/14:49:25.434482,8.55009841919
2019/09/06/14:49:25.438377,8.55049800873
2019/09/06/14:49:25.442316,8.55089759827
2019/09/06/14:49:25.446276,8.55129718781
2019/09/06/14:49:25.450216,8.55169677734
2019/09/06/14:49:25.454222,8.55209636688
2019/09/06/14:49:25.458360,8.55249595642
2019/09/06/14:49:25.462469,8.55289554596
2019/09/06/14:49:25.466236,8.5532951355
2019/09/06/14:49:25.470181,8.55369472504
2019/09/06/14:49:25.474109,8.55409431458
2019/09/06/14:49:25.478171,8.55449390411
2019/09/06/14:49:25.482379,8.55489349365
2019/09/06/14:49:25.486150,8.55529308319
2019/09/06/14:49:25.490391,8.55569267273
2019/09/06/14:49:25.494430,8.55609226227
2019/09/06/14:49:25.498369,8.55649185181
2019/09/06/14:49:25.502170,8.55689144135
2019/09/06/14:49:25.506198,8.55729103088
2019/09/06/14:49:25.510193,8.55769062042
2019/09/06/14:49:25.514193,8.55809020996
2019/09/06/14:49:25.518142,8.5584897995
2019/09/06/14:49:25.522246,8.55888938904
2019/09/06/14:49:25.526222,8.55928897858
2019/09/06/14:49:25.530136,8.55968856812
2019/09/06/14:49:25.534180,8.56008815765
2019/09/06/14:49:25.538230,8.56048774719
2019/09/06/14:49:25.542185,8.56088733673
2019/09/06/14:49:25.546134,8.56128692627
2019/09/06/14:49:25.550067,8.56168651581
2019/09/06/14:49:25.554428,8.56208610535
2019/09/06/14:49:25.558145,8.56248569489
2019/09/06/14:49:25.562135,8.56288528442
2019/09/06/14:49:25.566146,8.56328487396
2019/09/06/14:49:25.570070,8.5636844635
2019/09/06/14:49:25.574107,8.56408405304
2019/09/06/14:49:25.577940,8.56448364258
2019/09/06/14:49:25.582194,8.56488323212
2019/09/06/14:49:25.586231,8.56528282166
2019/09/06/14:49:25.590164,8.56568241119
2019/09/06/14:49:25.594303,8.56608200073
2019/09/06/14:49:25.598317,8.56648159027
2019/09/06/14:49:25.602224,8.56688117981
2019/09/06/14:49:25.606237,8.56728076935
2019/09/06/14:49:25.610198,8.56768035889
2019/09/06/14:49:25.614206,8.56807994843
2019/09/06/14:49:25.618191,8.56847953796
2019/09/06/14:49:25.622187,8.5688791275
2019/09/06/14:49:25.626207,8.56927871704
2019/09/06/14:49:25.630289,8.56967830658
2019/09/06/14:49:25.634506,8.57007789612
2019/09/06/14:49:25.638237,8.57047748566
2019/09/06/14:49:25.642218,8.5708770752
2019/09/06/14:49:25.646012,8.57127666473
2019/09/06/14:49:25.650089,8.57167625427
2019/09/06/14:49:25.654100,8.57207584381
2019/09/06/14:49:25.658132,8.57247543335
2019/09/06/14:49:25.662313,8.57287502289
2019/09/06/14:49:25.666354,8.57327461243
2019/09/06/14:49:25.670022,8.57367420197
2019/09/06/14:49:25.674216,8.5740737915
2019/09/06/14:49:25.678024,8.57447338104
2019/09/06/14:49:25.682081,8.57487297058
2019/09/06/14:49:25.686222,8.57527256012
2019/09/06/14:49:25.690058,8.57567214966
2019/09/06/14:49:25.694175,8.5760717392
2019/09/06/14:49:25.698393,8.57647132874
2019/09/06/14:49:25.702261,8.57687091827
2019/09/06/14:49:25.706173,8.57727050781
2019/09/06/14:49:25.710212,8.57767009735
2019/09/06/14:49:25.714434,8.57806968689
2019/09/06/14:49:25.718282,8.57846927643
2019/09/06/14:49:25.722285,8.57886886597
2019/09/06/14:49:25.726222,8.57926845551
2019/09/06/14:49:25.730203,8.57966804504
2019/09/06/14:49:25.734320,8.58006763458
2019/09/06/14:49:25.738274,8.58046722412
2019/09/06/14:49:25.742063,8.58086681366
2019/09/06/14:49:25.746105,8.5812664032
2019/09/06/14:49:25.750175,8.58166599274
2019/09/06/14:49:25.754177,8.58206558228
2019/09/06/14:49:25.758094,8.58246517181
2019/09/06/14:49:25.762192,8.58286476135
2019/09/06/14:49:25.766155,8.58326435089
2019/09/06/14:49:25.770403,8.58366394043
2019/09/06/14:49:25.774043,8.58406352997
2019/09/06/14:49:25.778155,8.58446311951
2019/09/06/14:49:25.782221,8.58486270905
2019/09/06/14:49:25.786151,8.58526229858
2019/09/06/14:49:25.790277,8.58566188812
2019/09/06/14:49:25.794221,8.58606147766
2019/09/06/14:49:25.798337,8.5864610672
2019/09/06/14:49:25.802034,8.58686065674
2019/09/06/14:49:25.806195,8.58726024628
2019/09/06/14:49:25.810080,8.58765983582
2019/09/06/14:49:25.814069,8.58805942535
2019/09/06/14:49:25.818210,8.58845901489
2019/09/06/14:49:25.822214,8.58885860443
2019/09/06/14:49:25.826267,8.58925819397
2019/09/06/14:49:25.830375,8.58965778351
2019/09/06/14:49:25.834296,8.59005737305
2019/09/06/14:49:25.838174,8.59045696259
2019/09/06/14:49:25.842137,8.59085655212
2019/09/06/14:49:25.846170,8.59125614166
2019/09/06/14:49:25.850155,8.5916557312
2019/09/06/14:49:25.854133,8.59205532074
2019/09/06/14:49:25.858165,8.59245491028
2019/09/06/14:49:25.862210,8.59285449982
2019/09/06/14:49:25.866452,8.59325408936
2019/09/06/14:49:25.870289,8.59365367889
2019/09/06/14:49:25.874480,8.59405326843
2019/09/06/14:49:25.878135,8.59445285797
2019/09/06/14:49:25.882099,8.59485244751
2019/09/06/14:49:25.886463,8.59525203705
2019/09/06/14:49:25.890544,8.59565162659
2019/09/06/14:49:25.894134,8.59605121613
2019/09/06/14:49:25.898177,8.59645080566
2019/09/06/14:49:25.902252,8.5968503952
2019/09/06/14:49:25.906091,8.59724998474
2019/09/06/14:49:25.910260,8.59764957428
2019/09/06/14:49:25.914148,8.59804916382
2019/09/06/14:49:25.918213,8.59844875336
2019/09/06/14:49:25.922323,8.5988483429
2019/09/06/14:49:25.926101,8.59924793243
2019/09/06/14:49:25.930099,8.59964752197
2019/09/06/14:49:25.934381,8.60004711151
2019/09/06/14:49:25.938228,8.60044670105
2019/09/06/14:49:25.942138,8.60084629059
2019/09/06/14:49:25.945862,8.60124588013
2019/09/06/14:49:25.950246,8.60164546967
2019/09/06/14:49:25.954162,8.6020450592
2019/09/06/14:49:25.958155,8.60244464874
2019/09/06/14:49:25.962093,8.60284423828
2019/09/06/14:49:25.966492,8.60324382782
2019/09/06/14:49:25.970442,8.60364341736
2019/09/06/14:49:25.974216,8.6040430069
2019/09/06/14:49:25.978202,8.60444259644
2019/09/06/14:49:25.982083,8.60484218597
2019/09/06/14:49:25.986175,8.60524177551
2019/09/06/14:49:25.990145,8.60564136505
2019/09/06/14:49:25.994200,8.60604095459
2019/09/06/14:49:25.998244,8.60644054413
2019/09/06/14:49:26.002104,8.60684013367
2019/09/06/14:49:26.006263,8.60723972321
2019/09/06/14:49:26.010052,8.60763931274
2019/09/06/14:49:26.014443,8.60803890228
2019/09/06/14:49:26.018325,8.60843849182
2019/09/06/14:49:26.022232,8.60883808136
2019/09/06/14:49:26.026112,8.6092376709
2019/09/06/14:49:26.030176,8.60963726044
2019/09/06/14:49:26.034165,8.61003684998
2019/09/06/14:49:26.038156,8.61043643951
2019/09/06/14:49:26.042076,8.61083602905
2019/09/06/14:49:26.046131,8.61123561859
2019/09/06/14:49:26.050215,8.61163520813
2019/09/06/14:49:26.053952,8.61203479767
2019/09/06/14:49:26.058222,8.61243438721
2019/09/06/14:49:26.062109,8.61283397675
2019/09/06/14:49:26.066268,8.61323356628
2019/09/06/14:49:26.070298,8.61363315582
2019/09/06/14:49:26.074207,8.61403274536
2019/09/06/14:49:26.078480,8.6144323349
2019/09/06/14:49:26.082061,8.61483192444
2019/09/06/14:49:26.086159,8.61523151398
2019/09/06/14:49:26.090132,8.61563110352
2019/09/06/14:49:26.094131,8.61603069305
2019/09/06/14:49:26.098256,8.61643028259
2019/09/06/14:49:26.102170,8.61682987213
2019/09/06/14:49:26.106164,8.61722946167
2019/09/06/14:49:26.110069,8.61762905121
2019/09/06/14:49:26.114119,8.61802864075
2019/09/06/14:49:26.118161,8.61842823029
2019/09/06/14:49:26.122301,8.61882781982
2019/09/06/14:49:26.126250,8.61922740936
2019/09/06/14:49:26.130210,8.6196269989
2019/09/06/14:49:26.134234,8.62002658844
2019/09/06/14:49:26.138303,8.62042617798
2019/09/06/14:49:26.142336,8.62082576752
2019/09/06/14:49:26.146169,8.62122535706
2019/09/06/14:49:26.150210,8.62162494659
2019/09/06/14:49:26.154051,8.62202453613
2019/09/06/14:49:26.158035,8.62242412567
2019/09/06/14:49:26.161939,8.62282371521
2019/09/06/14:49:26.166131,8.62322330475
2019/09/06/14:49:26.170040,8.62362289429
2019/09/06/14:49:26.174408,8.62402248383
2019/09/06/14:49:26.178252,8.62442207336
2019/09/06/14:49:26.181970,8.6248216629
2019/09/06/14:49:26.186019,8.62522125244
2019/09/06/14:49:26.190092,8.62562084198
2019/09/06/14:49:26.194289,8.62602043152
2019/09/06/14:49:26.198272,8.62642002106
2019/09/06/14:49:26.202306,8.6268196106
2019/09/06/14:49:26.206547,8.62721920013
2019/09/06/14:49:26.210238,8.62761878967
2019/09/06/14:49:26.214225,8.62801837921
2019/09/06/14:49:26.218198,8.62841796875
2019/09/06/14:49:26.222229,8.62881755829
2019/09/06/14:49:26.226178,8.62921714783
2019/09/06/14:49:26.230249,8.62961673737
2019/09/06/14:49:26.234329,8.6300163269
2019/09/06/14:49:26.238133,8.63041591644
2019/09/06/14:49:26.242219,8.63081550598
2019/09/06/14:49:26.245986,8.63121509552
2019/09/06/14:49:26.250070,8.63161468506
2019/09/06/14:49:26.254027,8.6320142746
2019/09/06/14:49:26.258144,8.63241386414
2019/09/06/14:49:26.262092,8.63281345367
2019/09/06/14:49:26.266081,8.63321304321
2019/09/06/14:49:26.270108,8.63361263275
2019/09/06/14:49:26.274126,8.63401222229
2019/09/06/14:49:26.277998,8.63441181183
2019/09/06/14:49:26.282020,8.63481140137
2019/09/06/14:49:26.286169,8.63521099091
2019/09/06/14:49:26.290032,8.63561058044
2019/09/06/14:49:26.294071,8.63601016998
2019/09/06/14:49:26.298131,8.63640975952
2019/09/06/14:49:26.302022,8.63680934906
2019/09/06/14:49:26.306136,8.6372089386
2019/09/06/14:49:26.310239,8.63760852814
2019/09/06/14:49:26.314419,8.63800811768
2019/09/06/14:49:26.318217,8.63840770721
2019/09/06/14:49:26.322137,8.63880729675
2019/09/06/14:49:26.326188,8.63920688629
2019/09/06/14:49:26.329926,8.63960647583
2019/09/06/14:49:26.334033,8.64000606537
2019/09/06/14:49:26.338053,8.64040565491
2019/09/06/14:49:26.342282,8.64080524445
2019/09/06/14:49:26.346099,8.64120483398
2019/09/06/14:49:26.350118,8.64160442352
2019/09/06/14:49:26.354149,8.64200401306
2019/09/06/14:49:26.358340,8.6424036026
2019/09/06/14:49:26.362316,8.64280319214
2019/09/06/14:49:26.366313,8.64320278168
2019/09/06/14:49:26.370343,8.64360237122
2019/09/06/14:49:26.374013,8.64400196075
2019/09/06/14:49:26.378098,8.64440155029
2019/09/06/14:49:26.382163,8.64480113983
2019/09/06/14:49:26.386409,8.64520072937
2019/09/06/14:49:26.389985,8.64560031891
2019/09/06/14:49:26.394080,8.64599990845
2019/09/06/14:49:26.398244,8.64639949799
2019/09/06/14:49:26.402124,8.64679908752
2019/09/06/14:49:26.406581,8.64719867706
2019/09/06/14:49:26.410142,8.6475982666
2019/09/06/14:49:26.414448,8.64799785614
2019/09/06/14:49:26.418400,8.64839744568
2019/09/06/14:49:26.422147,8.64879703522
2019/09/06/14:49:26.426178,8.64919662476
2019/09/06/14:49:26.430212,8.64959621429
2019/09/06/14:49:26.434391,8.64999580383
2019/09/06/14:49:26.438077,8.65039539337
2019/09/06/14:49:26.442183,8.65079498291
2019/09/06/14:49:26.445947,8.65119457245
2019/09/06/14:49:26.450205,8.65159416199
2019/09/06/14:49:26.454225,8.65199375153
2019/09/06/14:49:26.458155,8.65239334106
2019/09/06/14:49:26.462270,8.6527929306
2019/09/06/14:49:26.466304,8.65319252014
2019/09/06/14:49:26.470070,8.65359210968
2019/09/06/14:49:26.474284,8.65399169922
2019/09/06/14:49:26.478017,8.65439128876
2019/09/06/14:49:26.482339,8.6547908783
2019/09/06/14:49:26.486176,8.65519046783
2019/09/06/14:49:26.490172,8.65559005737
2019/09/06/14:49:26.494105,8.65598964691
2019/09/06/14:49:26.498185,8.65638923645
2019/09/06/14:49:26.502097,8.65678882599
2019/09/06/14:49:26.506134,8.65718841553
2019/09/06/14:49:26.510087,8.65758800507
2019/09/06/14:49:26.514208,8.6579875946
2019/09/06/14:49:26.518241,8.65838718414
2019/09/06/14:49:26.522201,8.65878677368
2019/09/06/14:49:26.526047,8.65918636322
2019/09/06/14:49:26.530441,8.65958595276
2019/09/06/14:49:26.534192,8.6599855423
2019/09/06/14:49:26.538326,8.66038513184
2019/09/06/14:49:26.542100,8.66078472137
2019/09/06/14:49:26.546243,8.66118431091
2019/09/06/14:49:26.550086,8.66158390045
2019/09/06/14:49:26.554222,8.66198348999
2019/09/06/14:49:26.558192,8.66238307953
2019/09/06/14:49:26.562229,8.66278266907
2019/09/06/14:49:26.566179,8.66318225861
2019/09/06/14:49:26.570185,8.66358184814
2019/09/06/14:49:26.574273,8.66398143768
2019/09/06/14:49:26.578400,8.66438102722
2019/09/06/14:49:26.582260,8.66478061676
2019/09/06/14:49:26.586045,8.6651802063
2019/09/06/14:49:26.590151,8.66557979584
2019/09/06/14:49:26.594204,8.66597938538
2019/09/06/14:49:26.598265,8.66637897491
2019/09/06/14:49:26.602428,8.66677856445
2019/09/06/14:49:26.606047,8.66717815399
2019/09/06/14:49:26.610173,8.66757774353
2019/09/06/14:49:26.614175,8.66797733307
2019/09/06/14:49:26.618255,8.66837692261
2019/09/06/14:49:26.622246,8.66877651215
2019/09/06/14:49:26.626185,8.66917610168
2019/09/06/14:49:26.630205,8.66957569122
2019/09/06/14:49:26.634284,8.66997528076
2019/09/06/14:49:26.638198,8.6703748703
2019/09/06/14:49:26.641776,8.67077445984
2019/09/06/14:49:26.646144,8.67117404938
2019/09/06/14:49:26.650064,8.67157363892
2019/09/06/14:49:26.654061,8.67197322845
2019/09/06/14:49:26.658256,8.67237281799
2019/09/06/14:49:26.662049,8.67277240753
2019/09/06/14:49:26.666117,8.67317199707
2019/09/06/14:49:26.670133,8.67357158661
2019/09/06/14:49:26.674150,8.67397117615
2019/09/06/14:49:26.678093,8.67437076569
2019/09/06/14:49:26.682110,8.67477035522
2019/09/06/14:49:26.686285,8.67516994476
2019/09/06/14:49:26.690121,8.6755695343
2019/09/06/14:49:26.694161,8.67596912384
2019/09/06/14:49:26.698081,8.67636871338
2019/09/06/14:49:26.702191,8.67676830292
2019/09/06/14:49:26.706140,8.67716789246
2019/09/06/14:49:26.710143,8.67756748199
2019/09/06/14:49:26.714136,8.67796707153
2019/09/06/14:49:26.718195,8.67836666107
2019/09/06/14:49:26.722317,8.67876625061
2019/09/06/14:49:26.726332,8.67916584015
2019/09/06/14:49:26.730155,8.67956542969
2019/09/06/14:49:26.734008,8.67996501923
2019/09/06/14:49:26.738059,8.68036460876
2019/09/06/14:49:26.742766,8.6807641983
2019/09/06/14:49:26.746183,8.68116378784
2019/09/06/14:49:26.750265,8.68156337738
2019/09/06/14:49:26.754245,8.68196296692
2019/09/06/14:49:26.758207,8.68236255646
2019/09/06/14:49:26.762270,8.682762146
2019/09/06/14:49:26.766314,8.68316173553
2019/09/06/14:49:26.770257,8.68356132507
2019/09/06/14:49:26.774248,8.68396091461
2019/09/06/14:49:26.778160,8.68436050415
2019/09/06/14:49:26.782267,8.68476009369
2019/09/06/14:49:26.786268,8.68515968323
2019/09/06/14:49:26.790233,8.68555927277
2019/09/06/14:49:26.794157,8.6859588623
2019/09/06/14:49:26.798220,8.68635845184
2019/09/06/14:49:26.802186,8.68675804138
2019/09/06/14:49:26.806182,8.68715763092
2019/09/06/14:49:26.810160,8.68755722046
2019/09/06/14:49:26.814188,8.68795681
2019/09/06/14:49:26.818139,8.68835639954
2019/09/06/14:49:26.822336,8.68875598907
2019/09/06/14:49:26.826198,8.68915557861
2019/09/06/14:49:26.830448,8.68955516815
2019/09/06/14:49:26.834292,8.68995475769
2019/09/06/14:49:26.838009,8.69035434723
2019/09/06/14:49:26.841964,8.69075393677
2019/09/06/14:49:26.846175,8.69115352631
2019/09/06/14:49:26.850202,8.69155311584
2019/09/06/14:49:26.854182,8.69195270538
2019/09/06/14:49:26.858167,8.69235229492
2019/09/06/14:49:26.862129,8.69275188446
2019/09/06/14:49:26.866260,8.693151474
2019/09/06/14:49:26.870257,8.69355106354
2019/09/06/14:49:26.874393,8.69395065308
2019/09/06/14:49:26.878350,8.69435024261
2019/09/06/14:49:26.881994,8.69474983215
2019/09/06/14:49:26.886360,8.69514942169
2019/09/06/14:49:26.890258,8.69554901123
2019/09/06/14:49:26.894071,8.69594860077
2019/09/06/14:49:26.898378,8.69634819031
2019/09/06/14:49:26.902300,8.69674777985
2019/09/06/14:49:26.906273,8.69714736938
2019/09/06/14:49:26.910144,8.69754695892
2019/09/06/14:49:26.914124,8.69794654846
2019/09/06/14:49:26.918113,8.698346138
2019/09/06/14:49:26.922182,8.69874572754
2019/09/06/14:49:26.926315,8.69914531708
2019/09/06/14:49:26.930177,8.69954490662
2019/09/06/14:49:26.934255,8.69994449615
2019/09/06/14:49:26.937980,8.70034408569
2019/09/06/14:49:26.942117,8.70074367523
2019/09/06/14:49:26.946248,8.70114326477
2019/09/06/14:49:26.950190,8.70154285431
2019/09/06/14:49:26.954039,8.70194244385
2019/09/06/14:49:26.958100,8.70234203339
2019/09/06/14:49:26.962129,8.70274162292
2019/09/06/14:49:26.966282,8.70314121246
2019/09/06/14:49:26.970021,8.703540802
2019/09/06/14:49:26.974059,8.70394039154
2019/09/06/14:49:26.978470,8.70433998108
2019/09/06/14:49:26.982280,8.70473957062
2019/09/06/14:49:26.986210,8.70513916016
2019/09/06/14:49:26.990558,8.70553874969
2019/09/06/14:49:26.994270,8.70593833923
2019/09/06/14:49:26.998111,8.70633792877
2019/09/06/14:49:27.002248,8.70673751831
2019/09/06/14:49:27.006538,8.70713710785
2019/09/06/14:49:27.010255,8.70753669739
2019/09/06/14:49:27.014266,8.70793628693
2019/09/06/14:49:27.018146,8.70833587646
2019/09/06/14:49:27.022172,8.708735466
2019/09/06/14:49:27.026227,8.70913505554
2019/09/06/14:49:27.030351,8.70953464508
2019/09/06/14:49:27.036077,8.70993423462
2019/09/06/14:49:27.038119,8.71033382416
2019/09/06/14:49:27.042191,8.7107334137
2019/09/06/14:49:27.045898,8.71113300323
2019/09/06/14:49:27.050241,8.71153259277
2019/09/06/14:49:27.054046,8.71193218231
2019/09/06/14:49:27.058027,8.71233177185
2019/09/06/14:49:27.062019,8.71273136139
2019/09/06/14:49:27.066187,8.71313095093
2019/09/06/14:49:27.069980,8.71353054047
2019/09/06/14:49:27.074189,8.71393013
2019/09/06/14:49:27.078305,8.71432971954
2019/09/06/14:49:27.082167,8.71472930908
2019/09/06/14:49:27.086287,8.71512889862
2019/09/06/14:49:27.089979,8.71552848816
2019/09/06/14:49:27.093899,8.7159280777
2019/09/06/14:49:27.097970,8.71632766724
2019/09/06/14:49:27.101967,8.71672725677
2019/09/06/14:49:27.105960,8.71712684631
2019/09/06/14:49:27.110022,8.71752643585
2019/09/06/14:49:27.114029,8.71792602539
2019/09/06/14:49:27.117986,8.71832561493
2019/09/06/14:49:27.122068,8.71872520447
2019/09/06/14:49:27.125988,8.71912479401
2019/09/06/14:49:27.130067,8.71952438354
2019/09/06/14:49:27.134148,8.71992397308
2019/09/06/14:49:27.137935,8.72032356262
2019/09/06/14:49:27.142030,8.72072315216
2019/09/06/14:49:27.145988,8.7211227417
2019/09/06/14:49:27.149998,8.72152233124
2019/09/06/14:49:27.154216,8.72192192078
2019/09/06/14:49:27.158149,8.72232151031
2019/09/06/14:49:27.162188,8.72272109985
2019/09/06/14:49:27.166221,8.72312068939
2019/09/06/14:49:27.170032,8.72352027893
2019/09/06/14:49:27.174252,8.72391986847
2019/09/06/14:49:27.178328,8.72431945801
2019/09/06/14:49:27.182172,8.72471904755
2019/09/06/14:49:27.186335,8.72511863708
2019/09/06/14:49:27.190087,8.72551822662
2019/09/06/14:49:27.194180,8.72591781616
2019/09/06/14:49:27.198099,8.7263174057
2019/09/06/14:49:27.202309,8.72671699524
2019/09/06/14:49:27.206323,8.72711658478
2019/09/06/14:49:27.210227,8.72751617432
2019/09/06/14:49:27.214346,8.72791576385
2019/09/06/14:49:27.218264,8.72831535339
2019/09/06/14:49:27.222438,8.72871494293
2019/09/06/14:49:27.226171,8.72911453247
2019/09/06/14:49:27.230154,8.72951412201
2019/09/06/14:49:27.234104,8.72991371155
2019/09/06/14:49:27.238417,8.73031330109
2019/09/06/14:49:27.242531,8.73071289062
2019/09/06/14:49:27.246485,8.73111248016
2019/09/06/14:49:27.250122,8.7315120697
2019/09/06/14:49:27.254174,8.73191165924
2019/09/06/14:49:27.258184,8.73231124878
2019/09/06/14:49:27.262307,8.73271083832
2019/09/06/14:49:27.266583,8.73311042786
2019/09/06/14:49:27.270265,8.7335100174
2019/09/06/14:49:27.274157,8.73390960693
2019/09/06/14:49:27.278138,8.73430919647
2019/09/06/14:49:27.282251,8.73470878601
2019/09/06/14:49:27.286250,8.73510837555
2019/09/06/14:49:27.290069,8.73550796509
2019/09/06/14:49:27.294173,8.73590755463
2019/09/06/14:49:27.298164,8.73630714417
2019/09/06/14:49:27.302128,8.7367067337
2019/09/06/14:49:27.306174,8.73710632324
2019/09/06/14:49:27.310100,8.73750591278
2019/09/06/14:49:27.314080,8.73790550232
2019/09/06/14:49:27.317971,8.73830509186
2019/09/06/14:49:27.321907,8.7387046814
2019/09/06/14:49:27.326025,8.73910427094
2019/09/06/14:49:27.329979,8.73950386047
2019/09/06/14:49:27.333988,8.73990345001
2019/09/06/14:49:27.338089,8.74030303955
2019/09/06/14:49:27.342165,8.74070262909
2019/09/06/14:49:27.346289,8.74110221863
2019/09/06/14:49:27.350244,8.74150180817
2019/09/06/14:49:27.354134,8.74190139771
2019/09/06/14:49:27.358175,8.74230098724
2019/09/06/14:49:27.362091,8.74270057678
2019/09/06/14:49:27.366312,8.74310016632
2019/09/06/14:49:27.370215,8.74349975586
2019/09/06/14:49:27.374234,8.7438993454
2019/09/06/14:49:27.378110,8.74429893494
2019/09/06/14:49:27.382147,8.74469852448
2019/09/06/14:49:27.386126,8.74509811401
2019/09/06/14:49:27.390148,8.74549770355
2019/09/06/14:49:27.394174,8.74589729309
2019/09/06/14:49:27.398232,8.74629688263
2019/09/06/14:49:27.402268,8.74669647217
2019/09/06/14:49:27.406130,8.74709606171
2019/09/06/14:49:27.410175,8.74749565125
2019/09/06/14:49:27.414122,8.74789524078
2019/09/06/14:49:27.418096,8.74829483032
2019/09/06/14:49:27.422382,8.74869441986
2019/09/06/14:49:27.426357,8.7490940094
2019/09/06/14:49:27.430215,8.74949359894
2019/09/06/14:49:27.434116,8.74989318848
2019/09/06/14:49:27.438128,8.75029277802
2019/09/06/14:49:27.442051,8.75069236755
2019/09/06/14:49:27.446178,8.75109195709
2019/09/06/14:49:27.450089,8.75149154663
2019/09/06/14:49:27.454097,8.75189113617
2019/09/06/14:49:27.458036,8.75229072571
2019/09/06/14:49:27.462060,8.75269031525
2019/09/06/14:49:27.466185,8.75308990479
2019/09/06/14:49:27.470121,8.75348949432
2019/09/06/14:49:27.474081,8.75388908386
2019/09/06/14:49:27.478134,8.7542886734
2019/09/06/14:49:27.482193,8.75468826294
2019/09/06/14:49:27.486025,8.75508785248
2019/09/06/14:49:27.490235,8.75548744202
2019/09/06/14:49:27.494146,8.75588703156
2019/09/06/14:49:27.498053,8.75628662109
2019/09/06/14:49:27.502090,8.75668621063
2019/09/06/14:49:27.506069,8.75708580017
2019/09/06/14:49:27.510125,8.75748538971
2019/09/06/14:49:27.514104,8.75788497925
2019/09/06/14:49:27.518199,8.75828456879
2019/09/06/14:49:27.522276,8.75868415833
2019/09/06/14:49:27.526599,8.75908374786
2019/09/06/14:49:27.530221,8.7594833374
2019/09/06/14:49:27.534051,8.75988292694
2019/09/06/14:49:27.538085,8.76028251648
2019/09/06/14:49:27.542117,8.76068210602
2019/09/06/14:49:27.545791,8.76108169556
2019/09/06/14:49:27.550126,8.7614812851
2019/09/06/14:49:27.554115,8.76188087463
2019/09/06/14:49:27.558203,8.76228046417
2019/09/06/14:49:27.562212,8.76268005371
2019/09/06/14:49:27.566343,8.76307964325
2019/09/06/14:49:27.570256,8.76347923279
2019/09/06/14:49:27.574234,8.76387882233
2019/09/06/14:49:27.578186,8.76427841187
2019/09/06/14:49:27.582032,8.7646780014
2019/09/06/14:49:27.586157,8.76507759094
2019/09/06/14:49:27.590262,8.76547718048
2019/09/06/14:49:27.594248,8.76587677002
2019/09/06/14:49:27.598192,8.76627635956
2019/09/06/14:49:27.602335,8.7666759491
2019/09/06/14:49:27.606172,8.76707553864
2019/09/06/14:49:27.610217,8.76747512817
2019/09/06/14:49:27.614190,8.76787471771
2019/09/06/14:49:27.618126,8.76827430725
2019/09/06/14:49:27.622457,8.76867389679
2019/09/06/14:49:27.626336,8.76907348633
2019/09/06/14:49:27.630538,8.76947307587
2019/09/06/14:49:27.634350,8.76987266541
2019/09/06/14:49:27.638152,8.77027225494
2019/09/06/14:49:27.641980,8.77067184448
2019/09/06/14:49:27.646061,8.77107143402
2019/09/06/14:49:27.650126,8.77147102356
2019/09/06/14:49:27.654278,8.7718706131
2019/09/06/14:49:27.658165,8.77227020264
2019/09/06/14:49:27.662222,8.77266979218
2019/09/06/14:49:27.666334,8.77306938171
2019/09/06/14:49:27.670301,8.77346897125
2019/09/06/14:49:27.674336,8.77386856079
2019/09/06/14:49:27.678400,8.77426815033
2019/09/06/14:49:27.682159,8.77466773987
2019/09/06/14:49:27.686052,8.77506732941
2019/09/06/14:49:27.690248,8.77546691895
2019/09/06/14:49:27.694108,8.77586650848
2019/09/06/14:49:27.698187,8.77626609802
2019/09/06/14:49:27.702214,8.77666568756
2019/09/06/14:49:27.706148,8.7770652771
2019/09/06/14:49:27.710266,8.77746486664
2019/09/06/14:49:27.714396,8.77786445618
2019/09/06/14:49:27.718474,8.77826404572
2019/09/06/14:49:27.722281,8.77866363525
2019/09/06/14:49:27.726110,8.77906322479
2019/09/06/14:49:27.730298,8.77946281433
2019/09/06/14:49:27.734271,8.77986240387
2019/09/06/14:49:27.738128,8.78026199341
2019/09/06/14:49:27.742402,8.78066158295
2019/09/06/14:49:27.745982,8.78106117249
2019/09/06/14:49:27.750097,8.78146076202
2019/09/06/14:49:27.754239,8.78186035156
2019/09/06/14:49:27.758185,8.7822599411
2019/09/06/14:49:27.762181,8.78265953064
2019/09/06/14:49:27.766054,8.78305912018
2019/09/06/14:49:27.770140,8.78345870972
2019/09/06/14:49:27.774198,8.78385829926
2019/09/06/14:49:27.778146,8.78425788879
2019/09/06/14:49:27.782293,8.78465747833
2019/09/06/14:49:27.786077,8.78505706787
2019/09/06/14:49:27.789965,8.78545665741
2019/09/06/14:49:27.794067,8.78585624695
2019/09/06/14:49:27.798417,8.78625583649
2019/09/06/14:49:27.802057,8.78665542603
2019/09/06/14:49:27.806216,8.78705501556
2019/09/06/14:49:27.810226,8.7874546051
2019/09/06/14:49:27.814093,8.78785419464
2019/09/06/14:49:27.818237,8.78825378418
2019/09/06/14:49:27.822074,8.78865337372
2019/09/06/14:49:27.826100,8.78905296326
2019/09/06/14:49:27.830194,8.7894525528
2019/09/06/14:49:27.834117,8.78985214233
2019/09/06/14:49:27.838109,8.79025173187
2019/09/06/14:49:27.842089,8.79065132141
2019/09/06/14:49:27.846234,8.79105091095
2019/09/06/14:49:27.850147,8.79145050049
2019/09/06/14:49:27.854386,8.79185009003
2019/09/06/14:49:27.858094,8.79224967957
2019/09/06/14:49:27.862178,8.7926492691
2019/09/06/14:49:27.866496,8.79304885864
2019/09/06/14:49:27.870362,8.79344844818
2019/09/06/14:49:27.874345,8.79384803772
2019/09/06/14:49:27.878271,8.79424762726
2019/09/06/14:49:27.882224,8.7946472168
2019/09/06/14:49:27.886127,8.79504680634
2019/09/06/14:49:27.890065,8.79544639587
2019/09/06/14:49:27.894329,8.79584598541
2019/09/06/14:49:27.898187,8.79624557495
2019/09/06/14:49:27.902124,8.79664516449
2019/09/06/14:49:27.906139,8.79704475403
2019/09/06/14:49:27.910332,8.79744434357
2019/09/06/14:49:27.914337,8.79784393311
2019/09/06/14:49:27.918596,8.79824352264
2019/09/06/14:49:27.922245,8.79864311218
2019/09/06/14:49:27.926000,8.79904270172
2019/09/06/14:49:27.930248,8.79944229126
2019/09/06/14:49:27.934166,8.7998418808
2019/09/06/14:49:27.938242,8.80024147034
2019/09/06/14:49:27.942099,8.80064105988
2019/09/06/14:49:27.946248,8.80104064941
2019/09/06/14:49:27.950382,8.80144023895
2019/09/06/14:49:27.954137,8.80183982849
2019/09/06/14:49:27.958122,8.80223941803
2019/09/06/14:49:27.962095,8.80263900757
2019/09/06/14:49:27.966030,8.80303859711
2019/09/06/14:49:27.970068,8.80343818665
2019/09/06/14:49:27.974366,8.80383777618
2019/09/06/14:49:27.978405,8.80423736572
2019/09/06/14:49:27.983605,8.80463695526
2019/09/06/14:49:27.986041,8.8050365448
2019/09/06/14:49:27.990296,8.80543613434
2019/09/06/14:49:27.994381,8.80583572388
2019/09/06/14:49:27.998117,8.80623531342
2019/09/06/14:49:28.002203,8.80663490295
2019/09/06/14:49:28.006002,8.80703449249
2019/09/06/14:49:28.010186,8.80743408203
2019/09/06/14:49:28.014141,8.80783367157
2019/09/06/14:49:28.018268,8.80823326111
2019/09/06/14:49:28.022156,8.80863285065
2019/09/06/14:49:28.026110,8.80903244019
2019/09/06/14:49:28.030089,8.80943202972
2019/09/06/14:49:28.034142,8.80983161926
2019/09/06/14:49:28.038582,8.8102312088
2019/09/06/14:49:28.042300,8.81063079834
2019/09/06/14:49:28.046115,8.81103038788
2019/09/06/14:49:28.050135,8.81142997742
2019/09/06/14:49:28.054097,8.81182956696
2019/09/06/14:49:28.058174,8.81222915649
2019/09/06/14:49:28.062256,8.81262874603
2019/09/06/14:49:28.066198,8.81302833557
2019/09/06/14:49:28.070114,8.81342792511
2019/09/06/14:49:28.074215,8.81382751465
2019/09/06/14:49:28.078193,8.81422710419
2019/09/06/14:49:28.082133,8.81462669373
2019/09/06/14:49:28.086136,8.81502628326
2019/09/06/14:49:28.090089,8.8154258728
2019/09/06/14:49:28.094136,8.81582546234
2019/09/06/14:49:28.098268,8.81622505188
2019/09/06/14:49:28.102170,8.81662464142
2019/09/06/14:49:28.106068,8.81702423096
2019/09/06/14:49:28.110138,8.8174238205
2019/09/06/14:49:28.114101,8.81782341003
2019/09/06/14:49:28.118226,8.81822299957
2019/09/06/14:49:28.122200,8.81862258911
2019/09/06/14:49:28.126112,8.81902217865
2019/09/06/14:49:28.130196,8.81942176819
2019/09/06/14:49:28.134087,8.81982135773
2019/09/06/14:49:28.138045,8.82022094727
2019/09/06/14:49:28.141924,8.8206205368
2019/09/06/14:49:28.146136,8.82102012634
2019/09/06/14:49:28.150029,8.82141971588
2019/09/06/14:49:28.153950,8.82181930542
2019/09/06/14:49:28.158258,8.82221889496
2019/09/06/14:49:28.162014,8.8226184845
2019/09/06/14:49:28.166333,8.82301807404
2019/09/06/14:49:28.170066,8.82341766357
2019/09/06/14:49:28.174209,8.82381725311
2019/09/06/14:49:28.178105,8.82421684265
2019/09/06/14:49:28.182245,8.82461643219
2019/09/06/14:49:28.186163,8.82501602173
2019/09/06/14:49:28.189985,8.82541561127
2019/09/06/14:49:28.194175,8.82581520081
2019/09/06/14:49:28.198155,8.82621479034
2019/09/06/14:49:28.202100,8.82661437988
2019/09/06/14:49:28.206100,8.82701396942
2019/09/06/14:49:28.210405,8.82741355896
2019/09/06/14:49:28.214224,8.8278131485
2019/09/06/14:49:28.218224,8.82821273804
2019/09/06/14:49:28.222262,8.82861232758
2019/09/06/14:49:28.226153,8.82901191711
2019/09/06/14:49:28.230503,8.82941150665
2019/09/06/14:49:28.234244,8.82981109619
2019/09/06/14:49:28.238287,8.83021068573
2019/09/06/14:49:28.242191,8.83061027527
2019/09/06/14:49:28.246244,8.83100986481
2019/09/06/14:49:28.250309,8.83140945435
2019/09/06/14:49:28.254189,8.83180904388
2019/09/06/14:49:28.258188,8.83220863342
2019/09/06/14:49:28.262139,8.83260822296
2019/09/06/14:49:28.266238,8.8330078125
2019/09/06/14:49:28.270331,8.83340740204
2019/09/06/14:49:28.274146,8.83380699158
2019/09/06/14:49:28.278479,8.83420658112
2019/09/06/14:49:28.282370,8.83460617065
2019/09/06/14:49:28.286240,8.83500576019
2019/09/06/14:49:28.290097,8.83540534973
2019/09/06/14:49:28.294295,8.83580493927
2019/09/06/14:49:28.298305,8.83620452881
2019/09/06/14:49:28.302232,8.83660411835
2019/09/06/14:49:28.306235,8.83700370789
2019/09/06/14:49:28.310290,8.83740329742
2019/09/06/14:49:28.314209,8.83780288696
2019/09/06/14:49:28.318271,8.8382024765
2019/09/06/14:49:28.322228,8.83860206604
2019/09/06/14:49:28.326072,8.83900165558
2019/09/06/14:49:28.330254,8.83940124512
2019/09/06/14:49:28.334205,8.83980083466
2019/09/06/14:49:28.338143,8.84020042419
2019/09/06/14:49:28.342147,8.84060001373
2019/09/06/14:49:28.346552,8.84099960327
2019/09/06/14:49:28.350248,8.84139919281
2019/09/06/14:49:28.354299,8.84179878235
2019/09/06/14:49:28.358486,8.84219837189
2019/09/06/14:49:28.362050,8.84259796143
2019/09/06/14:49:28.366073,8.84299755096
2019/09/06/14:49:28.370054,8.8433971405
2019/09/06/14:49:28.374172,8.84379673004
2019/09/06/14:49:28.378256,8.84419631958
2019/09/06/14:49:28.382176,8.84459590912
2019/09/06/14:49:28.386494,8.84499549866
2019/09/06/14:49:28.390181,8.8453950882
2019/09/06/14:49:28.394120,8.84579467773
2019/09/06/14:49:28.398126,8.84619426727
2019/09/06/14:49:28.402228,8.84659385681
2019/09/06/14:49:28.406426,8.84699344635
2019/09/06/14:49:28.410103,8.84739303589
2019/09/06/14:49:28.414057,8.84779262543
2019/09/06/14:49:28.418221,8.84819221497
2019/09/06/14:49:28.422238,8.8485918045
2019/09/06/14:49:28.426177,8.84899139404
2019/09/06/14:49:28.430231,8.84939098358
2019/09/06/14:49:28.434105,8.84979057312
2019/09/06/14:49:28.438288,8.85019016266
2019/09/06/14:49:28.442277,8.8505897522
2019/09/06/14:49:28.446075,8.85098934174
2019/09/06/14:49:28.450242,8.85138893127
2019/09/06/14:49:28.454156,8.85178852081
2019/09/06/14:49:28.458132,8.85218811035
2019/09/06/14:49:28.461997,8.85258769989
2019/09/06/14:49:28.465999,8.85298728943
2019/09/06/14:49:28.470089,8.85338687897
2019/09/06/14:49:28.474162,8.85378646851
2019/09/06/14:49:28.478106,8.85418605804
2019/09/06/14:49:28.482188,8.85458564758
2019/09/06/14:49:28.486222,8.85498523712
2019/09/06/14:49:28.490128,8.85538482666
2019/09/06/14:49:28.494135,8.8557844162
2019/09/06/14:49:28.498155,8.85618400574
2019/09/06/14:49:28.502246,8.85658359528
2019/09/06/14:49:28.506199,8.85698318481
2019/09/06/14:49:28.510123,8.85738277435
2019/09/06/14:49:28.514340,8.85778236389
2019/09/06/14:49:28.518163,8.85818195343
2019/09/06/14:49:28.522106,8.85858154297
2019/09/06/14:49:28.526036,8.85898113251
2019/09/06/14:49:28.530036,8.85938072205
2019/09/06/14:49:28.534158,8.85978031158
2019/09/06/14:49:28.538180,8.86017990112
2019/09/06/14:49:28.542296,8.86057949066
2019/09/06/14:49:28.545741,8.8609790802
2019/09/06/14:49:28.550049,8.86137866974
2019/09/06/14:49:28.554154,8.86177825928
2019/09/06/14:49:28.558136,8.86217784882
2019/09/06/14:49:28.562289,8.86257743835
2019/09/06/14:49:28.566203,8.86297702789
2019/09/06/14:49:28.570162,8.86337661743
2019/09/06/14:49:28.574030,8.86377620697
2019/09/06/14:49:28.578149,8.86417579651
2019/09/06/14:49:28.582356,8.86457538605
2019/09/06/14:49:28.586286,8.86497497559
2019/09/06/14:49:28.590130,8.86537456512
2019/09/06/14:49:28.594145,8.86577415466
2019/09/06/14:49:28.598169,8.8661737442
2019/09/06/14:49:28.602111,8.86657333374
2019/09/06/14:49:28.606387,8.86697292328
2019/09/06/14:49:28.610008,8.86737251282
2019/09/06/14:49:28.614169,8.86777210236
2019/09/06/14:49:28.618301,8.86817169189
2019/09/06/14:49:28.622258,8.86857128143
2019/09/06/14:49:28.626258,8.86897087097
2019/09/06/14:49:28.630145,8.86937046051
2019/09/06/14:49:28.634373,8.86977005005
2019/09/06/14:49:28.638194,8.87016963959
2019/09/06/14:49:28.641796,8.87056922913
2019/09/06/14:49:28.646203,8.87096881866
2019/09/06/14:49:28.650138,8.8713684082
2019/09/06/14:49:28.654250,8.87176799774
2019/09/06/14:49:28.658113,8.87216758728
2019/09/06/14:49:28.662176,8.87256717682
2019/09/06/14:49:28.666289,8.87296676636
2019/09/06/14:49:28.670335,8.8733663559
2019/09/06/14:49:28.674126,8.87376594543
2019/09/06/14:49:28.678045,8.87416553497
2019/09/06/14:49:28.682199,8.87456512451
2019/09/06/14:49:28.686233,8.87496471405
2019/09/06/14:49:28.690281,8.87536430359
2019/09/06/14:49:28.694239,8.87576389313
2019/09/06/14:49:28.698163,8.87616348267
2019/09/06/14:49:28.702225,8.8765630722
2019/09/06/14:49:28.706264,8.87696266174
2019/09/06/14:49:28.710200,8.87736225128
2019/09/06/14:49:28.714302,8.87776184082
2019/09/06/14:49:28.718207,8.87816143036
2019/09/06/14:49:28.722310,8.8785610199
2019/09/06/14:49:28.726061,8.87896060944
2019/09/06/14:49:28.730260,8.87936019897
2019/09/06/14:49:28.734216,8.87975978851
2019/09/06/14:49:28.738225,8.88015937805
2019/09/06/14:49:28.742279,8.88055896759
2019/09/06/14:49:28.746240,8.88095855713
2019/09/06/14:49:28.750012,8.88135814667
2019/09/06/14:49:28.754280,8.88175773621
2019/09/06/14:49:28.758046,8.88215732574
2019/09/06/14:49:28.762202,8.88255691528
2019/09/06/14:49:28.766235,8.88295650482
2019/09/06/14:49:28.770041,8.88335609436
2019/09/06/14:49:28.774181,8.8837556839
2019/09/06/14:49:28.778084,8.88415527344
2019/09/06/14:49:28.782049,8.88455486298
2019/09/06/14:49:28.786027,8.88495445251
2019/09/06/14:49:28.789766,8.88535404205
2019/09/06/14:49:28.794395,8.88575363159
2019/09/06/14:49:28.798059,8.88615322113
2019/09/06/14:49:28.802296,8.88655281067
2019/09/06/14:49:28.806203,8.88695240021
2019/09/06/14:49:28.810076,8.88735198975
2019/09/06/14:49:28.814100,8.88775157928
2019/09/06/14:49:28.818036,8.88815116882
2019/09/06/14:49:28.822156,8.88855075836
2019/09/06/14:49:28.826084,8.8889503479
2019/09/06/14:49:28.830082,8.88934993744
2019/09/06/14:49:28.834145,8.88974952698
2019/09/06/14:49:28.838084,8.89014911652
2019/09/06/14:49:28.842068,8.89054870605
2019/09/06/14:49:28.845998,8.89094829559
2019/09/06/14:49:28.850071,8.89134788513
2019/09/06/14:49:28.854185,8.89174747467
2019/09/06/14:49:28.858054,8.89214706421
2019/09/06/14:49:28.862132,8.89254665375
2019/09/06/14:49:28.866059,8.89294624329
2019/09/06/14:49:28.870152,8.89334583282
2019/09/06/14:49:28.874113,8.89374542236
2019/09/06/14:49:28.878211,8.8941450119
2019/09/06/14:49:28.882153,8.89454460144
2019/09/06/14:49:28.886008,8.89494419098
2019/09/06/14:49:28.890572,8.89534378052
2019/09/06/14:49:28.894134,8.89574337006
2019/09/06/14:49:28.898147,8.89614295959
2019/09/06/14:49:28.902299,8.89654254913
2019/09/06/14:49:28.906109,8.89694213867
2019/09/06/14:49:28.910083,8.89734172821
2019/09/06/14:49:28.914125,8.89774131775
2019/09/06/14:49:28.918178,8.89814090729
2019/09/06/14:49:28.922113,8.89854049683
2019/09/06/14:49:28.926002,8.89894008636
2019/09/06/14:49:28.930017,8.8993396759
2019/09/06/14:49:28.934018,8.89973926544
2019/09/06/14:49:28.938296,8.90013885498
2019/09/06/14:49:28.942297,8.90053844452
2019/09/06/14:49:28.946177,8.90093803406
2019/09/06/14:49:28.950214,8.9013376236
2019/09/06/14:49:28.954094,8.90173721313
2019/09/06/14:49:28.958145,8.90213680267
2019/09/06/14:49:28.961998,8.90253639221
2019/09/06/14:49:28.966006,8.90293598175
2019/09/06/14:49:28.970178,8.90333557129
2019/09/06/14:49:28.974197,8.90373516083
2019/09/06/14:49:28.978193,8.90413475037
2019/09/06/14:49:28.982149,8.9045343399
2019/09/06/14:49:28.986211,8.90493392944
2019/09/06/14:49:28.990087,8.90533351898
2019/09/06/14:49:28.994134,8.90573310852
2019/09/06/14:49:28.998182,8.90613269806
2019/09/06/14:49:29.002145,8.9065322876
2019/09/06/14:49:29.006034,8.90693187714
2019/09/06/14:49:29.010095,8.90733146667
2019/09/06/14:49:29.014114,8.90773105621
2019/09/06/14:49:29.018160,8.90813064575
2019/09/06/14:49:29.022152,8.90853023529
2019/09/06/14:49:29.026245,8.90892982483
2019/09/06/14:49:29.030133,8.90932941437
2019/09/06/14:49:29.034118,8.90972900391
2019/09/06/14:49:29.038130,8.91012859344
2019/09/06/14:49:29.042331,8.91052818298
2019/09/06/14:49:29.045874,8.91092777252
2019/09/06/14:49:29.050188,8.91132736206
2019/09/06/14:49:29.054215,8.9117269516
2019/09/06/14:49:29.058148,8.91212654114
2019/09/06/14:49:29.062082,8.91252613068
2019/09/06/14:49:29.066139,8.91292572021
2019/09/06/14:49:29.070241,8.91332530975
2019/09/06/14:49:29.074132,8.91372489929
2019/09/06/14:49:29.078440,8.91412448883
2019/09/06/14:49:29.082335,8.91452407837
2019/09/06/14:49:29.086094,8.91492366791
2019/09/06/14:49:29.090164,8.91532325745
2019/09/06/14:49:29.094152,8.91572284698
2019/09/06/14:49:29.098152,8.91612243652
2019/09/06/14:49:29.102263,8.91652202606
2019/09/06/14:49:29.106383,8.9169216156
2019/09/06/14:49:29.110358,8.91732120514
2019/09/06/14:49:29.114228,8.91772079468
2019/09/06/14:49:29.118316,8.91812038422
2019/09/06/14:49:29.122231,8.91851997375
2019/09/06/14:49:29.126161,8.91891956329
2019/09/06/14:49:29.130174,8.91931915283
2019/09/06/14:49:29.134233,8.91971874237
2019/09/06/14:49:29.138480,8.92011833191
2019/09/06/14:49:29.142249,8.92051792145
2019/09/06/14:49:29.146163,8.92091751099
2019/09/06/14:49:29.150192,8.92131710052
2019/09/06/14:49:29.154145,8.92171669006
2019/09/06/14:49:29.158226,8.9221162796
2019/09/06/14:49:29.162249,8.92251586914
2019/09/06/14:49:29.166072,8.92291545868
2019/09/06/14:49:29.170370,8.92331504822
2019/09/06/14:49:29.174143,8.92371463776
2019/09/06/14:49:29.178316,8.92411422729
2019/09/06/14:49:29.182168,8.92451381683
2019/09/06/14:49:29.186205,8.92491340637
2019/09/06/14:49:29.190003,8.92531299591
2019/09/06/14:49:29.193984,8.92571258545
2019/09/06/14:49:29.198286,8.92611217499
2019/09/06/14:49:29.202211,8.92651176453
2019/09/06/14:49:29.206095,8.92691135406
2019/09/06/14:49:29.210206,8.9273109436
2019/09/06/14:49:29.214190,8.92771053314
2019/09/06/14:49:29.218093,8.92811012268
2019/09/06/14:49:29.222368,8.92850971222
2019/09/06/14:49:29.226242,8.92890930176
2019/09/06/14:49:29.230352,8.9293088913
2019/09/06/14:49:29.234386,8.92970848083
2019/09/06/14:49:29.238084,8.93010807037
2019/09/06/14:49:29.242241,8.93050765991
2019/09/06/14:49:29.246173,8.93090724945
2019/09/06/14:49:29.249978,8.93130683899
2019/09/06/14:49:29.254179,8.93170642853
2019/09/06/14:49:29.258255,8.93210601807
2019/09/06/14:49:29.262185,8.9325056076
2019/09/06/14:49:29.266155,8.93290519714
2019/09/06/14:49:29.270073,8.93330478668
2019/09/06/14:49:29.274286,8.93370437622
2019/09/06/14:49:29.278179,8.93410396576
2019/09/06/14:49:29.282089,8.9345035553
2019/09/06/14:49:29.286239,8.93490314484
2019/09/06/14:49:29.290089,8.93530273438
2019/09/06/14:49:29.294183,8.93570232391
2019/09/06/14:49:29.298252,8.93610191345
2019/09/06/14:49:29.302231,8.93650150299
2019/09/06/14:49:29.306454,8.93690109253
2019/09/06/14:49:29.310232,8.93730068207
2019/09/06/14:49:29.314252,8.93770027161
2019/09/06/14:49:29.318265,8.93809986115
2019/09/06/14:49:29.322289,8.93849945068
2019/09/06/14:49:29.326264,8.93889904022
2019/09/06/14:49:29.330152,8.93929862976
2019/09/06/14:49:29.334151,8.9396982193
2019/09/06/14:49:29.338144,8.94009780884
2019/09/06/14:49:29.342501,8.94049739838
2019/09/06/14:49:29.346145,8.94089698792
2019/09/06/14:49:29.350093,8.94129657745
2019/09/06/14:49:29.354076,8.94169616699
2019/09/06/14:49:29.358214,8.94209575653
2019/09/06/14:49:29.362129,8.94249534607
2019/09/06/14:49:29.366277,8.94289493561
2019/09/06/14:49:29.370395,8.94329452515
2019/09/06/14:49:29.374362,8.94369411469
2019/09/06/14:49:29.378296,8.94409370422
2019/09/06/14:49:29.382216,8.94449329376
2019/09/06/14:49:29.386177,8.9448928833
2019/09/06/14:49:29.389946,8.94529247284
2019/09/06/14:49:29.394097,8.94569206238
2019/09/06/14:49:29.398283,8.94609165192
2019/09/06/14:49:29.402129,8.94649124146
2019/09/06/14:49:29.406003,8.94689083099
2019/09/06/14:49:29.410130,8.94729042053
2019/09/06/14:49:29.414291,8.94769001007
2019/09/06/14:49:29.418125,8.94808959961
2019/09/06/14:49:29.422116,8.94848918915
2019/09/06/14:49:29.426174,8.94888877869
2019/09/06/14:49:29.430219,8.94928836823
2019/09/06/14:49:29.434497,8.94968795776
2019/09/06/14:49:29.438193,8.9500875473
2019/09/06/14:49:29.441884,8.95048713684
2019/09/06/14:49:29.446070,8.95088672638
2019/09/06/14:49:29.450143,8.95128631592
2019/09/06/14:49:29.454165,8.95168590546
2019/09/06/14:49:29.458253,8.952085495
2019/09/06/14:49:29.462238,8.95248508453
2019/09/06/14:49:29.466180,8.95288467407
2019/09/06/14:49:29.470413,8.95328426361
2019/09/06/14:49:29.474130,8.95368385315
2019/09/06/14:49:29.478266,8.95408344269
2019/09/06/14:49:29.482063,8.95448303223
2019/09/06/14:49:29.486139,8.95488262177
2019/09/06/14:49:29.489930,8.9552822113
2019/09/06/14:49:29.493985,8.95568180084
2019/09/06/14:49:29.498119,8.95608139038
2019/09/06/14:49:29.502189,8.95648097992
2019/09/06/14:49:29.506004,8.95688056946
2019/09/06/14:49:29.510038,8.957280159
2019/09/06/14:49:29.514003,8.95767974854
2019/09/06/14:49:29.518067,8.95807933807
2019/09/06/14:49:29.522234,8.95847892761
2019/09/06/14:49:29.526013,8.95887851715
2019/09/06/14:49:29.530134,8.95927810669
2019/09/06/14:49:29.534136,8.95967769623
2019/09/06/14:49:29.538010,8.96007728577
2019/09/06/14:49:29.542082,8.96047687531
2019/09/06/14:49:29.546177,8.96087646484
2019/09/06/14:49:29.550199,8.96127605438
2019/09/06/14:49:29.554230,8.96167564392
2019/09/06/14:49:29.558095,8.96207523346
2019/09/06/14:49:29.562038,8.962474823
2019/09/06/14:49:29.566120,8.96287441254
2019/09/06/14:49:29.570088,8.96327400208
2019/09/06/14:49:29.574058,8.96367359161
2019/09/06/14:49:29.578217,8.96407318115
2019/09/06/14:49:29.582098,8.96447277069
2019/09/06/14:49:29.586397,8.96487236023
2019/09/06/14:49:29.590241,8.96527194977
2019/09/06/14:49:29.594290,8.96567153931
2019/09/06/14:49:29.598178,8.96607112885
2019/09/06/14:49:29.602219,8.96647071838
2019/09/06/14:49:29.606003,8.96687030792
2019/09/06/14:49:29.610112,8.96726989746
2019/09/06/14:49:29.614196,8.967669487
2019/09/06/14:49:29.618121,8.96806907654
2019/09/06/14:49:29.622465,8.96846866608
2019/09/06/14:49:29.626208,8.96886825562
2019/09/06/14:49:29.630216,8.96926784515
2019/09/06/14:49:29.634239,8.96966743469
2019/09/06/14:49:29.638157,8.97006702423
2019/09/06/14:49:29.642139,8.97046661377
2019/09/06/14:49:29.645840,8.97086620331
2019/09/06/14:49:29.650216,8.97126579285
2019/09/06/14:49:29.654087,8.97166538239
2019/09/06/14:49:29.658169,8.97206497192
2019/09/06/14:49:29.662106,8.97246456146
2019/09/06/14:49:29.666073,8.972864151
2019/09/06/14:49:29.669977,8.97326374054
2019/09/06/14:49:29.674114,8.97366333008
2019/09/06/14:49:29.678335,8.97406291962
2019/09/06/14:49:29.682084,8.97446250916
2019/09/06/14:49:29.686002,8.97486209869
2019/09/06/14:49:29.690089,8.97526168823
2019/09/06/14:49:29.694124,8.97566127777
2019/09/06/14:49:29.698175,8.97606086731
2019/09/06/14:49:29.702036,8.97646045685
2019/09/06/14:49:29.706161,8.97686004639
2019/09/06/14:49:29.710004,8.97725963593
2019/09/06/14:49:29.714122,8.97765922546
2019/09/06/14:49:29.718127,8.978058815
2019/09/06/14:49:29.722262,8.97845840454
2019/09/06/14:49:29.726069,8.97885799408
2019/09/06/14:49:29.730264,8.97925758362
2019/09/06/14:49:29.734257,8.97965717316
2019/09/06/14:49:29.738334,8.9800567627
2019/09/06/14:49:29.742311,8.98045635223
2019/09/06/14:49:29.746353,8.98085594177
2019/09/06/14:49:29.750182,8.98125553131
2019/09/06/14:49:29.754157,8.98165512085
2019/09/06/14:49:29.758349,8.98205471039
2019/09/06/14:49:29.762138,8.98245429993
2019/09/06/14:49:29.766009,8.98285388947
2019/09/06/14:49:29.770064,8.983253479
2019/09/06/14:49:29.773970,8.98365306854
2019/09/06/14:49:29.778119,8.98405265808
2019/09/06/14:49:29.782280,8.98445224762
2019/09/06/14:49:29.786037,8.98485183716
2019/09/06/14:49:29.790054,8.9852514267
2019/09/06/14:49:29.794200,8.98565101624
2019/09/06/14:49:29.798282,8.98605060577
2019/09/06/14:49:29.802181,8.98645019531
2019/09/06/14:49:29.806276,8.98684978485
2019/09/06/14:49:29.810245,8.98724937439
2019/09/06/14:49:29.814152,8.98764896393
2019/09/06/14:49:29.818144,8.98804855347
2019/09/06/14:49:29.822351,8.98844814301
2019/09/06/14:49:29.826215,8.98884773254
2019/09/06/14:49:29.830233,8.98924732208
2019/09/06/14:49:29.834271,8.98964691162
2019/09/06/14:49:29.838220,8.99004650116
2019/09/06/14:49:29.842135,8.9904460907
2019/09/06/14:49:29.846021,8.99084568024
2019/09/06/14:49:29.850349,8.99124526978
2019/09/06/14:49:29.854346,8.99164485931
2019/09/06/14:49:29.858030,8.99204444885
2019/09/06/14:49:29.862272,8.99244403839
2019/09/06/14:49:29.866094,8.99284362793
2019/09/06/14:49:29.870229,8.99324321747
2019/09/06/14:49:29.874186,8.99364280701
2019/09/06/14:49:29.878317,8.99404239655
2019/09/06/14:49:29.882210,8.99444198608
2019/09/06/14:49:29.886253,8.99484157562
2019/09/06/14:49:29.890245,8.99524116516
2019/09/06/14:49:29.894175,8.9956407547
2019/09/06/14:49:29.898222,8.99604034424
2019/09/06/14:49:29.902153,8.99643993378
2019/09/06/14:49:29.906085,8.99683952332
2019/09/06/14:49:29.910166,8.99723911285
2019/09/06/14:49:29.914174,8.99763870239
2019/09/06/14:49:29.918244,8.99803829193
2019/09/06/14:49:29.922112,8.99843788147
2019/09/06/14:49:29.925931,8.99883747101
2019/09/06/14:49:29.930080,8.99923706055
2019/09/06/14:49:29.934126,8.99963665009
2019/09/06/14:49:29.938054,9.00003623962
2019/09/06/14:49:29.942138,9.00043582916
2019/09/06/14:49:29.946081,9.0008354187
2019/09/06/14:49:29.950130,9.00123500824
2019/09/06/14:49:29.954072,9.00163459778
2019/09/06/14:49:29.958342,9.00203418732
2019/09/06/14:49:29.962301,9.00243377686
2019/09/06/14:49:29.966108,9.00283336639
2019/09/06/14:49:29.970165,9.00323295593
2019/09/06/14:49:29.974162,9.00363254547
2019/09/06/14:49:29.977952,9.00403213501
2019/09/06/14:49:29.982034,9.00443172455
2019/09/06/14:49:29.986237,9.00483131409
2019/09/06/14:49:29.990074,9.00523090363
2019/09/06/14:49:29.994052,9.00563049316
2019/09/06/14:49:29.999640,9.0060300827
2019/09/06/14:49:30.002257,9.00642967224
2019/09/06/14:49:30.006356,9.00682926178
2019/09/06/14:49:30.010180,9.00722885132
2019/09/06/14:49:30.014170,9.00762844086
2019/09/06/14:49:30.018354,9.0080280304
2019/09/06/14:49:30.022373,9.00842761993
2019/09/06/14:49:30.026442,9.00882720947
2019/09/06/14:49:30.030082,9.00922679901
2019/09/06/14:49:30.034088,9.00962638855
2019/09/06/14:49:30.038162,9.01002597809
2019/09/06/14:49:30.042059,9.01042556763
2019/09/06/14:49:30.046031,9.01082515717
2019/09/06/14:49:30.050043,9.0112247467
2019/09/06/14:49:30.054092,9.01162433624
2019/09/06/14:49:30.058203,9.01202392578
2019/09/06/14:49:30.062375,9.01242351532
2019/09/06/14:49:30.066411,9.01282310486
2019/09/06/14:49:30.070101,9.0132226944
2019/09/06/14:49:30.074179,9.01362228394
2019/09/06/14:49:30.078576,9.01402187347
2019/09/06/14:49:30.082260,9.01442146301
2019/09/06/14:49:30.086259,9.01482105255
2019/09/06/14:49:30.090177,9.01522064209
2019/09/06/14:49:30.094054,9.01562023163
2019/09/06/14:49:30.098123,9.01601982117
2019/09/06/14:49:30.102195,9.01641941071
2019/09/06/14:49:30.106441,9.01681900024
2019/09/06/14:49:30.110265,9.01721858978
2019/09/06/14:49:30.114192,9.01761817932
2019/09/06/14:49:30.118282,9.01801776886
2019/09/06/14:49:30.122267,9.0184173584
2019/09/06/14:49:30.126296,9.01881694794
2019/09/06/14:49:30.130338,9.01921653748
2019/09/06/14:49:30.134235,9.01961612701
2019/09/06/14:49:30.138286,9.02001571655
2019/09/06/14:49:30.142079,9.02041530609
2019/09/06/14:49:30.145953,9.02081489563
2019/09/06/14:49:30.150225,9.02121448517
2019/09/06/14:49:30.154240,9.02161407471
2019/09/06/14:49:30.158258,9.02201366425
2019/09/06/14:49:30.162314,9.02241325378
2019/09/06/14:49:30.166212,9.02281284332
2019/09/06/14:49:30.170214,9.02321243286
2019/09/06/14:49:30.174187,9.0236120224
2019/09/06/14:49:30.177976,9.02401161194
2019/09/06/14:49:30.182281,9.02441120148
2019/09/06/14:49:30.187415,9.02481079102
2019/09/06/14:49:30.190022,9.02521038055
2019/09/06/14:49:30.194163,9.02560997009
2019/09/06/14:49:30.198095,9.02600955963
2019/09/06/14:49:30.202198,9.02640914917
2019/09/06/14:49:30.206226,9.02680873871
2019/09/06/14:49:30.210055,9.02720832825
2019/09/06/14:49:30.214162,9.02760791779
2019/09/06/14:49:30.218219,9.02800750732
2019/09/06/14:49:30.222194,9.02840709686
2019/09/06/14:49:30.226125,9.0288066864
2019/09/06/14:49:30.230142,9.02920627594
2019/09/06/14:49:30.234117,9.02960586548
2019/09/06/14:49:30.238155,9.03000545502
2019/09/06/14:49:30.241899,9.03040504456
2019/09/06/14:49:30.246204,9.03080463409
2019/09/06/14:49:30.250125,9.03120422363
2019/09/06/14:49:30.254204,9.03160381317
2019/09/06/14:49:30.258182,9.03200340271
2019/09/06/14:49:30.262328,9.03240299225
2019/09/06/14:49:30.266282,9.03280258179
2019/09/06/14:49:30.270359,9.03320217133
2019/09/06/14:49:30.274221,9.03360176086
2019/09/06/14:49:30.278159,9.0340013504
2019/09/06/14:49:30.282199,9.03440093994
2019/09/06/14:49:30.286074,9.03480052948
2019/09/06/14:49:30.290135,9.03520011902
2019/09/06/14:49:30.294179,9.03559970856
2019/09/06/14:49:30.298329,9.0359992981
2019/09/06/14:49:30.302160,9.03639888763
2019/09/06/14:49:30.306117,9.03679847717
2019/09/06/14:49:30.310139,9.03719806671
2019/09/06/14:49:30.314162,9.03759765625
2019/09/06/14:49:30.318225,9.03799724579
2019/09/06/14:49:30.322381,9.03839683533
2019/09/06/14:49:30.326186,9.03879642487
2019/09/06/14:49:30.330227,9.0391960144
2019/09/06/14:49:30.334401,9.03959560394
2019/09/06/14:49:30.338180,9.03999519348
2019/09/06/14:49:30.342021,9.04039478302
2019/09/06/14:49:30.346334,9.04079437256
2019/09/06/14:49:30.350120,9.0411939621
2019/09/06/14:49:30.354214,9.04159355164
2019/09/06/14:49:30.358118,9.04199314117
2019/09/06/14:49:30.362273,9.04239273071
2019/09/06/14:49:30.366212,9.04279232025
2019/09/06/14:49:30.370435,9.04319190979
2019/09/06/14:49:30.374166,9.04359149933
2019/09/06/14:49:30.378613,9.04399108887
2019/09/06/14:49:30.382189,9.04439067841
2019/09/06/14:49:30.386137,9.04479026794
2019/09/06/14:49:30.390194,9.04518985748
2019/09/06/14:49:30.394413,9.04558944702
2019/09/06/14:49:30.398211,9.04598903656
2019/09/06/14:49:30.402024,9.0463886261
2019/09/06/14:49:30.406109,9.04678821564
2019/09/06/14:49:30.410305,9.04718780518
2019/09/06/14:49:30.414085,9.04758739471
2019/09/06/14:49:30.418216,9.04798698425
2019/09/06/14:49:30.422207,9.04838657379
2019/09/06/14:49:30.426051,9.04878616333
2019/09/06/14:49:30.430100,9.04918575287
2019/09/06/14:49:30.434142,9.04958534241
2019/09/06/14:49:30.438556,9.04998493195
2019/09/06/14:49:30.442094,9.05038452148
2019/09/06/14:49:30.446062,9.05078411102
2019/09/06/14:49:30.450116,9.05118370056
2019/09/06/14:49:30.454058,9.0515832901
2019/09/06/14:49:30.458324,9.05198287964
2019/09/06/14:49:30.462087,9.05238246918
2019/09/06/14:49:30.466021,9.05278205872
2019/09/06/14:49:30.470322,9.05318164825
2019/09/06/14:49:30.474166,9.05358123779
2019/09/06/14:49:30.478217,9.05398082733
2019/09/06/14:49:30.481956,9.05438041687
2019/09/06/14:49:30.486128,9.05478000641
2019/09/06/14:49:30.490295,9.05517959595
2019/09/06/14:49:30.494349,9.05557918549
2019/09/06/14:49:30.498073,9.05597877502
2019/09/06/14:49:30.502027,9.05637836456
2019/09/06/14:49:30.506192,9.0567779541
2019/09/06/14:49:30.510242,9.05717754364
2019/09/06/14:49:30.514146,9.05757713318
2019/09/06/14:49:30.518202,9.05797672272
2019/09/06/14:49:30.522135,9.05837631226
2019/09/06/14:49:30.526139,9.05877590179
2019/09/06/14:49:30.530163,9.05917549133
2019/09/06/14:49:30.534061,9.05957508087
2019/09/06/14:49:30.538008,9.05997467041
2019/09/06/14:49:30.541995,9.06037425995
2019/09/06/14:49:30.545810,9.06077384949
2019/09/06/14:49:30.550133,9.06117343903
2019/09/06/14:49:30.554108,9.06157302856
2019/09/06/14:49:30.558026,9.0619726181
2019/09/06/14:49:30.562041,9.06237220764
2019/09/06/14:49:30.566149,9.06277179718
2019/09/06/14:49:30.570338,9.06317138672
2019/09/06/14:49:30.574198,9.06357097626
2019/09/06/14:49:30.578176,9.0639705658
2019/09/06/14:49:30.582147,9.06437015533
2019/09/06/14:49:30.586111,9.06476974487
2019/09/06/14:49:30.590325,9.06516933441
2019/09/06/14:49:30.594273,9.06556892395
2019/09/06/14:49:30.598317,9.06596851349
2019/09/06/14:49:30.602133,9.06636810303
2019/09/06/14:49:30.606122,9.06676769257
2019/09/06/14:49:30.610323,9.0671672821
2019/09/06/14:49:30.614208,9.06756687164
2019/09/06/14:49:30.618170,9.06796646118
2019/09/06/14:49:30.622111,9.06836605072
2019/09/06/14:49:30.626096,9.06876564026
2019/09/06/14:49:30.630088,9.0691652298
2019/09/06/14:49:30.634103,9.06956481934
2019/09/06/14:49:30.638161,9.06996440887
2019/09/06/14:49:30.642219,9.07036399841
2019/09/06/14:49:30.646597,9.07076358795
2019/09/06/14:49:30.650199,9.07116317749
2019/09/06/14:49:30.654047,9.07156276703
2019/09/06/14:49:30.658173,9.07196235657
2019/09/06/14:49:30.662218,9.07236194611
2019/09/06/14:49:30.666241,9.07276153564
2019/09/06/14:49:30.670116,9.07316112518
2019/09/06/14:49:30.674269,9.07356071472
2019/09/06/14:49:30.678127,9.07396030426
2019/09/06/14:49:30.682196,9.0743598938
2019/09/06/14:49:30.686219,9.07475948334
2019/09/06/14:49:30.690018,9.07515907288
2019/09/06/14:49:30.694049,9.07555866241
2019/09/06/14:49:30.698297,9.07595825195
2019/09/06/14:49:30.702328,9.07635784149
2019/09/06/14:49:30.706220,9.07675743103
2019/09/06/14:49:30.710267,9.07715702057
2019/09/06/14:49:30.714253,9.07755661011
2019/09/06/14:49:30.718244,9.07795619965
2019/09/06/14:49:30.722235,9.07835578918
2019/09/06/14:49:30.726231,9.07875537872
2019/09/06/14:49:30.730159,9.07915496826
2019/09/06/14:49:30.734246,9.0795545578
2019/09/06/14:49:30.738177,9.07995414734
2019/09/06/14:49:30.742029,9.08035373688
2019/09/06/14:49:30.746175,9.08075332642
2019/09/06/14:49:30.750006,9.08115291595
2019/09/06/14:49:30.754036,9.08155250549
2019/09/06/14:49:30.758000,9.08195209503
2019/09/06/14:49:30.762113,9.08235168457
2019/09/06/14:49:30.766236,9.08275127411
2019/09/06/14:49:30.770107,9.08315086365
2019/09/06/14:49:30.774004,9.08355045319
2019/09/06/14:49:30.778118,9.08395004272
2019/09/06/14:49:30.782266,9.08434963226
2019/09/06/14:49:30.786169,9.0847492218
2019/09/06/14:49:30.790030,9.08514881134
2019/09/06/14:49:30.794077,9.08554840088
2019/09/06/14:49:30.798020,9.08594799042
2019/09/06/14:49:30.802040,9.08634757996
2019/09/06/14:49:30.806143,9.08674716949
2019/09/06/14:49:30.809940,9.08714675903
2019/09/06/14:49:30.814011,9.08754634857
2019/09/06/14:49:30.817978,9.08794593811
2019/09/06/14:49:30.822097,9.08834552765
2019/09/06/14:49:30.825942,9.08874511719
2019/09/06/14:49:30.830084,9.08914470673
2019/09/06/14:49:30.834266,9.08954429626
2019/09/06/14:49:30.838213,9.0899438858
2019/09/06/14:49:30.842550,9.09034347534
2019/09/06/14:49:30.846074,9.09074306488
2019/09/06/14:49:30.850406,9.09114265442
2019/09/06/14:49:30.853979,9.09154224396
2019/09/06/14:49:30.858040,9.0919418335
2019/09/06/14:49:30.862022,9.09234142303
2019/09/06/14:49:30.866163,9.09274101257
2019/09/06/14:49:30.870091,9.09314060211
2019/09/06/14:49:30.874156,9.09354019165
2019/09/06/14:49:30.878207,9.09393978119
2019/09/06/14:49:30.882116,9.09433937073
2019/09/06/14:49:30.886091,9.09473896027
2019/09/06/14:49:30.889950,9.0951385498
2019/09/06/14:49:30.894186,9.09553813934
2019/09/06/14:49:30.898056,9.09593772888
2019/09/06/14:49:30.902483,9.09633731842
2019/09/06/14:49:30.906110,9.09673690796
2019/09/06/14:49:30.910185,9.0971364975
2019/09/06/14:49:30.914186,9.09753608704
2019/09/06/14:49:30.918257,9.09793567657
2019/09/06/14:49:30.922129,9.09833526611
2019/09/06/14:49:30.926131,9.09873485565
2019/09/06/14:49:30.930138,9.09913444519
2019/09/06/14:49:30.934110,9.09953403473
2019/09/06/14:49:30.938418,9.09993362427
2019/09/06/14:49:30.942228,9.10033321381
2019/09/06/14:49:30.946237,9.10073280334
2019/09/06/14:49:30.950160,9.10113239288
2019/09/06/14:49:30.954123,9.10153198242
2019/09/06/14:49:30.958229,9.10193157196
2019/09/06/14:49:30.962231,9.1023311615
2019/09/06/14:49:30.966178,9.10273075104
2019/09/06/14:49:30.970162,9.10313034058
2019/09/06/14:49:30.974177,9.10352993011
2019/09/06/14:49:30.978159,9.10392951965
2019/09/06/14:49:30.982240,9.10432910919
2019/09/06/14:49:30.986407,9.10472869873
2019/09/06/14:49:30.990062,9.10512828827
2019/09/06/14:49:30.994452,9.10552787781
2019/09/06/14:49:30.998457,9.10592746735
2019/09/06/14:49:31.002136,9.10632705688
2019/09/06/14:49:31.006084,9.10672664642
2019/09/06/14:49:31.010210,9.10712623596
2019/09/06/14:49:31.014056,9.1075258255
2019/09/06/14:49:31.018251,9.10792541504
2019/09/06/14:49:31.022150,9.10832500458
2019/09/06/14:49:31.026242,9.10872459412
2019/09/06/14:49:31.030309,9.10912418365
2019/09/06/14:49:31.034865,9.10952377319
2019/09/06/14:49:31.038160,9.10992336273
2019/09/06/14:49:31.042066,9.11032295227
2019/09/06/14:49:31.046231,9.11072254181
2019/09/06/14:49:31.050066,9.11112213135
2019/09/06/14:49:31.054234,9.11152172089
2019/09/06/14:49:31.058253,9.11192131042
2019/09/06/14:49:31.062327,9.11232089996
2019/09/06/14:49:31.066400,9.1127204895
2019/09/06/14:49:31.070088,9.11312007904
2019/09/06/14:49:31.074193,9.11351966858
2019/09/06/14:49:31.078330,9.11391925812
2019/09/06/14:49:31.082281,9.11431884766
2019/09/06/14:49:31.086115,9.11471843719
2019/09/06/14:49:31.090241,9.11511802673
2019/09/06/14:49:31.094216,9.11551761627
2019/09/06/14:49:31.098253,9.11591720581
2019/09/06/14:49:31.102297,9.11631679535
2019/09/06/14:49:31.106281,9.11671638489
2019/09/06/14:49:31.110175,9.11711597443
2019/09/06/14:49:31.114372,9.11751556396
2019/09/06/14:49:31.118423,9.1179151535
2019/09/06/14:49:31.122312,9.11831474304
2019/09/06/14:49:31.126224,9.11871433258
2019/09/06/14:49:31.130238,9.11911392212
2019/09/06/14:49:31.134374,9.11951351166
2019/09/06/14:49:31.138544,9.1199131012
2019/09/06/14:49:31.142382,9.12031269073
2019/09/06/14:49:31.146177,9.12071228027
2019/09/06/14:49:31.150162,9.12111186981
2019/09/06/14:49:31.154096,9.12151145935
2019/09/06/14:49:31.158177,9.12191104889
2019/09/06/14:49:31.162282,9.12231063843
2019/09/06/14:49:31.166242,9.12271022797
2019/09/06/14:49:31.170590,9.1231098175
2019/09/06/14:49:31.174390,9.12350940704
2019/09/06/14:49:31.178410,9.12390899658
2019/09/06/14:49:31.182413,9.12430858612
2019/09/06/14:49:31.186114,9.12470817566
2019/09/06/14:49:31.190419,9.1251077652
2019/09/06/14:49:31.194094,9.12550735474
2019/09/06/14:49:31.198027,9.12590694427
2019/09/06/14:49:31.202046,9.12630653381
2019/09/06/14:49:31.206077,9.12670612335
2019/09/06/14:49:31.209992,9.12710571289
2019/09/06/14:49:31.214092,9.12750530243
2019/09/06/14:49:31.218306,9.12790489197
2019/09/06/14:49:31.221977,9.12830448151
2019/09/06/14:49:31.226045,9.12870407104
2019/09/06/14:49:31.230061,9.12910366058
2019/09/06/14:49:31.234119,9.12950325012
2019/09/06/14:49:31.238018,9.12990283966
2019/09/06/14:49:31.242087,9.1303024292
2019/09/06/14:49:31.246623,9.13070201874
2019/09/06/14:49:31.250301,9.13110160828
2019/09/06/14:49:31.254136,9.13150119781
2019/09/06/14:49:31.258246,9.13190078735
2019/09/06/14:49:31.262282,9.13230037689
2019/09/06/14:49:31.266256,9.13269996643
2019/09/06/14:49:31.270295,9.13309955597
2019/09/06/14:49:31.274289,9.13349914551
2019/09/06/14:49:31.278322,9.13389873505
2019/09/06/14:49:31.282153,9.13429832458
2019/09/06/14:49:31.286250,9.13469791412
2019/09/06/14:49:31.290421,9.13509750366
2019/09/06/14:49:31.294406,9.1354970932
2019/09/06/14:49:31.298103,9.13589668274
2019/09/06/14:49:31.302202,9.13629627228
2019/09/06/14:49:31.306348,9.13669586182
2019/09/06/14:49:31.310188,9.13709545135
2019/09/06/14:49:31.314209,9.13749504089
2019/09/06/14:49:31.318288,9.13789463043
2019/09/06/14:49:31.322197,9.13829421997
2019/09/06/14:49:31.326327,9.13869380951
2019/09/06/14:49:31.330328,9.13909339905
2019/09/06/14:49:31.334285,9.13949298859
2019/09/06/14:49:31.338349,9.13989257812
2019/09/06/14:49:31.342119,9.14029216766
2019/09/06/14:49:31.346162,9.1406917572
2019/09/06/14:49:31.350275,9.14109134674
2019/09/06/14:49:31.354272,9.14149093628
2019/09/06/14:49:31.358067,9.14189052582
2019/09/06/14:49:31.362206,9.14229011536
2019/09/06/14:49:31.366307,9.1426897049
2019/09/06/14:49:31.370229,9.14308929443
2019/09/06/14:49:31.374134,9.14348888397
2019/09/06/14:49:31.378131,9.14388847351
2019/09/06/14:49:31.381990,9.14428806305
2019/09/06/14:49:31.386094,9.14468765259
2019/09/06/14:49:31.390229,9.14508724213
2019/09/06/14:49:31.394223,9.14548683167
2019/09/06/14:49:31.398005,9.1458864212
2019/09/06/14:49:31.402081,9.14628601074
2019/09/06/14:49:31.406065,9.14668560028
2019/09/06/14:49:31.410162,9.14708518982
2019/09/06/14:49:31.414142,9.14748477936
2019/09/06/14:49:31.418003,9.1478843689
2019/09/06/14:49:31.422091,9.14828395844
2019/09/06/14:49:31.426058,9.14868354797
2019/09/06/14:49:31.430175,9.14908313751
2019/09/06/14:49:31.434180,9.14948272705
2019/09/06/14:49:31.438154,9.14988231659
2019/09/06/14:49:31.442438,9.15028190613
2019/09/06/14:49:31.446168,9.15068149567
2019/09/06/14:49:31.450095,9.15108108521
2019/09/06/14:49:31.454095,9.15148067474
2019/09/06/14:49:31.458165,9.15188026428
2019/09/06/14:49:31.462150,9.15227985382
2019/09/06/14:49:31.466077,9.15267944336
2019/09/06/14:49:31.470083,9.1530790329
2019/09/06/14:49:31.474099,9.15347862244
2019/09/06/14:49:31.478198,9.15387821198
2019/09/06/14:49:31.482256,9.15427780151
2019/09/06/14:49:31.486203,9.15467739105
2019/09/06/14:49:31.490205,9.15507698059
2019/09/06/14:49:31.494240,9.15547657013
2019/09/06/14:49:31.498048,9.15587615967
2019/09/06/14:49:31.502133,9.15627574921
2019/09/06/14:49:31.506407,9.15667533875
2019/09/06/14:49:31.510221,9.15707492828
2019/09/06/14:49:31.514086,9.15747451782
2019/09/06/14:49:31.518303,9.15787410736
2019/09/06/14:49:31.522431,9.1582736969
2019/09/06/14:49:31.526283,9.15867328644
2019/09/06/14:49:31.530171,9.15907287598
2019/09/06/14:49:31.534125,9.15947246552
2019/09/06/14:49:31.537958,9.15987205505
2019/09/06/14:49:31.542144,9.16027164459
2019/09/06/14:49:31.546101,9.16067123413
2019/09/06/14:49:31.550440,9.16107082367
2019/09/06/14:49:31.554141,9.16147041321
2019/09/06/14:49:31.558154,9.16187000275
2019/09/06/14:49:31.562181,9.16226959229
2019/09/06/14:49:31.566530,9.16266918182
2019/09/06/14:49:31.570291,9.16306877136
2019/09/06/14:49:31.574243,9.1634683609
2019/09/06/14:49:31.578257,9.16386795044
2019/09/06/14:49:31.582127,9.16426753998
2019/09/06/14:49:31.586310,9.16466712952
2019/09/06/14:49:31.590176,9.16506671906
2019/09/06/14:49:31.594247,9.16546630859
2019/09/06/14:49:31.598231,9.16586589813
2019/09/06/14:49:31.602217,9.16626548767
2019/09/06/14:49:31.606212,9.16666507721
2019/09/06/14:49:31.610203,9.16706466675
2019/09/06/14:49:31.614071,9.16746425629
2019/09/06/14:49:31.618083,9.16786384583
2019/09/06/14:49:31.622248,9.16826343536
2019/09/06/14:49:31.626162,9.1686630249
2019/09/06/14:49:31.630132,9.16906261444
2019/09/06/14:49:31.634378,9.16946220398
2019/09/06/14:49:31.638216,9.16986179352
2019/09/06/14:49:31.642164,9.17026138306
2019/09/06/14:49:31.646267,9.1706609726
2019/09/06/14:49:31.650193,9.17106056213
2019/09/06/14:49:31.654169,9.17146015167
2019/09/06/14:49:31.658258,9.17185974121
2019/09/06/14:49:31.662168,9.17225933075
2019/09/06/14:49:31.666189,9.17265892029
2019/09/06/14:49:31.670479,9.17305850983
2019/09/06/14:49:31.674238,9.17345809937
2019/09/06/14:49:31.678298,9.1738576889
2019/09/06/14:49:31.682314,9.17425727844
2019/09/06/14:49:31.686459,9.17465686798
2019/09/06/14:49:31.690243,9.17505645752
2019/09/06/14:49:31.694177,9.17545604706
2019/09/06/14:49:31.698550,9.1758556366
2019/09/06/14:49:31.702272,9.17625522614
2019/09/06/14:49:31.706161,9.17665481567
2019/09/06/14:49:31.710264,9.17705440521
2019/09/06/14:49:31.714226,9.17745399475
2019/09/06/14:49:31.718494,9.17785358429
2019/09/06/14:49:31.722221,9.17825317383
2019/09/06/14:49:31.726472,9.17865276337
2019/09/06/14:49:31.730275,9.17905235291
2019/09/06/14:49:31.734219,9.17945194244
2019/09/06/14:49:31.738606,9.17985153198
2019/09/06/14:49:31.742185,9.18025112152
2019/09/06/14:49:31.745816,9.18065071106
2019/09/06/14:49:31.750119,9.1810503006
2019/09/06/14:49:31.754093,9.18144989014
2019/09/06/14:49:31.758152,9.18184947968
2019/09/06/14:49:31.762218,9.18224906921
2019/09/06/14:49:31.766229,9.18264865875
2019/09/06/14:49:31.770255,9.18304824829
2019/09/06/14:49:31.774040,9.18344783783
2019/09/06/14:49:31.778588,9.18384742737
2019/09/06/14:49:31.782209,9.18424701691
2019/09/06/14:49:31.786522,9.18464660645
2019/09/06/14:49:31.790376,9.18504619598
2019/09/06/14:49:31.794157,9.18544578552
2019/09/06/14:49:31.798119,9.18584537506
2019/09/06/14:49:31.802127,9.1862449646
2019/09/06/14:49:31.806402,9.18664455414
2019/09/06/14:49:31.809933,9.18704414368
2019/09/06/14:49:31.814132,9.18744373322
2019/09/06/14:49:31.818129,9.18784332275
2019/09/06/14:49:31.822192,9.18824291229
2019/09/06/14:49:31.826141,9.18864250183
2019/09/06/14:49:31.830268,9.18904209137
2019/09/06/14:49:31.834151,9.18944168091
2019/09/06/14:49:31.838096,9.18984127045
2019/09/06/14:49:31.842451,9.19024085999
2019/09/06/14:49:31.846285,9.19064044952
2019/09/06/14:49:31.850263,9.19104003906
2019/09/06/14:49:31.854173,9.1914396286
2019/09/06/14:49:31.858222,9.19183921814
2019/09/06/14:49:31.861963,9.19223880768
2019/09/06/14:49:31.866015,9.19263839722
2019/09/06/14:49:31.870000,9.19303798676
2019/09/06/14:49:31.874037,9.19343757629
2019/09/06/14:49:31.878288,9.19383716583
2019/09/06/14:49:31.881951,9.19423675537
2019/09/06/14:49:31.886194,9.19463634491
2019/09/06/14:49:31.890018,9.19503593445
2019/09/06/14:49:31.894191,9.19543552399
2019/09/06/14:49:31.898139,9.19583511353
2019/09/06/14:49:31.902127,9.19623470306
2019/09/06/14:49:31.906296,9.1966342926
2019/09/06/14:49:31.910152,9.19703388214
2019/09/06/14:49:31.914235,9.19743347168
2019/09/06/14:49:31.918207,9.19783306122
2019/09/06/14:49:31.922155,9.19823265076
2019/09/06/14:49:31.926178,9.1986322403
2019/09/06/14:49:31.930292,9.19903182983
2019/09/06/14:49:31.934081,9.19943141937
2019/09/06/14:49:31.938379,9.19983100891
2019/09/06/14:49:31.942166,9.20023059845
2019/09/06/14:49:31.946263,9.20063018799
2019/09/06/14:49:31.950012,9.20102977753
2019/09/06/14:49:31.954152,9.20142936707
2019/09/06/14:49:31.958012,9.2018289566
2019/09/06/14:49:31.961926,9.20222854614
2019/09/06/14:49:31.966000,9.20262813568
2019/09/06/14:49:31.969986,9.20302772522
2019/09/06/14:49:31.974050,9.20342731476
2019/09/06/14:49:31.978044,9.2038269043
2019/09/06/14:49:31.981981,9.20422649384
2019/09/06/14:49:31.985992,9.20462608337
2019/09/06/14:49:31.989909,9.20502567291
2019/09/06/14:49:31.994231,9.20542526245
2019/09/06/14:49:31.998350,9.20582485199
2019/09/06/14:49:32.002293,9.20622444153
2019/09/06/14:49:32.006113,9.20662403107
2019/09/06/14:49:32.010154,9.20702362061
2019/09/06/14:49:32.014268,9.20742321014
2019/09/06/14:49:32.018152,9.20782279968
2019/09/06/14:49:32.022378,9.20822238922
2019/09/06/14:49:32.026278,9.20862197876
2019/09/06/14:49:32.030144,9.2090215683
2019/09/06/14:49:32.034126,9.20942115784
2019/09/06/14:49:32.038145,9.20982074738
2019/09/06/14:49:32.042299,9.21022033691
2019/09/06/14:49:32.046424,9.21061992645
2019/09/06/14:49:32.050203,9.21101951599
2019/09/06/14:49:32.054131,9.21141910553
2019/09/06/14:49:32.058009,9.21181869507
2019/09/06/14:49:32.062292,9.21221828461
2019/09/06/14:49:32.066295,9.21261787415
2019/09/06/14:49:32.070224,9.21301746368
2019/09/06/14:49:32.074247,9.21341705322
2019/09/06/14:49:32.078122,9.21381664276
2019/09/06/14:49:32.082095,9.2142162323
2019/09/06/14:49:32.086196,9.21461582184
2019/09/06/14:49:32.090080,9.21501541138
2019/09/06/14:49:32.094272,9.21541500092
2019/09/06/14:49:32.098085,9.21581459045
2019/09/06/14:49:32.102245,9.21621417999
2019/09/06/14:49:32.106138,9.21661376953
2019/09/06/14:49:32.110189,9.21701335907
2019/09/06/14:49:32.114252,9.21741294861
2019/09/06/14:49:32.117948,9.21781253815
2019/09/06/14:49:32.122111,9.21821212769
2019/09/06/14:49:32.126225,9.21861171722
2019/09/06/14:49:32.130093,9.21901130676
2019/09/06/14:49:32.134066,9.2194108963
2019/09/06/14:49:32.138062,9.21981048584
2019/09/06/14:49:32.142093,9.22021007538
2019/09/06/14:49:32.145961,9.22060966492
2019/09/06/14:49:32.150374,9.22100925446
2019/09/06/14:49:32.154146,9.22140884399
2019/09/06/14:49:32.158157,9.22180843353
2019/09/06/14:49:32.162291,9.22220802307
2019/09/06/14:49:32.166158,9.22260761261
2019/09/06/14:49:32.170314,9.22300720215
2019/09/06/14:49:32.174152,9.22340679169
2019/09/06/14:49:32.178203,9.22380638123
2019/09/06/14:49:32.182380,9.22420597076
2019/09/06/14:49:32.186247,9.2246055603
2019/09/06/14:49:32.190157,9.22500514984
2019/09/06/14:49:32.194118,9.22540473938
2019/09/06/14:49:32.198252,9.22580432892
2019/09/06/14:49:32.202209,9.22620391846
2019/09/06/14:49:32.206171,9.226603508
2019/09/06/14:49:32.210162,9.22700309753
2019/09/06/14:49:32.214163,9.22740268707
2019/09/06/14:49:32.218235,9.22780227661
2019/09/06/14:49:32.222188,9.22820186615
2019/09/06/14:49:32.226450,9.22860145569
2019/09/06/14:49:32.230179,9.22900104523
2019/09/06/14:49:32.234159,9.22940063477
2019/09/06/14:49:32.238359,9.2298002243
2019/09/06/14:49:32.242264,9.23019981384
2019/09/06/14:49:32.246124,9.23059940338
2019/09/06/14:49:32.250241,9.23099899292
2019/09/06/14:49:32.254203,9.23139858246
2019/09/06/14:49:32.258373,9.231798172
2019/09/06/14:49:32.262265,9.23219776154
2019/09/06/14:49:32.266512,9.23259735107
2019/09/06/14:49:32.270167,9.23299694061
2019/09/06/14:49:32.274282,9.23339653015
2019/09/06/14:49:32.278086,9.23379611969
2019/09/06/14:49:32.282478,9.23419570923
2019/09/06/14:49:32.286125,9.23459529877
2019/09/06/14:49:32.290188,9.23499488831
2019/09/06/14:49:32.294090,9.23539447784
2019/09/06/14:49:32.298187,9.23579406738
2019/09/06/14:49:32.302313,9.23619365692
2019/09/06/14:49:32.306262,9.23659324646
2019/09/06/14:49:32.310241,9.236992836
2019/09/06/14:49:32.314415,9.23739242554
2019/09/06/14:49:32.318187,9.23779201508
2019/09/06/14:49:32.322265,9.23819160461
2019/09/06/14:49:32.326546,9.23859119415
2019/09/06/14:49:32.330255,9.23899078369
2019/09/06/14:49:32.334180,9.23939037323
2019/09/06/14:49:32.338207,9.23978996277
2019/09/06/14:49:32.342385,9.24018955231
2019/09/06/14:49:32.346220,9.24058914185
2019/09/06/14:49:32.350194,9.24098873138
2019/09/06/14:49:32.354108,9.24138832092
2019/09/06/14:49:32.358158,9.24178791046
2019/09/06/14:49:32.362370,9.2421875
2019/09/06/14:49:32.366384,9.24258708954
2019/09/06/14:49:32.370127,9.24298667908
2019/09/06/14:49:32.374079,9.24338626862
2019/09/06/14:49:32.378161,9.24378585815
2019/09/06/14:49:32.382210,9.24418544769
2019/09/06/14:49:32.386306,9.24458503723
2019/09/06/14:49:32.389991,9.24498462677
2019/09/06/14:49:32.394207,9.24538421631
2019/09/06/14:49:32.398129,9.24578380585
2019/09/06/14:49:32.402126,9.24618339539
2019/09/06/14:49:32.406192,9.24658298492
2019/09/06/14:49:32.410257,9.24698257446
2019/09/06/14:49:32.414175,9.247382164
2019/09/06/14:49:32.418321,9.24778175354
2019/09/06/14:49:32.422329,9.24818134308
2019/09/06/14:49:32.426323,9.24858093262
2019/09/06/14:49:32.430194,9.24898052216
2019/09/06/14:49:32.434191,9.24938011169
2019/09/06/14:49:32.438227,9.24977970123
2019/09/06/14:49:32.442055,9.25017929077
2019/09/06/14:49:32.446216,9.25057888031
2019/09/06/14:49:32.450218,9.25097846985
2019/09/06/14:49:32.454212,9.25137805939
2019/09/06/14:49:32.458240,9.25177764893
2019/09/06/14:49:32.462333,9.25217723846
2019/09/06/14:49:32.466303,9.252576828
2019/09/06/14:49:32.470152,9.25297641754
2019/09/06/14:49:32.474225,9.25337600708
2019/09/06/14:49:32.477950,9.25377559662
2019/09/06/14:49:32.482061,9.25417518616
2019/09/06/14:49:32.486397,9.2545747757
2019/09/06/14:49:32.490083,9.25497436523
2019/09/06/14:49:32.494105,9.25537395477
2019/09/06/14:49:32.498076,9.25577354431
2019/09/06/14:49:32.502017,9.25617313385
2019/09/06/14:49:32.506032,9.25657272339
2019/09/06/14:49:32.510403,9.25697231293
2019/09/06/14:49:32.514310,9.25737190247
2019/09/06/14:49:32.518188,9.257771492
2019/09/06/14:49:32.522080,9.25817108154
2019/09/06/14:49:32.526150,9.25857067108
2019/09/06/14:49:32.530131,9.25897026062
2019/09/06/14:49:32.534097,9.25936985016
2019/09/06/14:49:32.538216,9.2597694397
2019/09/06/14:49:32.541957,9.26016902924
2019/09/06/14:49:32.546183,9.26056861877
2019/09/06/14:49:32.550062,9.26096820831
2019/09/06/14:49:32.554476,9.26136779785
2019/09/06/14:49:32.558088,9.26176738739
2019/09/06/14:49:32.562206,9.26216697693
2019/09/06/14:49:32.566082,9.26256656647
2019/09/06/14:49:32.570189,9.26296615601
2019/09/06/14:49:32.574239,9.26336574554
2019/09/06/14:49:32.577981,9.26376533508
2019/09/06/14:49:32.582081,9.26416492462
2019/09/06/14:49:32.586210,9.26456451416
2019/09/06/14:49:32.591459,9.2649641037
2019/09/06/14:49:32.594448,9.26536369324
2019/09/06/14:49:32.598266,9.26576328278
2019/09/06/14:49:32.602195,9.26616287231
2019/09/06/14:49:32.606208,9.26656246185
2019/09/06/14:49:32.610258,9.26696205139
2019/09/06/14:49:32.614128,9.26736164093
2019/09/06/14:49:32.618318,9.26776123047
2019/09/06/14:49:32.622123,9.26816082001
2019/09/06/14:49:32.626239,9.26856040955
2019/09/06/14:49:32.630282,9.26895999908
2019/09/06/14:49:32.634130,9.26935958862
2019/09/06/14:49:32.638144,9.26975917816
2019/09/06/14:49:32.642219,9.2701587677
2019/09/06/14:49:32.645784,9.27055835724
2019/09/06/14:49:32.649952,9.27095794678
2019/09/06/14:49:32.654118,9.27135753632
2019/09/06/14:49:32.658138,9.27175712585
2019/09/06/14:49:32.662775,9.27215671539
2019/09/06/14:49:32.666342,9.27255630493
2019/09/06/14:49:32.670084,9.27295589447
2019/09/06/14:49:32.674178,9.27335548401
2019/09/06/14:49:32.678168,9.27375507355
2019/09/06/14:49:32.682428,9.27415466309
2019/09/06/14:49:32.686452,9.27455425262
2019/09/06/14:49:32.690234,9.27495384216
2019/09/06/14:49:32.694103,9.2753534317
2019/09/06/14:49:32.698201,9.27575302124
2019/09/06/14:49:32.702218,9.27615261078
2019/09/06/14:49:32.706452,9.27655220032
2019/09/06/14:49:32.710124,9.27695178986
2019/09/06/14:49:32.714341,9.27735137939
2019/09/06/14:49:32.718389,9.27775096893
2019/09/06/14:49:32.722245,9.27815055847
2019/09/06/14:49:32.726250,9.27855014801
2019/09/06/14:49:32.730125,9.27894973755
2019/09/06/14:49:32.734155,9.27934932709
2019/09/06/14:49:32.738179,9.27974891663
2019/09/06/14:49:32.742369,9.28014850616
2019/09/06/14:49:32.746305,9.2805480957
2019/09/06/14:49:32.750176,9.28094768524
2019/09/06/14:49:32.754098,9.28134727478
2019/09/06/14:49:32.757997,9.28174686432
2019/09/06/14:49:32.762149,9.28214645386
2019/09/06/14:49:32.766359,9.2825460434
2019/09/06/14:49:32.770143,9.28294563293
2019/09/06/14:49:32.774121,9.28334522247
2019/09/06/14:49:32.778013,9.28374481201
2019/09/06/14:49:32.782301,9.28414440155
2019/09/06/14:49:32.786087,9.28454399109
2019/09/06/14:49:32.789919,9.28494358063
2019/09/06/14:49:32.794213,9.28534317017
2019/09/06/14:49:32.798348,9.2857427597
2019/09/06/14:49:32.802160,9.28614234924
2019/09/06/14:49:32.806071,9.28654193878
2019/09/06/14:49:32.810068,9.28694152832
2019/09/06/14:49:32.814296,9.28734111786
2019/09/06/14:49:32.818197,9.2877407074
2019/09/06/14:49:32.822158,9.28814029694
2019/09/06/14:49:32.826304,9.28853988647
2019/09/06/14:49:32.830361,9.28893947601
2019/09/06/14:49:32.834318,9.28933906555
2019/09/06/14:49:32.838322,9.28973865509
2019/09/06/14:49:32.842250,9.29013824463
2019/09/06/14:49:32.846186,9.29053783417
2019/09/06/14:49:32.849978,9.29093742371
2019/09/06/14:49:32.854136,9.29133701324
2019/09/06/14:49:32.858123,9.29173660278
2019/09/06/14:49:32.861977,9.29213619232
2019/09/06/14:49:32.866128,9.29253578186
2019/09/06/14:49:32.870131,9.2929353714
2019/09/06/14:49:32.874044,9.29333496094
2019/09/06/14:49:32.878145,9.29373455048
2019/09/06/14:49:32.882134,9.29413414001
2019/09/06/14:49:32.886116,9.29453372955
2019/09/06/14:49:32.889859,9.29493331909
2019/09/06/14:49:32.894097,9.29533290863
2019/09/06/14:49:32.898136,9.29573249817
2019/09/06/14:49:32.902273,9.29613208771
2019/09/06/14:49:32.906154,9.29653167725
2019/09/06/14:49:32.910144,9.29693126678
2019/09/06/14:49:32.914098,9.29733085632
2019/09/06/14:49:32.918137,9.29773044586
2019/09/06/14:49:32.922265,9.2981300354
2019/09/06/14:49:32.926088,9.29852962494
2019/09/06/14:49:32.930080,9.29892921448
2019/09/06/14:49:32.934206,9.29932880402
2019/09/06/14:49:32.938221,9.29972839355
2019/09/06/14:49:32.942535,9.30012798309
2019/09/06/14:49:32.946133,9.30052757263
2019/09/06/14:49:32.950018,9.30092716217
2019/09/06/14:49:32.953999,9.30132675171
2019/09/06/14:49:32.958084,9.30172634125
2019/09/06/14:49:32.962196,9.30212593079
2019/09/06/14:49:32.965944,9.30252552032
2019/09/06/14:49:32.969928,9.30292510986
2019/09/06/14:49:32.973982,9.3033246994
2019/09/06/14:49:32.978023,9.30372428894
2019/09/06/14:49:32.981990,9.30412387848
2019/09/06/14:49:32.986158,9.30452346802
2019/09/06/14:49:32.990147,9.30492305756
2019/09/06/14:49:32.994112,9.30532264709
2019/09/06/14:49:32.998040,9.30572223663
2019/09/06/14:49:33.002004,9.30612182617
2019/09/06/14:49:33.006346,9.30652141571
2019/09/06/14:49:33.010339,9.30692100525
2019/09/06/14:49:33.014353,9.30732059479
2019/09/06/14:49:33.018167,9.30772018433
2019/09/06/14:49:33.022108,9.30811977386
2019/09/06/14:49:33.026223,9.3085193634
2019/09/06/14:49:33.030162,9.30891895294
2019/09/06/14:49:33.034134,9.30931854248
2019/09/06/14:49:33.038106,9.30971813202
2019/09/06/14:49:33.042259,9.31011772156
2019/09/06/14:49:33.046259,9.3105173111
2019/09/06/14:49:33.050215,9.31091690063
2019/09/06/14:49:33.054233,9.31131649017
2019/09/06/14:49:33.058102,9.31171607971
2019/09/06/14:49:33.062089,9.31211566925
2019/09/06/14:49:33.066350,9.31251525879
2019/09/06/14:49:33.070361,9.31291484833
2019/09/06/14:49:33.074366,9.31331443787
2019/09/06/14:49:33.078266,9.3137140274
2019/09/06/14:49:33.082296,9.31411361694
2019/09/06/14:49:33.086152,9.31451320648
2019/09/06/14:49:33.090054,9.31491279602
2019/09/06/14:49:33.094027,9.31531238556
2019/09/06/14:49:33.098096,9.3157119751
2019/09/06/14:49:33.102183,9.31611156464
2019/09/06/14:49:33.106189,9.31651115417
2019/09/06/14:49:33.110349,9.31691074371
2019/09/06/14:49:33.114347,9.31731033325
2019/09/06/14:49:33.118230,9.31770992279
2019/09/06/14:49:33.122267,9.31810951233
2019/09/06/14:49:33.126122,9.31850910187
2019/09/06/14:49:33.130026,9.31890869141
2019/09/06/14:49:33.134120,9.31930828094
2019/09/06/14:49:33.138152,9.31970787048
2019/09/06/14:49:33.142248,9.32010746002
2019/09/06/14:49:33.146193,9.32050704956
2019/09/06/14:49:33.150316,9.3209066391
2019/09/06/14:49:33.154202,9.32130622864
2019/09/06/14:49:33.158248,9.32170581818
2019/09/06/14:49:33.162128,9.32210540771
2019/09/06/14:49:33.166177,9.32250499725
2019/09/06/14:49:33.170093,9.32290458679
2019/09/06/14:49:33.174095,9.32330417633
2019/09/06/14:49:33.178134,9.32370376587
2019/09/06/14:49:33.182225,9.32410335541
2019/09/06/14:49:33.186230,9.32450294495
2019/09/06/14:49:33.190103,9.32490253448
2019/09/06/14:49:33.194242,9.32530212402
2019/09/06/14:49:33.198148,9.32570171356
2019/09/06/14:49:33.202244,9.3261013031
2019/09/06/14:49:33.206051,9.32650089264
2019/09/06/14:49:33.210148,9.32690048218
2019/09/06/14:49:33.214377,9.32730007172
2019/09/06/14:49:33.218232,9.32769966125
2019/09/06/14:49:33.222190,9.32809925079
2019/09/06/14:49:33.226223,9.32849884033
2019/09/06/14:49:33.230142,9.32889842987
2019/09/06/14:49:33.234126,9.32929801941
2019/09/06/14:49:33.238329,9.32969760895
2019/09/06/14:49:33.242120,9.33009719849
2019/09/06/14:49:33.245898,9.33049678802
2019/09/06/14:49:33.250340,9.33089637756
2019/09/06/14:49:33.254294,9.3312959671
2019/09/06/14:49:33.258204,9.33169555664
2019/09/06/14:49:33.262100,9.33209514618
2019/09/06/14:49:33.266180,9.33249473572
2019/09/06/14:49:33.270483,9.33289432526
2019/09/06/14:49:33.274257,9.33329391479
2019/09/06/14:49:33.278374,9.33369350433
2019/09/06/14:49:33.282201,9.33409309387
2019/09/06/14:49:33.286161,9.33449268341
2019/09/06/14:49:33.290170,9.33489227295
2019/09/06/14:49:33.294152,9.33529186249
2019/09/06/14:49:33.298336,9.33569145203
2019/09/06/14:49:33.302198,9.33609104156
2019/09/06/14:49:33.306198,9.3364906311
2019/09/06/14:49:33.310268,9.33689022064
2019/09/06/14:49:33.314269,9.33728981018
2019/09/06/14:49:33.318423,9.33768939972
2019/09/06/14:49:33.322339,9.33808898926
2019/09/06/14:49:33.326281,9.3384885788
2019/09/06/14:49:33.330220,9.33888816833
2019/09/06/14:49:33.334273,9.33928775787
2019/09/06/14:49:33.338180,9.33968734741
2019/09/06/14:49:33.342214,9.34008693695
2019/09/06/14:49:33.346315,9.34048652649
2019/09/06/14:49:33.350248,9.34088611603
2019/09/06/14:49:33.354306,9.34128570557
2019/09/06/14:49:33.358317,9.3416852951
2019/09/06/14:49:33.362206,9.34208488464
2019/09/06/14:49:33.366220,9.34248447418
2019/09/06/14:49:33.370200,9.34288406372
2019/09/06/14:49:33.374195,9.34328365326
2019/09/06/14:49:33.378182,9.3436832428
2019/09/06/14:49:33.382260,9.34408283234
2019/09/06/14:49:33.386204,9.34448242188
2019/09/06/14:49:33.390135,9.34488201141
2019/09/06/14:49:33.394110,9.34528160095
2019/09/06/14:49:33.398192,9.34568119049
2019/09/06/14:49:33.402286,9.34608078003
2019/09/06/14:49:33.406188,9.34648036957
2019/09/06/14:49:33.410222,9.34687995911
2019/09/06/14:49:33.414237,9.34727954865
2019/09/06/14:49:33.418218,9.34767913818
2019/09/06/14:49:33.422438,9.34807872772
2019/09/06/14:49:33.426423,9.34847831726
2019/09/06/14:49:33.430429,9.3488779068
2019/09/06/14:49:33.434317,9.34927749634
2019/09/06/14:49:33.438278,9.34967708588
2019/09/06/14:49:33.442058,9.35007667542
2019/09/06/14:49:33.446133,9.35047626495
2019/09/06/14:49:33.450080,9.35087585449
2019/09/06/14:49:33.454361,9.35127544403
2019/09/06/14:49:33.458215,9.35167503357
2019/09/06/14:49:33.462273,9.35207462311
2019/09/06/14:49:33.466081,9.35247421265
2019/09/06/14:49:33.470206,9.35287380219
2019/09/06/14:49:33.474304,9.35327339172
2019/09/06/14:49:33.478297,9.35367298126
2019/09/06/14:49:33.482103,9.3540725708
2019/09/06/14:49:33.486354,9.35447216034
2019/09/06/14:49:33.489899,9.35487174988
2019/09/06/14:49:33.494530,9.35527133942
2019/09/06/14:49:33.498218,9.35567092896
2019/09/06/14:49:33.502322,9.35607051849
2019/09/06/14:49:33.506454,9.35647010803
2019/09/06/14:49:33.510283,9.35686969757
2019/09/06/14:49:33.514410,9.35726928711
2019/09/06/14:49:33.518257,9.35766887665
2019/09/06/14:49:33.522308,9.35806846619
2019/09/06/14:49:33.526397,9.35846805573
2019/09/06/14:49:33.530349,9.35886764526
2019/09/06/14:49:33.534067,9.3592672348
2019/09/06/14:49:33.538003,9.35966682434
2019/09/06/14:49:33.541948,9.36006641388
2019/09/06/14:49:33.546197,9.36046600342
2019/09/06/14:49:33.550366,9.36086559296
2019/09/06/14:49:33.554167,9.3612651825
2019/09/06/14:49:33.558177,9.36166477203
2019/09/06/14:49:33.562174,9.36206436157
2019/09/06/14:49:33.566221,9.36246395111
2019/09/06/14:49:33.570250,9.36286354065
2019/09/06/14:49:33.574231,9.36326313019
2019/09/06/14:49:33.578112,9.36366271973
2019/09/06/14:49:33.582101,9.36406230927
2019/09/06/14:49:33.586214,9.3644618988
2019/09/06/14:49:33.590154,9.36486148834
2019/09/06/14:49:33.594400,9.36526107788
2019/09/06/14:49:33.598023,9.36566066742
2019/09/06/14:49:33.602308,9.36606025696
2019/09/06/14:49:33.606080,9.3664598465
2019/09/06/14:49:33.610545,9.36685943604
2019/09/06/14:49:33.614277,9.36725902557
2019/09/06/14:49:33.618452,9.36765861511
2019/09/06/14:49:33.622228,9.36805820465
2019/09/06/14:49:33.626176,9.36845779419
2019/09/06/14:49:33.630134,9.36885738373
2019/09/06/14:49:33.634149,9.36925697327
2019/09/06/14:49:33.638233,9.36965656281
2019/09/06/14:49:33.642205,9.37005615234
2019/09/06/14:49:33.646156,9.37045574188
2019/09/06/14:49:33.650183,9.37085533142
2019/09/06/14:49:33.654103,9.37125492096
2019/09/06/14:49:33.658278,9.3716545105
2019/09/06/14:49:33.662248,9.37205410004
2019/09/06/14:49:33.666125,9.37245368958
2019/09/06/14:49:33.670239,9.37285327911
2019/09/06/14:49:33.674637,9.37325286865
2019/09/06/14:49:33.678265,9.37365245819
2019/09/06/14:49:33.682158,9.37405204773
2019/09/06/14:49:33.686256,9.37445163727
2019/09/06/14:49:33.689978,9.37485122681
2019/09/06/14:49:33.694170,9.37525081635
2019/09/06/14:49:33.698042,9.37565040588
2019/09/06/14:49:33.702144,9.37604999542
2019/09/06/14:49:33.706216,9.37644958496
2019/09/06/14:49:33.710161,9.3768491745
2019/09/06/14:49:33.714361,9.37724876404
2019/09/06/14:49:33.718116,9.37764835358
2019/09/06/14:49:33.722251,9.37804794312
2019/09/06/14:49:33.726217,9.37844753265
2019/09/06/14:49:33.730045,9.37884712219
2019/09/06/14:49:33.734172,9.37924671173
2019/09/06/14:49:33.738216,9.37964630127
2019/09/06/14:49:33.742266,9.38004589081
2019/09/06/14:49:33.746546,9.38044548035
2019/09/06/14:49:33.750218,9.38084506989
2019/09/06/14:49:33.754081,9.38124465942
2019/09/06/14:49:33.758130,9.38164424896
2019/09/06/14:49:33.762268,9.3820438385
2019/09/06/14:49:33.766266,9.38244342804
2019/09/06/14:49:33.770377,9.38284301758
2019/09/06/14:49:33.774182,9.38324260712
2019/09/06/14:49:33.778468,9.38364219666
2019/09/06/14:49:33.782273,9.38404178619
2019/09/06/14:49:33.786295,9.38444137573
2019/09/06/14:49:33.790092,9.38484096527
2019/09/06/14:49:33.794035,9.38524055481
2019/09/06/14:49:33.798064,9.38564014435
2019/09/06/14:49:33.802098,9.38603973389
2019/09/06/14:49:33.806229,9.38643932343
2019/09/06/14:49:33.810079,9.38683891296
2019/09/06/14:49:33.814067,9.3872385025
2019/09/06/14:49:33.818149,9.38763809204
2019/09/06/14:49:33.822104,9.38803768158
2019/09/06/14:49:33.826128,9.38843727112
2019/09/06/14:49:33.830064,9.38883686066
2019/09/06/14:49:33.834045,9.3892364502
2019/09/06/14:49:33.838076,9.38963603973
2019/09/06/14:49:33.842284,9.39003562927
2019/09/06/14:49:33.846311,9.39043521881
2019/09/06/14:49:33.850217,9.39083480835
2019/09/06/14:49:33.854079,9.39123439789
2019/09/06/14:49:33.858283,9.39163398743
2019/09/06/14:49:33.862374,9.39203357697
2019/09/06/14:49:33.866112,9.3924331665
2019/09/06/14:49:33.870275,9.39283275604
2019/09/06/14:49:33.874217,9.39323234558
2019/09/06/14:49:33.878228,9.39363193512
2019/09/06/14:49:33.882117,9.39403152466
2019/09/06/14:49:33.886270,9.3944311142
2019/09/06/14:49:33.890230,9.39483070374
2019/09/06/14:49:33.894255,9.39523029327
2019/09/06/14:49:33.898041,9.39562988281
2019/09/06/14:49:33.902181,9.39602947235
2019/09/06/14:49:33.906215,9.39642906189
2019/09/06/14:49:33.910174,9.39682865143
2019/09/06/14:49:33.914224,9.39722824097
2019/09/06/14:49:33.918156,9.39762783051
2019/09/06/14:49:33.922216,9.39802742004
2019/09/06/14:49:33.926146,9.39842700958
2019/09/06/14:49:33.930248,9.39882659912
2019/09/06/14:49:33.934286,9.39922618866
2019/09/06/14:49:33.938246,9.3996257782
2019/09/06/14:49:33.942158,9.40002536774
2019/09/06/14:49:33.946222,9.40042495728
2019/09/06/14:49:33.950181,9.40082454681
2019/09/06/14:49:33.954217,9.40122413635
2019/09/06/14:49:33.958336,9.40162372589
2019/09/06/14:49:33.962323,9.40202331543
2019/09/06/14:49:33.966079,9.40242290497
2019/09/06/14:49:33.970123,9.40282249451
2019/09/06/14:49:33.974241,9.40322208405
2019/09/06/14:49:33.978140,9.40362167358
2019/09/06/14:49:33.982017,9.40402126312
2019/09/06/14:49:33.986194,9.40442085266
2019/09/06/14:49:33.990109,9.4048204422
2019/09/06/14:49:33.994222,9.40522003174
2019/09/06/14:49:33.998281,9.40561962128
2019/09/06/14:49:34.002217,9.40601921082
2019/09/06/14:49:34.006318,9.40641880035
2019/09/06/14:49:34.010218,9.40681838989
2019/09/06/14:49:34.014204,9.40721797943
2019/09/06/14:49:34.018147,9.40761756897
2019/09/06/14:49:34.022261,9.40801715851
2019/09/06/14:49:34.026230,9.40841674805
2019/09/06/14:49:34.030307,9.40881633759
2019/09/06/14:49:34.034436,9.40921592712
2019/09/06/14:49:34.038356,9.40961551666
2019/09/06/14:49:34.042112,9.4100151062
2019/09/06/14:49:34.046430,9.41041469574
2019/09/06/14:49:34.050040,9.41081428528
2019/09/06/14:49:34.054061,9.41121387482
2019/09/06/14:49:34.057996,9.41161346436
2019/09/06/14:49:34.062041,9.41201305389
2019/09/06/14:49:34.066136,9.41241264343
2019/09/06/14:49:34.069900,9.41281223297
2019/09/06/14:49:34.074148,9.41321182251
2019/09/06/14:49:34.078025,9.41361141205
2019/09/06/14:49:34.082139,9.41401100159
2019/09/06/14:49:34.085959,9.41441059113
2019/09/06/14:49:34.090156,9.41481018066
2019/09/06/14:49:34.094116,9.4152097702
2019/09/06/14:49:34.098116,9.41560935974
2019/09/06/14:49:34.102236,9.41600894928
2019/09/06/14:49:34.106461,9.41640853882
2019/09/06/14:49:34.110249,9.41680812836
2019/09/06/14:49:34.114215,9.4172077179
2019/09/06/14:49:34.118232,9.41760730743
2019/09/06/14:49:34.122170,9.41800689697
2019/09/06/14:49:34.126529,9.41840648651
2019/09/06/14:49:34.130125,9.41880607605
2019/09/06/14:49:34.134260,9.41920566559
2019/09/06/14:49:34.138252,9.41960525513
2019/09/06/14:49:34.142187,9.42000484467
2019/09/06/14:49:34.146315,9.4204044342
2019/09/06/14:49:34.150167,9.42080402374
2019/09/06/14:49:34.154041,9.42120361328
2019/09/06/14:49:34.158214,9.42160320282
2019/09/06/14:49:34.162235,9.42200279236
2019/09/06/14:49:34.166188,9.4224023819
2019/09/06/14:49:34.170289,9.42280197144
2019/09/06/14:49:34.174047,9.42320156097
2019/09/06/14:49:34.178061,9.42360115051
2019/09/06/14:49:34.182180,9.42400074005
2019/09/06/14:49:34.186250,9.42440032959
2019/09/06/14:49:34.190390,9.42479991913
2019/09/06/14:49:34.194256,9.42519950867
2019/09/06/14:49:34.198430,9.42559909821
2019/09/06/14:49:34.202260,9.42599868774
2019/09/06/14:49:34.206192,9.42639827728
2019/09/06/14:49:34.210221,9.42679786682
2019/09/06/14:49:34.214277,9.42719745636
2019/09/06/14:49:34.218291,9.4275970459
2019/09/06/14:49:34.222251,9.42799663544
2019/09/06/14:49:34.226171,9.42839622498
2019/09/06/14:49:34.230120,9.42879581451
2019/09/06/14:49:34.234064,9.42919540405
2019/09/06/14:49:34.238169,9.42959499359
2019/09/06/14:49:34.242286,9.42999458313
2019/09/06/14:49:34.245786,9.43039417267
2019/09/06/14:49:34.250211,9.43079376221
2019/09/06/14:49:34.254253,9.43119335175
2019/09/06/14:49:34.258191,9.43159294128
2019/09/06/14:49:34.262343,9.43199253082
2019/09/06/14:49:34.266294,9.43239212036
2019/09/06/14:49:34.270232,9.4327917099
2019/09/06/14:49:34.274081,9.43319129944
2019/09/06/14:49:34.278405,9.43359088898
2019/09/06/14:49:34.282203,9.43399047852
2019/09/06/14:49:34.286177,9.43439006805
2019/09/06/14:49:34.290165,9.43478965759
2019/09/06/14:49:34.294130,9.43518924713
2019/09/06/14:49:34.298279,9.43558883667
2019/09/06/14:49:34.302259,9.43598842621
2019/09/06/14:49:34.306194,9.43638801575
2019/09/06/14:49:34.310122,9.43678760529
2019/09/06/14:49:34.314139,9.43718719482
2019/09/06/14:49:34.318154,9.43758678436
2019/09/06/14:49:34.322198,9.4379863739
2019/09/06/14:49:34.326258,9.43838596344
2019/09/06/14:49:34.330416,9.43878555298
2019/09/06/14:49:34.334386,9.43918514252
2019/09/06/14:49:34.338083,9.43958473206
2019/09/06/14:49:34.342421,9.43998432159
2019/09/06/14:49:34.346286,9.44038391113
2019/09/06/14:49:34.350365,9.44078350067
2019/09/06/14:49:34.354190,9.44118309021
2019/09/06/14:49:34.358420,9.44158267975
2019/09/06/14:49:34.362282,9.44198226929
2019/09/06/14:49:34.366162,9.44238185883
2019/09/06/14:49:34.370215,9.44278144836
2019/09/06/14:49:34.374194,9.4431810379
2019/09/06/14:49:34.378165,9.44358062744
2019/09/06/14:49:34.382182,9.44398021698
2019/09/06/14:49:34.386161,9.44437980652
2019/09/06/14:49:34.390194,9.44477939606
2019/09/06/14:49:34.394196,9.4451789856
2019/09/06/14:49:34.398321,9.44557857513
2019/09/06/14:49:34.402218,9.44597816467
2019/09/06/14:49:34.406097,9.44637775421
2019/09/06/14:49:34.410297,9.44677734375
2019/09/06/14:49:34.414249,9.44717693329
2019/09/06/14:49:34.418175,9.44757652283
2019/09/06/14:49:34.422036,9.44797611237
2019/09/06/14:49:34.426234,9.4483757019
2019/09/06/14:49:34.430268,9.44877529144
2019/09/06/14:49:34.434221,9.44917488098
2019/09/06/14:49:34.438257,9.44957447052
2019/09/06/14:49:34.442303,9.44997406006
2019/09/06/14:49:34.446180,9.4503736496
2019/09/06/14:49:34.450164,9.45077323914
2019/09/06/14:49:34.454473,9.45117282867
2019/09/06/14:49:34.458308,9.45157241821
2019/09/06/14:49:34.462000,9.45197200775
2019/09/06/14:49:34.466132,9.45237159729
2019/09/06/14:49:34.470371,9.45277118683
2019/09/06/14:49:34.474123,9.45317077637
2019/09/06/14:49:34.478041,9.45357036591
2019/09/06/14:49:34.482137,9.45396995544
2019/09/06/14:49:34.486221,9.45436954498
2019/09/06/14:49:34.490080,9.45476913452
2019/09/06/14:49:34.494066,9.45516872406
2019/09/06/14:49:34.498177,9.4555683136
2019/09/06/14:49:34.502321,9.45596790314
2019/09/06/14:49:34.506224,9.45636749268
2019/09/06/14:49:34.510169,9.45676708221
2019/09/06/14:49:34.514309,9.45716667175
2019/09/06/14:49:34.518183,9.45756626129
2019/09/06/14:49:34.522220,9.45796585083
2019/09/06/14:49:34.526338,9.45836544037
2019/09/06/14:49:34.530241,9.45876502991
2019/09/06/14:49:34.534525,9.45916461945
2019/09/06/14:49:34.538368,9.45956420898
2019/09/06/14:49:34.542139,9.45996379852
2019/09/06/14:49:34.546216,9.46036338806
2019/09/06/14:49:34.550146,9.4607629776
2019/09/06/14:49:34.554121,9.46116256714
2019/09/06/14:49:34.558018,9.46156215668
2019/09/06/14:49:34.562183,9.46196174622
2019/09/06/14:49:34.566420,9.46236133575
2019/09/06/14:49:34.570302,9.46276092529
2019/09/06/14:49:34.574221,9.46316051483
2019/09/06/14:49:34.578384,9.46356010437
2019/09/06/14:49:34.582278,9.46395969391
2019/09/06/14:49:34.586227,9.46435928345
2019/09/06/14:49:34.590147,9.46475887299
2019/09/06/14:49:34.594026,9.46515846252
2019/09/06/14:49:34.598149,9.46555805206
2019/09/06/14:49:34.602083,9.4659576416
2019/09/06/14:49:34.606257,9.46635723114
2019/09/06/14:49:34.610096,9.46675682068
2019/09/06/14:49:34.614148,9.46715641022
2019/09/06/14:49:34.618170,9.46755599976
2019/09/06/14:49:34.622188,9.46795558929
2019/09/06/14:49:34.626342,9.46835517883
2019/09/06/14:49:34.630254,9.46875476837
2019/09/06/14:49:34.634230,9.46915435791
2019/09/06/14:49:34.638182,9.46955394745
2019/09/06/14:49:34.642219,9.46995353699
2019/09/06/14:49:34.646068,9.47035312653
2019/09/06/14:49:34.650295,9.47075271606
2019/09/06/14:49:34.654223,9.4711523056
2019/09/06/14:49:34.658165,9.47155189514
2019/09/06/14:49:34.662210,9.47195148468
2019/09/06/14:49:34.666178,9.47235107422
2019/09/06/14:49:34.670270,9.47275066376
2019/09/06/14:49:34.674308,9.4731502533
2019/09/06/14:49:34.678160,9.47354984283
2019/09/06/14:49:34.682207,9.47394943237
2019/09/06/14:49:34.686187,9.47434902191
2019/09/06/14:49:34.690151,9.47474861145
2019/09/06/14:49:34.694055,9.47514820099
2019/09/06/14:49:34.698224,9.47554779053
2019/09/06/14:49:34.702174,9.47594738007
2019/09/06/14:49:34.706212,9.4763469696
2019/09/06/14:49:34.710077,9.47674655914
2019/09/06/14:49:34.714206,9.47714614868
2019/09/06/14:49:34.718144,9.47754573822
2019/09/06/14:49:34.722110,9.47794532776
2019/09/06/14:49:34.726107,9.4783449173
2019/09/06/14:49:34.730089,9.47874450684
2019/09/06/14:49:34.734173,9.47914409637
2019/09/06/14:49:34.738074,9.47954368591
2019/09/06/14:49:34.742147,9.47994327545
2019/09/06/14:49:34.746096,9.48034286499
2019/09/06/14:49:34.750277,9.48074245453
2019/09/06/14:49:34.754154,9.48114204407
2019/09/06/14:49:34.758132,9.48154163361
2019/09/06/14:49:34.762289,9.48194122314
2019/09/06/14:49:34.766249,9.48234081268
2019/09/06/14:49:34.770142,9.48274040222
2019/09/06/14:49:34.774276,9.48313999176
2019/09/06/14:49:34.778227,9.4835395813
2019/09/06/14:49:34.782469,9.48393917084
2019/09/06/14:49:34.786322,9.48433876038
2019/09/06/14:49:34.790209,9.48473834991
2019/09/06/14:49:34.794051,9.48513793945
2019/09/06/14:49:34.797898,9.48553752899
2019/09/06/14:49:34.802002,9.48593711853
2019/09/06/14:49:34.805970,9.48633670807
2019/09/06/14:49:34.810099,9.48673629761
2019/09/06/14:49:34.814057,9.48713588715
2019/09/06/14:49:34.817998,9.48753547668
2019/09/06/14:49:34.822136,9.48793506622
2019/09/06/14:49:34.826005,9.48833465576
2019/09/06/14:49:34.829934,9.4887342453
2019/09/06/14:49:34.833972,9.48913383484
2019/09/06/14:49:34.838023,9.48953342438
2019/09/06/14:49:34.841961,9.48993301392
2019/09/06/14:49:34.846616,9.49033260345
2019/09/06/14:49:34.850249,9.49073219299
2019/09/06/14:49:34.854245,9.49113178253
2019/09/06/14:49:34.858226,9.49153137207
2019/09/06/14:49:34.862383,9.49193096161
2019/09/06/14:49:34.866300,9.49233055115
2019/09/06/14:49:34.870196,9.49273014069
2019/09/06/14:49:34.874194,9.49312973022
2019/09/06/14:49:34.878211,9.49352931976
2019/09/06/14:49:34.882154,9.4939289093
2019/09/06/14:49:34.886272,9.49432849884
2019/09/06/14:49:34.890263,9.49472808838
2019/09/06/14:49:34.894150,9.49512767792
2019/09/06/14:49:34.898166,9.49552726746
2019/09/06/14:49:34.902205,9.49592685699
2019/09/06/14:49:34.906138,9.49632644653
2019/09/06/14:49:34.910279,9.49672603607
2019/09/06/14:49:34.914272,9.49712562561
2019/09/06/14:49:34.918120,9.49752521515
2019/09/06/14:49:34.922082,9.49792480469
2019/09/06/14:49:34.926217,9.49832439423
2019/09/06/14:49:34.930229,9.49872398376
2019/09/06/14:49:34.934117,9.4991235733
2019/09/06/14:49:34.938184,9.49952316284
2019/09/06/14:49:34.942195,9.49992275238
2019/09/06/14:49:34.946106,9.50032234192
2019/09/06/14:49:34.950097,9.50072193146
2019/09/06/14:49:34.954210,9.501121521
2019/09/06/14:49:34.958098,9.50152111053
2019/09/06/14:49:34.962183,9.50192070007
2019/09/06/14:49:34.966177,9.50232028961
2019/09/06/14:49:34.970117,9.50271987915
2019/09/06/14:49:34.974016,9.50311946869
2019/09/06/14:49:34.978208,9.50351905823
2019/09/06/14:49:34.982275,9.50391864777
2019/09/06/14:49:34.986234,9.5043182373
2019/09/06/14:49:34.989933,9.50471782684
2019/09/06/14:49:34.994193,9.50511741638
2019/09/06/14:49:34.998075,9.50551700592
2019/09/06/14:49:35.002083,9.50591659546
2019/09/06/14:49:35.006235,9.506316185
2019/09/06/14:49:35.010125,9.50671577454
2019/09/06/14:49:35.014224,9.50711536407
2019/09/06/14:49:35.018074,9.50751495361
2019/09/06/14:49:35.022342,9.50791454315
2019/09/06/14:49:35.026119,9.50831413269
2019/09/06/14:49:35.030253,9.50871372223
2019/09/06/14:49:35.034345,9.50911331177
2019/09/06/14:49:35.038350,9.50951290131
2019/09/06/14:49:35.042102,9.50991249084
2019/09/06/14:49:35.046244,9.51031208038
2019/09/06/14:49:35.050194,9.51071166992
2019/09/06/14:49:35.054412,9.51111125946
2019/09/06/14:49:35.058192,9.511510849
2019/09/06/14:49:35.062154,9.51191043854
2019/09/06/14:49:35.066156,9.51231002808
2019/09/06/14:49:35.070315,9.51270961761
2019/09/06/14:49:35.074249,9.51310920715
2019/09/06/14:49:35.078277,9.51350879669
2019/09/06/14:49:35.082169,9.51390838623
2019/09/06/14:49:35.086330,9.51430797577
2019/09/06/14:49:35.090092,9.51470756531
2019/09/06/14:49:35.094488,9.51510715485
2019/09/06/14:49:35.098239,9.51550674438
2019/09/06/14:49:35.102072,9.51590633392
2019/09/06/14:49:35.106129,9.51630592346
2019/09/06/14:49:35.110226,9.516705513
2019/09/06/14:49:35.114119,9.51710510254
2019/09/06/14:49:35.118147,9.51750469208
2019/09/06/14:49:35.122199,9.51790428162
2019/09/06/14:49:35.126284,9.51830387115
2019/09/06/14:49:35.130098,9.51870346069
2019/09/06/14:49:35.134153,9.51910305023
2019/09/06/14:49:35.138131,9.51950263977
2019/09/06/14:49:35.142250,9.51990222931
2019/09/06/14:49:35.146237,9.52030181885
2019/09/06/14:49:35.150078,9.52070140839
2019/09/06/14:49:35.154100,9.52110099792
2019/09/06/14:49:35.158207,9.52150058746
2019/09/06/14:49:35.162212,9.521900177
2019/09/06/14:49:35.166264,9.52229976654
2019/09/06/14:49:35.170105,9.52269935608
2019/09/06/14:49:35.174158,9.52309894562
2019/09/06/14:49:35.178271,9.52349853516
2019/09/06/14:49:35.182173,9.52389812469
2019/09/06/14:49:35.186328,9.52429771423
2019/09/06/14:49:35.190347,9.52469730377
2019/09/06/14:49:35.194223,9.52509689331
2019/09/06/14:49:35.198214,9.52549648285
2019/09/06/14:49:35.202134,9.52589607239
2019/09/06/14:49:35.206105,9.52629566193
2019/09/06/14:49:35.210278,9.52669525146
2019/09/06/14:49:35.214144,9.527094841
2019/09/06/14:49:35.218178,9.52749443054
2019/09/06/14:49:35.222357,9.52789402008
2019/09/06/14:49:35.226336,9.52829360962
2019/09/06/14:49:35.230385,9.52869319916
2019/09/06/14:49:35.234255,9.5290927887
2019/09/06/14:49:35.238250,9.52949237823
2019/09/06/14:49:35.242245,9.52989196777
2019/09/06/14:49:35.245818,9.53029155731
2019/09/06/14:49:35.250254,9.53069114685
2019/09/06/14:49:35.254077,9.53109073639
2019/09/06/14:49:35.258186,9.53149032593
2019/09/06/14:49:35.261911,9.53188991547
2019/09/06/14:49:35.266293,9.532289505
2019/09/06/14:49:35.270245,9.53268909454
2019/09/06/14:49:35.274313,9.53308868408
2019/09/06/14:49:35.278313,9.53348827362
2019/09/06/14:49:35.282035,9.53388786316
2019/09/06/14:49:35.286231,9.5342874527
2019/09/06/14:49:35.290275,9.53468704224
2019/09/06/14:49:35.294286,9.53508663177
2019/09/06/14:49:35.298214,9.53548622131
2019/09/06/14:49:35.302285,9.53588581085
2019/09/06/14:49:35.306056,9.53628540039
2019/09/06/14:49:35.310186,9.53668498993
2019/09/06/14:49:35.314176,9.53708457947
2019/09/06/14:49:35.318044,9.53748416901
2019/09/06/14:49:35.322177,9.53788375854
2019/09/06/14:49:35.326401,9.53828334808
2019/09/06/14:49:35.330102,9.53868293762
2019/09/06/14:49:35.334280,9.53908252716
2019/09/06/14:49:35.338150,9.5394821167
2019/09/06/14:49:35.342178,9.53988170624
2019/09/06/14:49:35.345999,9.54028129578
2019/09/06/14:49:35.350244,9.54068088531
2019/09/06/14:49:35.354227,9.54108047485
2019/09/06/14:49:35.358196,9.54148006439
2019/09/06/14:49:35.362291,9.54187965393
2019/09/06/14:49:35.366192,9.54227924347
2019/09/06/14:49:35.370182,9.54267883301
2019/09/06/14:49:35.374394,9.54307842255
2019/09/06/14:49:35.378250,9.54347801208
2019/09/06/14:49:35.382276,9.54387760162
2019/09/06/14:49:35.386125,9.54427719116
2019/09/06/14:49:35.390170,9.5446767807
2019/09/06/14:49:35.394294,9.54507637024
2019/09/06/14:49:35.398175,9.54547595978
2019/09/06/14:49:35.402257,9.54587554932
2019/09/06/14:49:35.406073,9.54627513885
2019/09/06/14:49:35.410148,9.54667472839
2019/09/06/14:49:35.414222,9.54707431793
2019/09/06/14:49:35.418225,9.54747390747
2019/09/06/14:49:35.422343,9.54787349701
2019/09/06/14:49:35.426119,9.54827308655
2019/09/06/14:49:35.430267,9.54867267609
2019/09/06/14:49:35.434316,9.54907226562
2019/09/06/14:49:35.438148,9.54947185516
2019/09/06/14:49:35.442262,9.5498714447
2019/09/06/14:49:35.446237,9.55027103424
2019/09/06/14:49:35.450181,9.55067062378
2019/09/06/14:49:35.454159,9.55107021332
2019/09/06/14:49:35.458244,9.55146980286
2019/09/06/14:49:35.462143,9.5518693924
2019/09/06/14:49:35.466244,9.55226898193
2019/09/06/14:49:35.470387,9.55266857147
2019/09/06/14:49:35.474435,9.55306816101
2019/09/06/14:49:35.478149,9.55346775055
2019/09/06/14:49:35.482434,9.55386734009
2019/09/06/14:49:35.486336,9.55426692963
2019/09/06/14:49:35.490203,9.55466651917
2019/09/06/14:49:35.494100,9.5550661087
2019/09/06/14:49:35.498248,9.55546569824
2019/09/06/14:49:35.502246,9.55586528778
2019/09/06/14:49:35.506346,9.55626487732
2019/09/06/14:49:35.510298,9.55666446686
2019/09/06/14:49:35.514165,9.5570640564
2019/09/06/14:49:35.518165,9.55746364594
2019/09/06/14:49:35.522214,9.55786323547
2019/09/06/14:49:35.526100,9.55826282501
2019/09/06/14:49:35.530026,9.55866241455
2019/09/06/14:49:35.534149,9.55906200409
2019/09/06/14:49:35.538454,9.55946159363
2019/09/06/14:49:35.542228,9.55986118317
2019/09/06/14:49:35.546067,9.56026077271
2019/09/06/14:49:35.550007,9.56066036224
2019/09/06/14:49:35.554008,9.56105995178
2019/09/06/14:49:35.558125,9.56145954132
2019/09/06/14:49:35.562060,9.56185913086
2019/09/06/14:49:35.566118,9.5622587204
2019/09/06/14:49:35.570120,9.56265830994
2019/09/06/14:49:35.574039,9.56305789948
2019/09/06/14:49:35.578136,9.56345748901
2019/09/06/14:49:35.582150,9.56385707855
2019/09/06/14:49:35.586399,9.56425666809
2019/09/06/14:49:35.590276,9.56465625763
2019/09/06/14:49:35.594237,9.56505584717
2019/09/06/14:49:35.598250,9.56545543671
2019/09/06/14:49:35.602024,9.56585502625
2019/09/06/14:49:35.606054,9.56625461578
2019/09/06/14:49:35.610041,9.56665420532
2019/09/06/14:49:35.614307,9.56705379486
2019/09/06/14:49:35.618474,9.5674533844
2019/09/06/14:49:35.622444,9.56785297394
2019/09/06/14:49:35.626191,9.56825256348
2019/09/06/14:49:35.630270,9.56865215302
2019/09/06/14:49:35.634235,9.56905174255
2019/09/06/14:49:35.638293,9.56945133209
2019/09/06/14:49:35.642108,9.56985092163
2019/09/06/14:49:35.646212,9.57025051117
2019/09/06/14:49:35.650317,9.57065010071
2019/09/06/14:49:35.654194,9.57104969025
2019/09/06/14:49:35.658173,9.57144927979
2019/09/06/14:49:35.662160,9.57184886932
2019/09/06/14:49:35.666324,9.57224845886
2019/09/06/14:49:35.669986,9.5726480484
2019/09/06/14:49:35.674120,9.57304763794
2019/09/06/14:49:35.678743,9.57344722748
2019/09/06/14:49:35.682267,9.57384681702
2019/09/06/14:49:35.686176,9.57424640656
2019/09/06/14:49:35.690127,9.57464599609
2019/09/06/14:49:35.694229,9.57504558563
2019/09/06/14:49:35.698057,9.57544517517
2019/09/06/14:49:35.702322,9.57584476471
2019/09/06/14:49:35.706470,9.57624435425
2019/09/06/14:49:35.710154,9.57664394379
2019/09/06/14:49:35.714415,9.57704353333
2019/09/06/14:49:35.718273,9.57744312286
2019/09/06/14:49:35.722407,9.5778427124
2019/09/06/14:49:35.725981,9.57824230194
2019/09/06/14:49:35.730294,9.57864189148
2019/09/06/14:49:35.734246,9.57904148102
2019/09/06/14:49:35.738180,9.57944107056
2019/09/06/14:49:35.742206,9.5798406601
2019/09/06/14:49:35.746187,9.58024024963
2019/09/06/14:49:35.750109,9.58063983917
2019/09/06/14:49:35.754111,9.58103942871
2019/09/06/14:49:35.758212,9.58143901825
2019/09/06/14:49:35.762241,9.58183860779
2019/09/06/14:49:35.766186,9.58223819733
2019/09/06/14:49:35.770139,9.58263778687
2019/09/06/14:49:35.774069,9.5830373764
2019/09/06/14:49:35.778138,9.58343696594
2019/09/06/14:49:35.782252,9.58383655548
2019/09/06/14:49:35.786124,9.58423614502
2019/09/06/14:49:35.790234,9.58463573456
2019/09/06/14:49:35.794249,9.5850353241
2019/09/06/14:49:35.798254,9.58543491364
2019/09/06/14:49:35.802359,9.58583450317
2019/09/06/14:49:35.806024,9.58623409271
2019/09/06/14:49:35.810115,9.58663368225
2019/09/06/14:49:35.814155,9.58703327179
2019/09/06/14:49:35.818089,9.58743286133
2019/09/06/14:49:35.822190,9.58783245087
2019/09/06/14:49:35.826281,9.58823204041
2019/09/06/14:49:35.830308,9.58863162994
2019/09/06/14:49:35.834107,9.58903121948
2019/09/06/14:49:35.838210,9.58943080902
2019/09/06/14:49:35.842204,9.58983039856
2019/09/06/14:49:35.845973,9.5902299881
2019/09/06/14:49:35.850312,9.59062957764
2019/09/06/14:49:35.854184,9.59102916718
2019/09/06/14:49:35.858154,9.59142875671
2019/09/06/14:49:35.862266,9.59182834625
2019/09/06/14:49:35.866211,9.59222793579
2019/09/06/14:49:35.870171,9.59262752533
2019/09/06/14:49:35.874247,9.59302711487
2019/09/06/14:49:35.878309,9.59342670441
2019/09/06/14:49:35.882246,9.59382629395
2019/09/06/14:49:35.886024,9.59422588348
2019/09/06/14:49:35.890114,9.59462547302
2019/09/06/14:49:35.894166,9.59502506256
2019/09/06/14:49:35.898096,9.5954246521
2019/09/06/14:49:35.902254,9.59582424164
2019/09/06/14:49:35.906127,9.59622383118
2019/09/06/14:49:35.910012,9.59662342072
2019/09/06/14:49:35.914283,9.59702301025
2019/09/06/14:49:35.918159,9.59742259979
2019/09/06/14:49:35.922221,9.59782218933
2019/09/06/14:49:35.926112,9.59822177887
2019/09/06/14:49:35.930176,9.59862136841
2019/09/06/14:49:35.934296,9.59902095795
2019/09/06/14:49:35.938207,9.59942054749
2019/09/06/14:49:35.942166,9.59982013702
2019/09/06/14:49:35.946114,9.60021972656
2019/09/06/14:49:35.950289,9.6006193161
2019/09/06/14:49:35.954124,9.60101890564
2019/09/06/14:49:35.958108,9.60141849518
2019/09/06/14:49:35.962076,9.60181808472
2019/09/06/14:49:35.966147,9.60221767426
2019/09/06/14:49:35.970333,9.60261726379
2019/09/06/14:49:35.974178,9.60301685333
2019/09/06/14:49:35.978163,9.60341644287
2019/09/06/14:49:35.982116,9.60381603241
2019/09/06/14:49:35.986131,9.60421562195
2019/09/06/14:49:35.990237,9.60461521149
2019/09/06/14:49:35.994257,9.60501480103
2019/09/06/14:49:35.998258,9.60541439056
2019/09/06/14:49:36.002278,9.6058139801
2019/09/06/14:49:36.006104,9.60621356964
2019/09/06/14:49:36.010131,9.60661315918
2019/09/06/14:49:36.014191,9.60701274872
2019/09/06/14:49:36.018125,9.60741233826
2019/09/06/14:49:36.022194,9.6078119278
2019/09/06/14:49:36.026099,9.60821151733
2019/09/06/14:49:36.030224,9.60861110687
2019/09/06/14:49:36.034204,9.60901069641
2019/09/06/14:49:36.038244,9.60941028595
2019/09/06/14:49:36.042091,9.60980987549
2019/09/06/14:49:36.046242,9.61020946503
2019/09/06/14:49:36.050118,9.61060905457
2019/09/06/14:49:36.054149,9.6110086441
2019/09/06/14:49:36.058187,9.61140823364
2019/09/06/14:49:36.062129,9.61180782318
2019/09/06/14:49:36.066102,9.61220741272
2019/09/06/14:49:36.070033,9.61260700226
2019/09/06/14:49:36.074266,9.6130065918
2019/09/06/14:49:36.078329,9.61340618134
2019/09/06/14:49:36.082232,9.61380577087
2019/09/06/14:49:36.086243,9.61420536041
2019/09/06/14:49:36.089990,9.61460494995
2019/09/06/14:49:36.093987,9.61500453949
2019/09/06/14:49:36.098226,9.61540412903
2019/09/06/14:49:36.102125,9.61580371857
2019/09/06/14:49:36.106128,9.61620330811
2019/09/06/14:49:36.110049,9.61660289764
2019/09/06/14:49:36.114270,9.61700248718
2019/09/06/14:49:36.118084,9.61740207672
2019/09/06/14:49:36.121978,9.61780166626
2019/09/06/14:49:36.126131,9.6182012558
2019/09/06/14:49:36.130217,9.61860084534
2019/09/06/14:49:36.134208,9.61900043488
2019/09/06/14:49:36.137936,9.61940002441
2019/09/06/14:49:36.142099,9.61979961395
2019/09/06/14:49:36.146134,9.62019920349
2019/09/06/14:49:36.150169,9.62059879303
2019/09/06/14:49:36.154045,9.62099838257
2019/09/06/14:49:36.158052,9.62139797211
2019/09/06/14:49:36.162195,9.62179756165
2019/09/06/14:49:36.166208,9.62219715118
2019/09/06/14:49:36.170045,9.62259674072
2019/09/06/14:49:36.174368,9.62299633026
2019/09/06/14:49:36.178128,9.6233959198
2019/09/06/14:49:36.182031,9.62379550934
2019/09/06/14:49:36.186028,9.62419509888
2019/09/06/14:49:36.190136,9.62459468842
2019/09/06/14:49:36.194149,9.62499427795
2019/09/06/14:49:36.197990,9.62539386749
2019/09/06/14:49:36.202122,9.62579345703
2019/09/06/14:49:36.206050,9.62619304657
2019/09/06/14:49:36.210064,9.62659263611
2019/09/06/14:49:36.214124,9.62699222565
2019/09/06/14:49:36.218275,9.62739181519
2019/09/06/14:49:36.222172,9.62779140472
2019/09/06/14:49:36.226102,9.62819099426
2019/09/06/14:49:36.230099,9.6285905838
2019/09/06/14:49:36.234173,9.62899017334
2019/09/06/14:49:36.238143,9.62938976288
2019/09/06/14:49:36.242153,9.62978935242
2019/09/06/14:49:36.245952,9.63018894196
2019/09/06/14:49:36.249981,9.63058853149
2019/09/06/14:49:36.254020,9.63098812103
2019/09/06/14:49:36.257956,9.63138771057
2019/09/06/14:49:36.261872,9.63178730011
2019/09/06/14:49:36.265905,9.63218688965
2019/09/06/14:49:36.269949,9.63258647919
2019/09/06/14:49:36.274098,9.63298606873
2019/09/06/14:49:36.277981,9.63338565826
2019/09/06/14:49:36.282231,9.6337852478
2019/09/06/14:49:36.286057,9.63418483734
2019/09/06/14:49:36.290050,9.63458442688
2019/09/06/14:49:36.293858,9.63498401642
2019/09/06/14:49:36.297908,9.63538360596
2019/09/06/14:49:36.302145,9.6357831955
2019/09/06/14:49:36.306139,9.63618278503
2019/09/06/14:49:36.310151,9.63658237457
2019/09/06/14:49:36.314137,9.63698196411
2019/09/06/14:49:36.318292,9.63738155365
2019/09/06/14:49:36.322401,9.63778114319
2019/09/06/14:49:36.326269,9.63818073273
2019/09/06/14:49:36.330221,9.63858032227
2019/09/06/14:49:36.334179,9.6389799118
2019/09/06/14:49:36.338246,9.63937950134
2019/09/06/14:49:36.342132,9.63977909088
2019/09/06/14:49:36.345872,9.64017868042
2019/09/06/14:49:36.350183,9.64057826996
2019/09/06/14:49:36.354146,9.6409778595
2019/09/06/14:49:36.358104,9.64137744904
2019/09/06/14:49:36.362104,9.64177703857
2019/09/06/14:49:36.366126,9.64217662811
2019/09/06/14:49:36.370291,9.64257621765
2019/09/06/14:49:36.374227,9.64297580719
2019/09/06/14:49:36.378152,9.64337539673
2019/09/06/14:49:36.382125,9.64377498627
2019/09/06/14:49:36.386369,9.64417457581
2019/09/06/14:49:36.390247,9.64457416534
2019/09/06/14:49:36.394153,9.64497375488
2019/09/06/14:49:36.398168,9.64537334442
2019/09/06/14:49:36.402138,9.64577293396
2019/09/06/14:49:36.406274,9.6461725235
2019/09/06/14:49:36.410101,9.64657211304
2019/09/06/14:49:36.414139,9.64697170258
2019/09/06/14:49:36.418262,9.64737129211
2019/09/06/14:49:36.422361,9.64777088165
2019/09/06/14:49:36.426084,9.64817047119
2019/09/06/14:49:36.430160,9.64857006073
2019/09/06/14:49:36.434239,9.64896965027
2019/09/06/14:49:36.438233,9.64936923981
2019/09/06/14:49:36.442258,9.64976882935
2019/09/06/14:49:36.446426,9.65016841888
2019/09/06/14:49:36.450292,9.65056800842
2019/09/06/14:49:36.454133,9.65096759796
2019/09/06/14:49:36.458282,9.6513671875
2019/09/06/14:49:36.462174,9.65176677704
2019/09/06/14:49:36.466168,9.65216636658
2019/09/06/14:49:36.470212,9.65256595612
2019/09/06/14:49:36.474164,9.65296554565
2019/09/06/14:49:36.478093,9.65336513519
2019/09/06/14:49:36.482394,9.65376472473
2019/09/06/14:49:36.485974,9.65416431427
2019/09/06/14:49:36.490195,9.65456390381
2019/09/06/14:49:36.494190,9.65496349335
2019/09/06/14:49:36.498340,9.65536308289
2019/09/06/14:49:36.502235,9.65576267242
2019/09/06/14:49:36.506335,9.65616226196
2019/09/06/14:49:36.510278,9.6565618515
2019/09/06/14:49:36.514249,9.65696144104
2019/09/06/14:49:36.518053,9.65736103058
2019/09/06/14:49:36.522099,9.65776062012
2019/09/06/14:49:36.526444,9.65816020966
2019/09/06/14:49:36.530271,9.65855979919
2019/09/06/14:49:36.534217,9.65895938873
2019/09/06/14:49:36.538296,9.65935897827
2019/09/06/14:49:36.541944,9.65975856781
2019/09/06/14:49:36.546378,9.66015815735
2019/09/06/14:49:36.549963,9.66055774689
2019/09/06/14:49:36.554077,9.66095733643
2019/09/06/14:49:36.558052,9.66135692596
2019/09/06/14:49:36.562111,9.6617565155
2019/09/06/14:49:36.566003,9.66215610504
2019/09/06/14:49:36.570018,9.66255569458
2019/09/06/14:49:36.573934,9.66295528412
2019/09/06/14:49:36.577992,9.66335487366
2019/09/06/14:49:36.581962,9.6637544632
2019/09/06/14:49:36.586203,9.66415405273
2019/09/06/14:49:36.589877,9.66455364227
2019/09/06/14:49:36.593991,9.66495323181
2019/09/06/14:49:36.598069,9.66535282135
2019/09/06/14:49:36.601967,9.66575241089
2019/09/06/14:49:36.606230,9.66615200043
2019/09/06/14:49:36.609998,9.66655158997
2019/09/06/14:49:36.613958,9.6669511795
2019/09/06/14:49:36.618099,9.66735076904
2019/09/06/14:49:36.621987,9.66775035858
2019/09/06/14:49:36.625969,9.66814994812
2019/09/06/14:49:36.630024,9.66854953766
2019/09/06/14:49:36.634046,9.6689491272
2019/09/06/14:49:36.638046,9.66934871674
2019/09/06/14:49:36.642133,9.66974830627
2019/09/06/14:49:36.646115,9.67014789581
2019/09/06/14:49:36.650143,9.67054748535
2019/09/06/14:49:36.654091,9.67094707489
2019/09/06/14:49:36.658063,9.67134666443
2019/09/06/14:49:36.662143,9.67174625397
2019/09/06/14:49:36.666253,9.67214584351
2019/09/06/14:49:36.670189,9.67254543304
2019/09/06/14:49:36.674208,9.67294502258
2019/09/06/14:49:36.678105,9.67334461212
2019/09/06/14:49:36.682170,9.67374420166
2019/09/06/14:49:36.686056,9.6741437912
2019/09/06/14:49:36.691202,9.67454338074
2019/09/06/14:49:36.694106,9.67494297028
2019/09/06/14:49:36.698351,9.67534255981
2019/09/06/14:49:36.702111,9.67574214935
2019/09/06/14:49:36.706198,9.67614173889
2019/09/06/14:49:36.710319,9.67654132843
2019/09/06/14:49:36.714219,9.67694091797
2019/09/06/14:49:36.718179,9.67734050751
2019/09/06/14:49:36.722158,9.67774009705
2019/09/06/14:49:36.726024,9.67813968658
2019/09/06/14:49:36.730281,9.67853927612
2019/09/06/14:49:36.734226,9.67893886566
2019/09/06/14:49:36.738171,9.6793384552
2019/09/06/14:49:36.742198,9.67973804474
2019/09/06/14:49:36.746228,9.68013763428
2019/09/06/14:49:36.750122,9.68053722382
2019/09/06/14:49:36.754179,9.68093681335
2019/09/06/14:49:36.758154,9.68133640289
2019/09/06/14:49:36.762246,9.68173599243
2019/09/06/14:49:36.766248,9.68213558197
2019/09/06/14:49:36.770242,9.68253517151
2019/09/06/14:49:36.774329,9.68293476105
2019/09/06/14:49:36.778331,9.68333435059
2019/09/06/14:49:36.782230,9.68373394012
2019/09/06/14:49:36.786363,9.68413352966
2019/09/06/14:49:36.790224,9.6845331192
2019/09/06/14:49:36.794339,9.68493270874
2019/09/06/14:49:36.798125,9.68533229828
2019/09/06/14:49:36.802130,9.68573188782
2019/09/06/14:49:36.805962,9.68613147736
2019/09/06/14:49:36.810178,9.68653106689
2019/09/06/14:49:36.814179,9.68693065643
2019/09/06/14:49:36.818018,9.68733024597
2019/09/06/14:49:36.821985,9.68772983551
2019/09/06/14:49:36.825995,9.68812942505
2019/09/06/14:49:36.830222,9.68852901459
2019/09/06/14:49:36.834003,9.68892860413
2019/09/06/14:49:36.838087,9.68932819366
2019/09/06/14:49:36.842030,9.6897277832
2019/09/06/14:49:36.846196,9.69012737274
2019/09/06/14:49:36.850269,9.69052696228
2019/09/06/14:49:36.854183,9.69092655182
2019/09/06/14:49:36.858155,9.69132614136
2019/09/06/14:49:36.862102,9.6917257309
2019/09/06/14:49:36.866165,9.69212532043
2019/09/06/14:49:36.870087,9.69252490997
2019/09/06/14:49:36.874059,9.69292449951
2019/09/06/14:49:36.878361,9.69332408905
2019/09/06/14:49:36.882387,9.69372367859
2019/09/06/14:49:36.886150,9.69412326813
2019/09/06/14:49:36.890203,9.69452285767
2019/09/06/14:49:36.894161,9.6949224472
2019/09/06/14:49:36.898218,9.69532203674
2019/09/06/14:49:36.902264,9.69572162628
2019/09/06/14:49:36.906126,9.69612121582
2019/09/06/14:49:36.910256,9.69652080536
2019/09/06/14:49:36.914110,9.6969203949
2019/09/06/14:49:36.918305,9.69731998444
2019/09/06/14:49:36.922297,9.69771957397
2019/09/06/14:49:36.926503,9.69811916351
2019/09/06/14:49:36.930197,9.69851875305
2019/09/06/14:49:36.934112,9.69891834259
2019/09/06/14:49:36.938138,9.69931793213
2019/09/06/14:49:36.942368,9.69971752167
2019/09/06/14:49:36.946298,9.70011711121
2019/09/06/14:49:36.950095,9.70051670074
2019/09/06/14:49:36.953999,9.70091629028
2019/09/06/14:49:36.958070,9.70131587982
2019/09/06/14:49:36.962131,9.70171546936
2019/09/06/14:49:36.966316,9.7021150589
2019/09/06/14:49:36.970148,9.70251464844
2019/09/06/14:49:36.973933,9.70291423798
2019/09/06/14:49:36.978192,9.70331382751
2019/09/06/14:49:36.982310,9.70371341705
2019/09/06/14:49:36.986433,9.70411300659
2019/09/06/14:49:36.990225,9.70451259613
2019/09/06/14:49:36.994005,9.70491218567
2019/09/06/14:49:36.998508,9.70531177521
2019/09/06/14:49:37.002126,9.70571136475
2019/09/06/14:49:37.006385,9.70611095428
2019/09/06/14:49:37.010306,9.70651054382
2019/09/06/14:49:37.014215,9.70691013336
2019/09/06/14:49:37.018294,9.7073097229
2019/09/06/14:49:37.021928,9.70770931244
2019/09/06/14:49:37.026048,9.70810890198
2019/09/06/14:49:37.030236,9.70850849152
2019/09/06/14:49:37.034238,9.70890808105
2019/09/06/14:49:37.038242,9.70930767059
2019/09/06/14:49:37.042408,9.70970726013
2019/09/06/14:49:37.046021,9.71010684967
2019/09/06/14:49:37.050180,9.71050643921
2019/09/06/14:49:37.054293,9.71090602875
2019/09/06/14:49:37.058219,9.71130561829
2019/09/06/14:49:37.062192,9.71170520782
2019/09/06/14:49:37.066321,9.71210479736
2019/09/06/14:49:37.070403,9.7125043869
2019/09/06/14:49:37.074069,9.71290397644
2019/09/06/14:49:37.078147,9.71330356598
2019/09/06/14:49:37.082266,9.71370315552
2019/09/06/14:49:37.085938,9.71410274506
2019/09/06/14:49:37.090102,9.71450233459
2019/09/06/14:49:37.093980,9.71490192413
2019/09/06/14:49:37.098088,9.71530151367
2019/09/06/14:49:37.102125,9.71570110321
2019/09/06/14:49:37.106131,9.71610069275
2019/09/06/14:49:37.110103,9.71650028229
2019/09/06/14:49:37.114216,9.71689987183
2019/09/06/14:49:37.118480,9.71729946136
2019/09/06/14:49:37.122247,9.7176990509
2019/09/06/14:49:37.126084,9.71809864044
2019/09/06/14:49:37.130133,9.71849822998
2019/09/06/14:49:37.134225,9.71889781952
2019/09/06/14:49:37.138227,9.71929740906
2019/09/06/14:49:37.142133,9.7196969986
2019/09/06/14:49:37.146292,9.72009658813
2019/09/06/14:49:37.150191,9.72049617767
2019/09/06/14:49:37.154382,9.72089576721
2019/09/06/14:49:37.158180,9.72129535675
2019/09/06/14:49:37.162095,9.72169494629
2019/09/06/14:49:37.166178,9.72209453583
2019/09/06/14:49:37.170162,9.72249412537
2019/09/06/14:49:37.174153,9.7228937149
2019/09/06/14:49:37.178175,9.72329330444
2019/09/06/14:49:37.182158,9.72369289398
2019/09/06/14:49:37.186236,9.72409248352
2019/09/06/14:49:37.190183,9.72449207306
2019/09/06/14:49:37.194086,9.7248916626
2019/09/06/14:49:37.198265,9.72529125214
2019/09/06/14:49:37.202358,9.72569084167
2019/09/06/14:49:37.206020,9.72609043121
2019/09/06/14:49:37.210168,9.72649002075
2019/09/06/14:49:37.214173,9.72688961029
2019/09/06/14:49:37.218287,9.72728919983
2019/09/06/14:49:37.222245,9.72768878937
2019/09/06/14:49:37.226227,9.72808837891
2019/09/06/14:49:37.230163,9.72848796844
2019/09/06/14:49:37.234267,9.72888755798
2019/09/06/14:49:37.238246,9.72928714752
2019/09/06/14:49:37.242232,9.72968673706
2019/09/06/14:49:37.246143,9.7300863266
2019/09/06/14:49:37.250082,9.73048591614
2019/09/06/14:49:37.254167,9.73088550568
2019/09/06/14:49:37.258265,9.73128509521
2019/09/06/14:49:37.262256,9.73168468475
2019/09/06/14:49:37.266223,9.73208427429
2019/09/06/14:49:37.270132,9.73248386383
2019/09/06/14:49:37.274110,9.73288345337
2019/09/06/14:49:37.278153,9.73328304291
2019/09/06/14:49:37.282217,9.73368263245
2019/09/06/14:49:37.286113,9.73408222198
2019/09/06/14:49:37.290238,9.73448181152
2019/09/06/14:49:37.294084,9.73488140106
2019/09/06/14:49:37.298324,9.7352809906
2019/09/06/14:49:37.302156,9.73568058014
2019/09/06/14:49:37.306283,9.73608016968
2019/09/06/14:49:37.310353,9.73647975922
2019/09/06/14:49:37.314327,9.73687934875
2019/09/06/14:49:37.318266,9.73727893829
2019/09/06/14:49:37.322205,9.73767852783
2019/09/06/14:49:37.326181,9.73807811737
2019/09/06/14:49:37.330131,9.73847770691
2019/09/06/14:49:37.334250,9.73887729645
2019/09/06/14:49:37.338018,9.73927688599
2019/09/06/14:49:37.342205,9.73967647552
2019/09/06/14:49:37.345805,9.74007606506
2019/09/06/14:49:37.350314,9.7404756546
2019/09/06/14:49:37.354341,9.74087524414
2019/09/06/14:49:37.358112,9.74127483368
2019/09/06/14:49:37.362207,9.74167442322
2019/09/06/14:49:37.366215,9.74207401276
2019/09/06/14:49:37.370241,9.74247360229
2019/09/06/14:49:37.374256,9.74287319183
2019/09/06/14:49:37.378396,9.74327278137
2019/09/06/14:49:37.382136,9.74367237091
2019/09/06/14:49:37.386314,9.74407196045
2019/09/06/14:49:37.390194,9.74447154999
2019/09/06/14:49:37.394221,9.74487113953
2019/09/06/14:49:37.398298,9.74527072906
2019/09/06/14:49:37.402227,9.7456703186
2019/09/06/14:49:37.406027,9.74606990814
2019/09/06/14:49:37.410164,9.74646949768
2019/09/06/14:49:37.414220,9.74686908722
2019/09/06/14:49:37.418196,9.74726867676
2019/09/06/14:49:37.422117,9.7476682663
2019/09/06/14:49:37.426081,9.74806785583
2019/09/06/14:49:37.430173,9.74846744537
2019/09/06/14:49:37.434125,9.74886703491
2019/09/06/14:49:37.438362,9.74926662445
2019/09/06/14:49:37.442254,9.74966621399
2019/09/06/14:49:37.446468,9.75006580353
2019/09/06/14:49:37.450220,9.75046539307
2019/09/06/14:49:37.453935,9.7508649826
2019/09/06/14:49:37.458129,9.75126457214
2019/09/06/14:49:37.462177,9.75166416168
2019/09/06/14:49:37.466073,9.75206375122
2019/09/06/14:49:37.470128,9.75246334076
2019/09/06/14:49:37.474276,9.7528629303
2019/09/06/14:49:37.478259,9.75326251984
2019/09/06/14:49:37.482057,9.75366210938
2019/09/06/14:49:37.486114,9.75406169891
2019/09/06/14:49:37.490208,9.75446128845
2019/09/06/14:49:37.494110,9.75486087799
2019/09/06/14:49:37.498073,9.75526046753
2019/09/06/14:49:37.502297,9.75566005707
2019/09/06/14:49:37.506251,9.75605964661
2019/09/06/14:49:37.510303,9.75645923615
2019/09/06/14:49:37.514331,9.75685882568
2019/09/06/14:49:37.518272,9.75725841522
2019/09/06/14:49:37.522258,9.75765800476
2019/09/06/14:49:37.526376,9.7580575943
2019/09/06/14:49:37.530205,9.75845718384
2019/09/06/14:49:37.534260,9.75885677338
2019/09/06/14:49:37.537860,9.75925636292
2019/09/06/14:49:37.541985,9.75965595245
2019/09/06/14:49:37.546093,9.76005554199
2019/09/06/14:49:37.550125,9.76045513153
2019/09/06/14:49:37.554240,9.76085472107
2019/09/06/14:49:37.558320,9.76125431061
2019/09/06/14:49:37.562166,9.76165390015
2019/09/06/14:49:37.566112,9.76205348969
2019/09/06/14:49:37.570120,9.76245307922
2019/09/06/14:49:37.574133,9.76285266876
2019/09/06/14:49:37.577935,9.7632522583
2019/09/06/14:49:37.582052,9.76365184784
2019/09/06/14:49:37.586157,9.76405143738
2019/09/06/14:49:37.590314,9.76445102692
2019/09/06/14:49:37.593954,9.76485061646
2019/09/06/14:49:37.598030,9.76525020599
2019/09/06/14:49:37.602027,9.76564979553
2019/09/06/14:49:37.606021,9.76604938507
2019/09/06/14:49:37.610112,9.76644897461
2019/09/06/14:49:37.614225,9.76684856415
2019/09/06/14:49:37.618217,9.76724815369
2019/09/06/14:49:37.622183,9.76764774323
2019/09/06/14:49:37.626048,9.76804733276
2019/09/06/14:49:37.630090,9.7684469223
2019/09/06/14:49:37.634073,9.76884651184
2019/09/06/14:49:37.638216,9.76924610138
2019/09/06/14:49:37.642317,9.76964569092
2019/09/06/14:49:37.645955,9.77004528046
2019/09/06/14:49:37.650066,9.77044487
2019/09/06/14:49:37.654014,9.77084445953
2019/09/06/14:49:37.658026,9.77124404907
2019/09/06/14:49:37.662046,9.77164363861
2019/09/06/14:49:37.666128,9.77204322815
2019/09/06/14:49:37.670105,9.77244281769
2019/09/06/14:49:37.674329,9.77284240723
2019/09/06/14:49:37.678092,9.77324199677
2019/09/06/14:49:37.682033,9.7736415863
2019/09/06/14:49:37.685977,9.77404117584
2019/09/06/14:49:37.690091,9.77444076538
2019/09/06/14:49:37.693982,9.77484035492
2019/09/06/14:49:37.698069,9.77523994446
2019/09/06/14:49:37.702033,9.775639534
2019/09/06/14:49:37.705909,9.77603912354
2019/09/06/14:49:37.710212,9.77643871307
2019/09/06/14:49:37.714190,9.77683830261
2019/09/06/14:49:37.718041,9.77723789215
2019/09/06/14:49:37.722255,9.77763748169
2019/09/06/14:49:37.725962,9.77803707123
2019/09/06/14:49:37.730140,9.77843666077
2019/09/06/14:49:37.734024,9.77883625031
2019/09/06/14:49:37.738177,9.77923583984
2019/09/06/14:49:37.742135,9.77963542938
2019/09/06/14:49:37.746211,9.78003501892
2019/09/06/14:49:37.750306,9.78043460846
2019/09/06/14:49:37.754219,9.780834198
2019/09/06/14:49:37.758192,9.78123378754
2019/09/06/14:49:37.762294,9.78163337708
2019/09/06/14:49:37.766214,9.78203296661
2019/09/06/14:49:37.770166,9.78243255615
2019/09/06/14:49:37.774189,9.78283214569
2019/09/06/14:49:37.778306,9.78323173523
2019/09/06/14:49:37.782196,9.78363132477
2019/09/06/14:49:37.786073,9.78403091431
2019/09/06/14:49:37.790129,9.78443050385
2019/09/06/14:49:37.794320,9.78483009338
2019/09/06/14:49:37.798120,9.78522968292
2019/09/06/14:49:37.802074,9.78562927246
2019/09/06/14:49:37.806093,9.786028862
2019/09/06/14:49:37.810103,9.78642845154
2019/09/06/14:49:37.814140,9.78682804108
2019/09/06/14:49:37.818244,9.78722763062
2019/09/06/14:49:37.822143,9.78762722015
2019/09/06/14:49:37.826257,9.78802680969
2019/09/06/14:49:37.830199,9.78842639923
2019/09/06/14:49:37.833920,9.78882598877
2019/09/06/14:49:37.838037,9.78922557831
2019/09/06/14:49:37.842239,9.78962516785
2019/09/06/14:49:37.846128,9.79002475739
2019/09/06/14:49:37.849911,9.79042434692
2019/09/06/14:49:37.854103,9.79082393646
2019/09/06/14:49:37.857996,9.791223526
2019/09/06/14:49:37.862049,9.79162311554
2019/09/06/14:49:37.866013,9.79202270508
2019/09/06/14:49:37.870028,9.79242229462
2019/09/06/14:49:37.874102,9.79282188416
2019/09/06/14:49:37.877981,9.79322147369
2019/09/06/14:49:37.882100,9.79362106323
2019/09/06/14:49:37.886292,9.79402065277
2019/09/06/14:49:37.890186,9.79442024231
2019/09/06/14:49:37.894135,9.79481983185
2019/09/06/14:49:37.898027,9.79521942139
2019/09/06/14:49:37.902185,9.79561901093
2019/09/06/14:49:37.906172,9.79601860046
2019/09/06/14:49:37.910220,9.79641819
2019/09/06/14:49:37.914227,9.79681777954
2019/09/06/14:49:37.918069,9.79721736908
2019/09/06/14:49:37.922360,9.79761695862
2019/09/06/14:49:37.926121,9.79801654816
2019/09/06/14:49:37.930360,9.7984161377
2019/09/06/14:49:37.934224,9.79881572723
2019/09/06/14:49:37.938212,9.79921531677
2019/09/06/14:49:37.942081,9.79961490631
2019/09/06/14:49:37.946150,9.80001449585
2019/09/06/14:49:37.950308,9.80041408539
2019/09/06/14:49:37.954156,9.80081367493
2019/09/06/14:49:37.958200,9.80121326447
2019/09/06/14:49:37.962268,9.801612854
2019/09/06/14:49:37.966169,9.80201244354
2019/09/06/14:49:37.970109,9.80241203308
2019/09/06/14:49:37.974286,9.80281162262
2019/09/06/14:49:37.978218,9.80321121216
2019/09/06/14:49:37.982096,9.8036108017
2019/09/06/14:49:37.986106,9.80401039124
2019/09/06/14:49:37.990210,9.80440998077
2019/09/06/14:49:37.994247,9.80480957031
2019/09/06/14:49:37.998279,9.80520915985
2019/09/06/14:49:38.002056,9.80560874939
2019/09/06/14:49:38.006128,9.80600833893
2019/09/06/14:49:38.010265,9.80640792847
2019/09/06/14:49:38.014244,9.80680751801
2019/09/06/14:49:38.018483,9.80720710754
2019/09/06/14:49:38.022228,9.80760669708
2019/09/06/14:49:38.026260,9.80800628662
2019/09/06/14:49:38.030154,9.80840587616
2019/09/06/14:49:38.034106,9.8088054657
2019/09/06/14:49:38.038180,9.80920505524
2019/09/06/14:49:38.042573,9.80960464478
2019/09/06/14:49:38.046039,9.81000423431
2019/09/06/14:49:38.050169,9.81040382385
2019/09/06/14:49:38.054172,9.81080341339
2019/09/06/14:49:38.058105,9.81120300293
2019/09/06/14:49:38.063726,9.81160259247
2019/09/06/14:49:38.066044,9.81200218201
2019/09/06/14:49:38.070019,9.81240177155
2019/09/06/14:49:38.074314,9.81280136108
2019/09/06/14:49:38.078373,9.81320095062
2019/09/06/14:49:38.082127,9.81360054016
2019/09/06/14:49:38.086323,9.8140001297
2019/09/06/14:49:38.090060,9.81439971924
2019/09/06/14:49:38.093989,9.81479930878
2019/09/06/14:49:38.098111,9.81519889832
2019/09/06/14:49:38.102140,9.81559848785
2019/09/06/14:49:38.106073,9.81599807739
2019/09/06/14:49:38.109971,9.81639766693
2019/09/06/14:49:38.113980,9.81679725647
2019/09/06/14:49:38.118162,9.81719684601
2019/09/06/14:49:38.122293,9.81759643555
2019/09/06/14:49:38.125915,9.81799602509
2019/09/06/14:49:38.130214,9.81839561462
2019/09/06/14:49:38.134215,9.81879520416
2019/09/06/14:49:38.138061,9.8191947937
2019/09/06/14:49:38.142130,9.81959438324
2019/09/06/14:49:38.146205,9.81999397278
2019/09/06/14:49:38.150273,9.82039356232
2019/09/06/14:49:38.154108,9.82079315186
2019/09/06/14:49:38.158052,9.82119274139
2019/09/06/14:49:38.162062,9.82159233093
2019/09/06/14:49:38.166103,9.82199192047
2019/09/06/14:49:38.170216,9.82239151001
2019/09/06/14:49:38.174319,9.82279109955
2019/09/06/14:49:38.178085,9.82319068909
2019/09/06/14:49:38.182153,9.82359027863
2019/09/06/14:49:38.186188,9.82398986816
2019/09/06/14:49:38.190134,9.8243894577
2019/09/06/14:49:38.194324,9.82478904724
2019/09/06/14:49:38.198247,9.82518863678
2019/09/06/14:49:38.202148,9.82558822632
2019/09/06/14:49:38.206278,9.82598781586
2019/09/06/14:49:38.209954,9.8263874054
2019/09/06/14:49:38.214077,9.82678699493
2019/09/06/14:49:38.218393,9.82718658447
2019/09/06/14:49:38.222445,9.82758617401
2019/09/06/14:49:38.226176,9.82798576355
2019/09/06/14:49:38.230173,9.82838535309
2019/09/06/14:49:38.234150,9.82878494263
2019/09/06/14:49:38.238289,9.82918453217
2019/09/06/14:49:38.242393,9.8295841217
2019/09/06/14:49:38.245970,9.82998371124
2019/09/06/14:49:38.250152,9.83038330078
2019/09/06/14:49:38.254035,9.83078289032
2019/09/06/14:49:38.258138,9.83118247986
2019/09/06/14:49:38.262010,9.8315820694
2019/09/06/14:49:38.266150,9.83198165894
2019/09/06/14:49:38.270150,9.83238124847
2019/09/06/14:49:38.274201,9.83278083801
2019/09/06/14:49:38.278172,9.83318042755
2019/09/06/14:49:38.282154,9.83358001709
2019/09/06/14:49:38.286118,9.83397960663
2019/09/06/14:49:38.290102,9.83437919617
2019/09/06/14:49:38.294066,9.83477878571
2019/09/06/14:49:38.298142,9.83517837524
2019/09/06/14:49:38.302077,9.83557796478
2019/09/06/14:49:38.306148,9.83597755432
2019/09/06/14:49:38.310122,9.83637714386
2019/09/06/14:49:38.314133,9.8367767334
2019/09/06/14:49:38.318195,9.83717632294
2019/09/06/14:49:38.322195,9.83757591248
2019/09/06/14:49:38.326050,9.83797550201
2019/09/06/14:49:38.330026,9.83837509155
2019/09/06/14:49:38.334290,9.83877468109
2019/09/06/14:49:38.338066,9.83917427063
2019/09/06/14:49:38.342493,9.83957386017
2019/09/06/14:49:38.346183,9.83997344971
2019/09/06/14:49:38.350147,9.84037303925
2019/09/06/14:49:38.354118,9.84077262878
2019/09/06/14:49:38.358277,9.84117221832
2019/09/06/14:49:38.362415,9.84157180786
2019/09/06/14:49:38.366220,9.8419713974
2019/09/06/14:49:38.370390,9.84237098694
2019/09/06/14:49:38.374297,9.84277057648
2019/09/06/14:49:38.378100,9.84317016602
2019/09/06/14:49:38.382374,9.84356975555
2019/09/06/14:49:38.386406,9.84396934509
2019/09/06/14:49:38.390248,9.84436893463
2019/09/06/14:49:38.394110,9.84476852417
2019/09/06/14:49:38.398089,9.84516811371
2019/09/06/14:49:38.402169,9.84556770325
2019/09/06/14:49:38.406303,9.84596729279
2019/09/06/14:49:38.410232,9.84636688232
2019/09/06/14:49:38.414151,9.84676647186
2019/09/06/14:49:38.418196,9.8471660614
2019/09/06/14:49:38.422194,9.84756565094
2019/09/06/14:49:38.426390,9.84796524048
2019/09/06/14:49:38.430090,9.84836483002
2019/09/06/14:49:38.434150,9.84876441956
2019/09/06/14:49:38.438208,9.84916400909
2019/09/06/14:49:38.442142,9.84956359863
2019/09/06/14:49:38.446254,9.84996318817
2019/09/06/14:49:38.450093,9.85036277771
2019/09/06/14:49:38.454067,9.85076236725
2019/09/06/14:49:38.458048,9.85116195679
2019/09/06/14:49:38.461996,9.85156154633
2019/09/06/14:49:38.465991,9.85196113586
2019/09/06/14:49:38.470148,9.8523607254
2019/09/06/14:49:38.474127,9.85276031494
2019/09/06/14:49:38.478112,9.85315990448
2019/09/06/14:49:38.482288,9.85355949402
2019/09/06/14:49:38.486118,9.85395908356
2019/09/06/14:49:38.490093,9.8543586731
2019/09/06/14:49:38.494212,9.85475826263
2019/09/06/14:49:38.498178,9.85515785217
2019/09/06/14:49:38.502316,9.85555744171
2019/09/06/14:49:38.506192,9.85595703125
2019/09/06/14:49:38.510071,9.85635662079
2019/09/06/14:49:38.514009,9.85675621033
2019/09/06/14:49:38.518019,9.85715579987
2019/09/06/14:49:38.522328,9.8575553894
2019/09/06/14:49:38.526197,9.85795497894
2019/09/06/14:49:38.530420,9.85835456848
2019/09/06/14:49:38.534008,9.85875415802
2019/09/06/14:49:38.538064,9.85915374756
2019/09/06/14:49:38.542055,9.8595533371
2019/09/06/14:49:38.546196,9.85995292664
2019/09/06/14:49:38.550249,9.86035251617
2019/09/06/14:49:38.554123,9.86075210571
2019/09/06/14:49:38.558112,9.86115169525
2019/09/06/14:49:38.562145,9.86155128479
2019/09/06/14:49:38.566106,9.86195087433
2019/09/06/14:49:38.570143,9.86235046387
2019/09/06/14:49:38.574142,9.86275005341
2019/09/06/14:49:38.578228,9.86314964294
2019/09/06/14:49:38.582212,9.86354923248
2019/09/06/14:49:38.586232,9.86394882202
2019/09/06/14:49:38.590146,9.86434841156
2019/09/06/14:49:38.594084,9.8647480011
2019/09/06/14:49:38.598007,9.86514759064
2019/09/06/14:49:38.602320,9.86554718018
2019/09/06/14:49:38.606161,9.86594676971
2019/09/06/14:49:38.610105,9.86634635925
2019/09/06/14:49:38.614434,9.86674594879
2019/09/06/14:49:38.618129,9.86714553833
2019/09/06/14:49:38.622490,9.86754512787
2019/09/06/14:49:38.626144,9.86794471741
2019/09/06/14:49:38.630251,9.86834430695
2019/09/06/14:49:38.634294,9.86874389648
2019/09/06/14:49:38.637943,9.86914348602
2019/09/06/14:49:38.642946,9.86954307556
2019/09/06/14:49:38.646166,9.8699426651
2019/09/06/14:49:38.650126,9.87034225464
2019/09/06/14:49:38.654038,9.87074184418
2019/09/06/14:49:38.658035,9.87114143372
2019/09/06/14:49:38.662331,9.87154102325
2019/09/06/14:49:38.666079,9.87194061279
2019/09/06/14:49:38.670079,9.87234020233
2019/09/06/14:49:38.674306,9.87273979187
2019/09/06/14:49:38.678057,9.87313938141
2019/09/06/14:49:38.682332,9.87353897095
2019/09/06/14:49:38.686013,9.87393856049
2019/09/06/14:49:38.691450,9.87433815002
2019/09/06/14:49:38.694074,9.87473773956
2019/09/06/14:49:38.698111,9.8751373291
2019/09/06/14:49:38.702189,9.87553691864
2019/09/06/14:49:38.706409,9.87593650818
2019/09/06/14:49:38.710194,9.87633609772
2019/09/06/14:49:38.714217,9.87673568726
2019/09/06/14:49:38.718243,9.87713527679
2019/09/06/14:49:38.722148,9.87753486633
2019/09/06/14:49:38.726227,9.87793445587
2019/09/06/14:49:38.730146,9.87833404541
2019/09/06/14:49:38.734487,9.87873363495
2019/09/06/14:49:38.738434,9.87913322449
2019/09/06/14:49:38.742126,9.87953281403
2019/09/06/14:49:38.746206,9.87993240356
2019/09/06/14:49:38.750211,9.8803319931
2019/09/06/14:49:38.754270,9.88073158264
2019/09/06/14:49:38.758165,9.88113117218
2019/09/06/14:49:38.762181,9.88153076172
2019/09/06/14:49:38.766307,9.88193035126
2019/09/06/14:49:38.770304,9.8823299408
2019/09/06/14:49:38.774216,9.88272953033
2019/09/06/14:49:38.778213,9.88312911987
2019/09/06/14:49:38.782367,9.88352870941
2019/09/06/14:49:38.786154,9.88392829895
2019/09/06/14:49:38.790220,9.88432788849
2019/09/06/14:49:38.794215,9.88472747803
2019/09/06/14:49:38.798113,9.88512706757
2019/09/06/14:49:38.802135,9.8855266571
2019/09/06/14:49:38.806125,9.88592624664
2019/09/06/14:49:38.810068,9.88632583618
2019/09/06/14:49:38.814181,9.88672542572
2019/09/06/14:49:38.818357,9.88712501526
2019/09/06/14:49:38.822227,9.8875246048
2019/09/06/14:49:38.826388,9.88792419434
2019/09/06/14:49:38.830259,9.88832378387
2019/09/06/14:49:38.834142,9.88872337341
2019/09/06/14:49:38.838407,9.88912296295
2019/09/06/14:49:38.842191,9.88952255249
2019/09/06/14:49:38.846333,9.88992214203
2019/09/06/14:49:38.850178,9.89032173157
2019/09/06/14:49:38.854182,9.89072132111
2019/09/06/14:49:38.858340,9.89112091064
2019/09/06/14:49:38.862278,9.89152050018
2019/09/06/14:49:38.866145,9.89192008972
2019/09/06/14:49:38.870255,9.89231967926
2019/09/06/14:49:38.874053,9.8927192688
2019/09/06/14:49:38.878139,9.89311885834
2019/09/06/14:49:38.882244,9.89351844788
2019/09/06/14:49:38.886139,9.89391803741
2019/09/06/14:49:38.890292,9.89431762695
2019/09/06/14:49:38.894113,9.89471721649
2019/09/06/14:49:38.898124,9.89511680603
2019/09/06/14:49:38.902137,9.89551639557
2019/09/06/14:49:38.906253,9.89591598511
2019/09/06/14:49:38.910112,9.89631557465
2019/09/06/14:49:38.914044,9.89671516418
2019/09/06/14:49:38.918040,9.89711475372
2019/09/06/14:49:38.922142,9.89751434326
2019/09/06/14:49:38.926184,9.8979139328
2019/09/06/14:49:38.930111,9.89831352234
2019/09/06/14:49:38.934072,9.89871311188
2019/09/06/14:49:38.938073,9.89911270142
2019/09/06/14:49:38.942177,9.89951229095
2019/09/06/14:49:38.946136,9.89991188049
2019/09/06/14:49:38.950021,9.90031147003
2019/09/06/14:49:38.954001,9.90071105957
2019/09/06/14:49:38.958170,9.90111064911
2019/09/06/14:49:38.962435,9.90151023865
2019/09/06/14:49:38.966156,9.90190982819
2019/09/06/14:49:38.969944,9.90230941772
2019/09/06/14:49:38.973969,9.90270900726
2019/09/06/14:49:38.978056,9.9031085968
2019/09/06/14:49:38.982017,9.90350818634
2019/09/06/14:49:38.986235,9.90390777588
2019/09/06/14:49:38.990012,9.90430736542
2019/09/06/14:49:38.994223,9.90470695496
2019/09/06/14:49:38.998188,9.90510654449
2019/09/06/14:49:39.002232,9.90550613403
2019/09/06/14:49:39.006191,9.90590572357
2019/09/06/14:49:39.010206,9.90630531311
2019/09/06/14:49:39.014197,9.90670490265
2019/09/06/14:49:39.018157,9.90710449219
2019/09/06/14:49:39.022217,9.90750408173
2019/09/06/14:49:39.026134,9.90790367126
2019/09/06/14:49:39.030172,9.9083032608
2019/09/06/14:49:39.034234,9.90870285034
2019/09/06/14:49:39.038150,9.90910243988
2019/09/06/14:49:39.042144,9.90950202942
2019/09/06/14:49:39.046183,9.90990161896
2019/09/06/14:49:39.050144,9.9103012085
2019/09/06/14:49:39.054275,9.91070079803
2019/09/06/14:49:39.058095,9.91110038757
2019/09/06/14:49:39.062273,9.91149997711
2019/09/06/14:49:39.066137,9.91189956665
2019/09/06/14:49:39.070312,9.91229915619
2019/09/06/14:49:39.074286,9.91269874573
2019/09/06/14:49:39.078382,9.91309833527
2019/09/06/14:49:39.082330,9.9134979248
2019/09/06/14:49:39.086006,9.91389751434
2019/09/06/14:49:39.089996,9.91429710388
2019/09/06/14:49:39.094138,9.91469669342
2019/09/06/14:49:39.098097,9.91509628296
2019/09/06/14:49:39.102180,9.9154958725
2019/09/06/14:49:39.106108,9.91589546204
2019/09/06/14:49:39.110091,9.91629505157
2019/09/06/14:49:39.114390,9.91669464111
2019/09/06/14:49:39.118275,9.91709423065
2019/09/06/14:49:39.122191,9.91749382019
2019/09/06/14:49:39.126508,9.91789340973
2019/09/06/14:49:39.130268,9.91829299927
2019/09/06/14:49:39.134271,9.91869258881
2019/09/06/14:49:39.138198,9.91909217834
2019/09/06/14:49:39.142228,9.91949176788
2019/09/06/14:49:39.146456,9.91989135742
2019/09/06/14:49:39.150547,9.92029094696
2019/09/06/14:49:39.154295,9.9206905365
2019/09/06/14:49:39.158145,9.92109012604
2019/09/06/14:49:39.162187,9.92148971558
2019/09/06/14:49:39.166272,9.92188930511
2019/09/06/14:49:39.170656,9.92228889465
2019/09/06/14:49:39.174345,9.92268848419
2019/09/06/14:49:39.178210,9.92308807373
2019/09/06/14:49:39.182430,9.92348766327
2019/09/06/14:49:39.186217,9.92388725281
2019/09/06/14:49:39.190125,9.92428684235
2019/09/06/14:49:39.194241,9.92468643188
2019/09/06/14:49:39.198171,9.92508602142
2019/09/06/14:49:39.202006,9.92548561096
2019/09/06/14:49:39.206217,9.9258852005
2019/09/06/14:49:39.210078,9.92628479004
2019/09/06/14:49:39.214018,9.92668437958
2019/09/06/14:49:39.218032,9.92708396912
2019/09/06/14:49:39.222026,9.92748355865
2019/09/06/14:49:39.226224,9.92788314819
2019/09/06/14:49:39.230178,9.92828273773
2019/09/06/14:49:39.234289,9.92868232727
2019/09/06/14:49:39.238279,9.92908191681
2019/09/06/14:49:39.242313,9.92948150635
2019/09/06/14:49:39.246297,9.92988109589
2019/09/06/14:49:39.250288,9.93028068542
2019/09/06/14:49:39.254165,9.93068027496
2019/09/06/14:49:39.258107,9.9310798645
2019/09/06/14:49:39.262216,9.93147945404
2019/09/06/14:49:39.266172,9.93187904358
2019/09/06/14:49:39.270372,9.93227863312
2019/09/06/14:49:39.274294,9.93267822266
2019/09/06/14:49:39.278186,9.93307781219
2019/09/06/14:49:39.282187,9.93347740173
2019/09/06/14:49:39.286201,9.93387699127
2019/09/06/14:49:39.290261,9.93427658081
2019/09/06/14:49:39.293932,9.93467617035
2019/09/06/14:49:39.298131,9.93507575989
2019/09/06/14:49:39.302231,9.93547534943
2019/09/06/14:49:39.306192,9.93587493896
2019/09/06/14:49:39.310140,9.9362745285
2019/09/06/14:49:39.314161,9.93667411804
2019/09/06/14:49:39.317981,9.93707370758
2019/09/06/14:49:39.322094,9.93747329712
2019/09/06/14:49:39.326265,9.93787288666
2019/09/06/14:49:39.330065,9.9382724762
2019/09/06/14:49:39.334064,9.93867206573
2019/09/06/14:49:39.338171,9.93907165527
2019/09/06/14:49:39.341976,9.93947124481
2019/09/06/14:49:39.345765,9.93987083435
2019/09/06/14:49:39.350290,9.94027042389
2019/09/06/14:49:39.353883,9.94067001343
2019/09/06/14:49:39.358363,9.94106960297
2019/09/06/14:49:39.362206,9.9414691925
2019/09/06/14:49:39.366205,9.94186878204
2019/09/06/14:49:39.370443,9.94226837158
2019/09/06/14:49:39.374262,9.94266796112
2019/09/06/14:49:39.378101,9.94306755066
2019/09/06/14:49:39.382182,9.9434671402
2019/09/06/14:49:39.386196,9.94386672974
2019/09/06/14:49:39.390239,9.94426631927
2019/09/06/14:49:39.394087,9.94466590881
2019/09/06/14:49:39.398156,9.94506549835
2019/09/06/14:49:39.402149,9.94546508789
2019/09/06/14:49:39.406169,9.94586467743
2019/09/06/14:49:39.410374,9.94626426697
2019/09/06/14:49:39.414374,9.94666385651
2019/09/06/14:49:39.418408,9.94706344604
2019/09/06/14:49:39.422245,9.94746303558
2019/09/06/14:49:39.426248,9.94786262512
2019/09/06/14:49:39.430263,9.94826221466
2019/09/06/14:49:39.434223,9.9486618042
2019/09/06/14:49:39.438276,9.94906139374
2019/09/06/14:49:39.442284,9.94946098328
2019/09/06/14:49:39.446147,9.94986057281
2019/09/06/14:49:39.450209,9.95026016235
2019/09/06/14:49:39.454170,9.95065975189
2019/09/06/14:49:39.458107,9.95105934143
2019/09/06/14:49:39.462210,9.95145893097
2019/09/06/14:49:39.466154,9.95185852051
2019/09/06/14:49:39.470229,9.95225811005
2019/09/06/14:49:39.474457,9.95265769958
2019/09/06/14:49:39.477925,9.95305728912
2019/09/06/14:49:39.482139,9.95345687866
2019/09/06/14:49:39.486083,9.9538564682
2019/09/06/14:49:39.490178,9.95425605774
2019/09/06/14:49:39.494064,9.95465564728
2019/09/06/14:49:39.498445,9.95505523682
2019/09/06/14:49:39.502191,9.95545482635
2019/09/06/14:49:39.506154,9.95585441589
2019/09/06/14:49:39.510220,9.95625400543
2019/09/06/14:49:39.514268,9.95665359497
2019/09/06/14:49:39.518502,9.95705318451
2019/09/06/14:49:39.522063,9.95745277405
2019/09/06/14:49:39.526073,9.95785236359
2019/09/06/14:49:39.530000,9.95825195312
2019/09/06/14:49:39.533983,9.95865154266
2019/09/06/14:49:39.538112,9.9590511322
2019/09/06/14:49:39.541966,9.95945072174
2019/09/06/14:49:39.546221,9.95985031128
2019/09/06/14:49:39.550085,9.96024990082
2019/09/06/14:49:39.554111,9.96064949036
2019/09/06/14:49:39.558276,9.9610490799
2019/09/06/14:49:39.562128,9.96144866943
2019/09/06/14:49:39.566217,9.96184825897
2019/09/06/14:49:39.570106,9.96224784851
2019/09/06/14:49:39.574105,9.96264743805
2019/09/06/14:49:39.578362,9.96304702759
2019/09/06/14:49:39.582314,9.96344661713
2019/09/06/14:49:39.586230,9.96384620667
2019/09/06/14:49:39.590354,9.9642457962
2019/09/06/14:49:39.594207,9.96464538574
2019/09/06/14:49:39.598158,9.96504497528
2019/09/06/14:49:39.602187,9.96544456482
2019/09/06/14:49:39.605970,9.96584415436
2019/09/06/14:49:39.610475,9.9662437439
2019/09/06/14:49:39.614305,9.96664333344
2019/09/06/14:49:39.618605,9.96704292297
2019/09/06/14:49:39.622231,9.96744251251
2019/09/06/14:49:39.626312,9.96784210205
2019/09/06/14:49:39.630019,9.96824169159
